시도명,시군구명,읍면동명,투표구명,선거인수,투표수,더불어민주당이재명,국민의힘김문수,개혁신당이준석,민주노동당권영국,무소속송진호,계,무효투표수,기권자수
서울특별시,종로구,거소·선상투표,,148,140,64,44,27,1,0,136,4,8
서울특별시,종로구,관외사전투표,,13110,13108,7527,3378,1810,260,12,12987,121,2
서울특별시,종로구,재외투표,,2073,1592,1033,363,148,37,1,1582,10,481
서울특별시,종로구,청운효자동,관내사전투표,3190,3190,2175,689,211,92,4,3171,19,0
서울특별시,종로구,청운효자동,청운효자동제1투,2074,1410,454,789,117,37,1,1398,12,664
서울특별시,종로구,청운효자동,청운효자동제2투,1731,1122,369,638,79,28,0,1114,8,609
서울특별시,종로구,청운효자동,청운효자동제3투,1852,1300,481,673,96,33,3,1286,14,552
서울특별시,종로구,사직동,관내사전투표,1769,1769,1057,492,160,47,2,1758,11,0
서울특별시,종로구,사직동,사직동제1투,1546,1053,357,577,84,22,4,1044,9,493
서울특별시,종로구,사직동,사직동제2투,3622,2340,516,1569,186,45,1,2317,23,1282
서울특별시,종로구,삼청동,관내사전투표,539,539,325,148,49,14,1,537,2,0
서울특별시,종로구,삼청동,삼청동투표소,1180,750,222,463,47,14,0,746,4,430
서울특별시,종로구,부암동,관내사전투표,1834,1833,1262,440,95,27,0,1824,9,1
서울특별시,종로구,부암동,부암동제1투,1452,942,300,558,60,13,0,931,11,510
서울특별시,종로구,부암동,부암동제2투,1753,1240,496,641,76,19,0,1232,8,513
서울특별시,종로구,부암동,부암동제3투,1755,1189,371,697,80,34,0,1182,7,566
서울특별시,종로구,평창동,관내사전투표,3035,3035,1922,876,169,44,2,3013,22,0
서울특별시,종로구,평창동,평창동제1투,1980,1281,341,820,90,24,1,1276,5,699
서울특별시,종로구,평창동,평창동제2투,2897,1939,389,1396,118,22,2,1927,12,958
서울특별시,종로구,평창동,평창동제3투,1714,1226,373,737,85,26,0,1221,5,488
서울특별시,종로구,평창동,평창동제4투,1620,1145,398,624,92,19,1,1134,11,475
서울특별시,종로구,평창동,평창동제5투,1679,1162,297,770,70,19,1,1157,5,517
서울특별시,종로구,무악동,관내사전투표,2006,2006,1300,486,181,31,1,1999,7,0
서울특별시,종로구,무악동,무악동제1투,1679,1272,416,690,123,28,2,1259,13,407
서울특별시,종로구,무악동,무악동제2투,2175,1548,517,860,117,38,0,1532,16,627
서울특별시,종로구,교남동,관내사전투표,2195,2195,1438,534,165,43,0,2180,15,0
서울특별시,종로구,교남동,교남동제1투,1348,852,331,442,54,15,2,844,8,496
서울특별시,종로구,교남동,교남동제2투,1226,820,252,472,73,16,0,813,7,406
서울특별시,종로구,교남동,교남동제3투,2568,2024,564,1166,252,29,2,2013,11,544
서울특별시,종로구,가회동,관내사전투표,1288,1288,900,267,89,22,2,1280,8,0
서울특별시,종로구,가회동,가회동투표소,1957,1209,387,699,73,35,4,1198,11,748
서울특별시,종로구,종로1·2·3·4가동,관내사전투표,1589,1589,998,446,120,16,1,1581,8,0
서울특별시,종로구,종로1·2·3·4가동,종로1·2·3·4가동제1투,1739,939,252,581,92,8,1,934,5,800
서울특별시,종로구,종로1·2·3·4가동,종로1·2·3·4가동제2투,2224,1237,356,748,108,17,1,1230,7,987
서울특별시,종로구,종로5·6가동,관내사전투표,1253,1253,788,330,114,13,1,1246,7,0
서울특별시,종로구,종로5·6가동,종로5·6가동제1투,1790,1099,348,546,172,22,3,1091,8,691
서울특별시,종로구,종로5·6가동,종로5·6가동제2투,1170,687,225,402,48,6,1,682,5,483
서울특별시,종로구,이화동,관내사전투표,2273,2273,1423,524,265,43,1,2256,17,0
서울특별시,종로구,이화동,이화동제1투,1977,1319,489,647,144,26,2,1308,11,658
서울특별시,종로구,이화동,이화동제2투,1891,1241,411,642,148,19,3,1223,18,650
서울특별시,종로구,혜화동,관내사전투표,4304,4304,2667,866,606,115,1,4255,49,0
서울특별시,종로구,혜화동,혜화동제1투,2035,1391,495,707,143,30,1,1376,15,644
서울특별시,종로구,혜화동,혜화동제2투,2018,1350,425,715,169,28,2,1339,11,668
서울특별시,종로구,혜화동,혜화동제3투,1835,1222,346,655,180,26,0,1207,15,613
서울특별시,종로구,혜화동,혜화동제4투,1430,962,306,477,152,14,0,949,13,468
서울특별시,종로구,혜화동,혜화동제5투,1263,821,299,387,104,20,2,812,9,442
서울특별시,종로구,창신제1동,관내사전투표,2107,2107,1437,474,152,30,1,2094,13,0
서울특별시,종로구,창신제1동,창신제1동제1투,663,323,125,182,15,0,1,323,0,340
서울특별시,종로구,창신제1동,창신제1동제2투,1836,1207,476,583,120,13,2,1194,13,629
서울특별시,종로구,창신제2동,관내사전투표,1925,1925,1435,391,82,3,3,1914,11,0
서울특별시,종로구,창신제2동,창신제2동제1투,999,590,232,302,44,4,0,582,8,409
서울특별시,종로구,창신제2동,창신제2동제2투,1667,1045,459,505,56,14,1,1035,10,622
서울특별시,종로구,창신제2동,창신제2동제3투,1395,794,328,384,65,9,1,787,7,601
서울특별시,종로구,창신제3동,관내사전투표,1625,1625,1144,369,88,18,0,1619,6,0
서울특별시,종로구,창신제3동,창신제3동제1투,1165,714,303,346,61,3,0,713,1,451
서울특별시,종로구,창신제3동,창신제3동제2투,2093,1478,533,766,159,10,1,1469,9,615
서울특별시,종로구,숭인제1동,관내사전투표,1433,1433,995,321,87,21,0,1424,9,0
서울특별시,종로구,숭인제1동,숭인제1동제1투,1692,993,338,545,92,7,3,985,8,699
서울특별시,종로구,숭인제1동,숭인제1동제2투,1343,851,326,435,75,11,2,849,2,492
서울특별시,종로구,숭인제2동,관내사전투표,2264,2264,1542,494,186,24,1,2247,17,0
서울특별시,종로구,숭인제2동,숭인제2동제1투,2627,1706,618,794,240,28,1,1681,25,921
서울특별시,종로구,숭인제2동,숭인제2동제2투,1746,1062,388,558,92,11,1,1050,12,684
서울특별시,종로구,숭인제2동,숭인제2동제3투,1535,938,394,454,71,11,2,932,6,597
서울특별시,중구,거소·선상투표,,122,113,60,32,14,0,0,106,7,9
서울특별시,중구,관외사전투표,,11815,11815,6774,3223,1516,176,12,11701,114,0
서울특별시,중구,재외투표,,1476,1084,665,296,98,15,1,1075,9,392
서울특별시,중구,소공동,관내사전투표,540,540,335,126,65,12,0,538,2,0
서울특별시,중구,소공동,소공동제1투,327,175,54,96,19,5,0,174,1,152
서울특별시,중구,소공동,소공동제2투,988,706,209,404,71,14,1,699,7,282
서울특별시,중구,회현동,관내사전투표,949,949,576,284,75,8,1,944,5,0
서울특별시,중구,회현동,회현동제1투,2154,1292,332,834,99,10,1,1276,16,862
서울특별시,중구,회현동,회현동제2투,470,230,69,143,10,3,1,226,4,240
서울특별시,중구,명동,관내사전투표,626,626,396,186,34,6,0,622,4,0
서울특별시,중구,명동,명동제1투,1184,725,146,520,51,5,1,723,2,459
서울특별시,중구,명동,명동제2투,84,39,10,25,2,1,0,38,1,45
서울특별시,중구,필동,관내사전투표,1711,1711,1098,364,214,17,0,1693,18,0
서울특별시,중구,필동,필동제1투,1144,759,216,451,67,15,1,750,9,385
서울특별시,중구,필동,필동제2투,1390,912,252,525,119,6,0,902,10,478
서울특별시,중구,장충동,관내사전투표,1124,1124,738,247,111,10,2,1108,16,0
서울특별시,중구,장충동,장충동제1투,1366,896,273,507,92,16,1,889,7,470
서울특별시,중구,장충동,장충동제2투,1398,916,281,439,162,16,1,899,17,482
서울특별시,중구,광희동,관내사전투표,973,973,570,264,110,17,0,961,12,0
서울특별시,중구,광희동,광희동제1투,1151,650,187,367,73,12,0,639,11,501
서울특별시,중구,광희동,광희동제2투,2327,1567,461,881,189,21,0,1552,15,760
서울특별시,중구,을지로동,관내사전투표,926,926,539,221,133,27,0,920,6,0
서울특별시,중구,을지로동,을지로동제1투,1312,897,249,482,146,10,1,888,9,415
서울특별시,중구,을지로동,을지로동제2투,521,334,121,185,22,2,0,330,4,187
서울특별시,중구,신당동,관내사전투표,2175,2175,1475,520,145,22,2,2164,11,0
서울특별시,중구,신당동,신당동제1투,1475,862,312,479,59,2,0,852,10,613
서울특별시,중구,신당동,신당동제2투,1623,1097,384,587,108,7,0,1086,11,526
서울특별시,중구,신당동,신당동제3투,1341,873,323,452,78,11,1,865,8,468
서울특별시,중구,다산동,관내사전투표,2152,2152,1426,537,158,18,0,2139,13,0
서울특별시,중구,다산동,다산동제1투,1782,1151,379,633,113,14,0,1139,12,631
서울특별시,중구,다산동,다산동제2투,2157,1457,533,757,135,21,0,1446,11,700
서울특별시,중구,다산동,다산동제3투,1594,1042,394,516,109,12,3,1034,8,552
서울특별시,중구,다산동,다산동제4투,1897,1256,474,659,97,17,2,1249,7,641
서울특별시,중구,약수동,관내사전투표,3545,3545,2251,967,257,48,3,3526,19,0
서울특별시,중구,약수동,약수동제1투,1250,764,250,429,70,7,0,756,8,486
서울특별시,중구,약수동,약수동제2투,1452,1022,413,503,80,17,0,1013,9,430
서울특별시,중구,약수동,약수동제3투,2550,1884,543,1104,196,28,0,1871,13,666
서울특별시,중구,약수동,약수동제4투,2379,1827,550,1055,169,38,1,1813,14,552
서울특별시,중구,약수동,약수동제5투,1851,1231,493,667,53,10,2,1225,6,620
서울특별시,중구,청구동,관내사전투표,1961,1961,1316,469,137,27,0,1949,12,0
서울특별시,중구,청구동,청구동제1투,497,285,103,153,17,4,1,278,7,212
서울특별시,중구,청구동,청구동제2투,1220,740,218,433,69,8,2,730,10,480
서울특별시,중구,청구동,청구동제3투,1863,1476,454,864,135,13,2,1468,8,387
서울특별시,중구,청구동,청구동제4투,1396,1049,383,556,90,11,1,1041,8,347
서울특별시,중구,청구동,청구동제5투,2101,1638,588,883,139,17,0,1627,11,463
서울특별시,중구,신당제5동,관내사전투표,2791,2791,1852,684,214,19,3,2772,19,0
서울특별시,중구,신당제5동,신당제5동제1투,1575,937,326,486,104,9,2,927,10,638
서울특별시,중구,신당제5동,신당제5동제2투,2394,1537,501,848,152,17,3,1521,16,857
서울특별시,중구,신당제5동,신당제5동제3투,1572,1035,389,528,98,8,1,1024,11,537
서울특별시,중구,동화동,관내사전투표,2566,2565,1671,694,161,27,0,2553,12,1
서울특별시,중구,동화동,동화동제1투,899,650,193,395,50,6,0,644,6,249
서울특별시,중구,동화동,동화동제2투,1436,1071,290,665,93,17,0,1065,6,365
서울특별시,중구,동화동,동화동제3투,1693,1224,363,728,111,12,0,1214,10,469
서울특별시,중구,동화동,동화동제4투,1254,829,295,440,69,11,2,817,12,425
서울특별시,중구,황학동,관내사전투표,2661,2661,1713,650,243,31,3,2640,21,0
서울특별시,중구,황학동,황학동제1투,3059,1921,610,1038,222,33,0,1903,18,1138
서울특별시,중구,황학동,황학동제2투,2192,1405,492,699,175,20,1,1387,18,787
서울특별시,중구,황학동,황학동제3투,2657,1995,768,1014,179,21,2,1984,11,662
서울특별시,중구,중림동,관내사전투표,2236,2236,1425,569,198,31,0,2223,13,0
서울특별시,중구,중림동,중림동제1투,2157,1577,511,846,183,25,0,1565,12,580
서울특별시,중구,중림동,중림동제2투,2406,1568,576,800,144,27,1,1548,20,838
서울특별시,중구,중림동,중림동제3투,2294,1718,634,893,148,30,0,1705,13,576
서울특별시,용산구,거소·선상투표,,225,214,79,87,38,4,0,208,6,11
서울특별시,용산구,관외사전투표,,20350,20347,10843,6286,2642,368,15,20154,193,3
서울특별시,용산구,재외투표,,2860,2178,1205,685,225,44,4,2163,15,682
서울특별시,용산구,후암동,관내사전투표,3496,3496,2325,822,272,55,1,3475,21,0
서울특별시,용산구,후암동,후암동제1투,2444,1622,587,842,154,23,3,1609,13,822
서울특별시,용산구,후암동,후암동제2투,1848,1100,382,594,91,23,1,1091,9,748
서울특별시,용산구,후암동,후암동제3투,1979,1273,447,700,96,23,0,1266,7,706
서울특별시,용산구,후암동,후암동제4투,2191,1478,507,800,130,23,0,1460,18,713
서울특별시,용산구,용산2가동,관내사전투표,2283,2283,1456,599,164,39,2,2260,23,0
서울특별시,용산구,용산2가동,용산2가동제1투,1527,924,280,538,78,15,2,913,11,603
서울특별시,용산구,용산2가동,용산2가동제2투,1238,749,237,420,75,11,0,743,6,489
서울특별시,용산구,용산2가동,용산2가동제3투,983,586,192,315,55,17,2,581,5,397
서울특별시,용산구,용산2가동,용산2가동제4투,1138,683,238,354,69,15,0,676,7,455
서울특별시,용산구,남영동,관내사전투표,1767,1767,1153,406,157,32,3,1751,16,0
서울특별시,용산구,남영동,남영동제1투,1983,1073,372,571,106,15,1,1065,8,910
서울특별시,용산구,남영동,남영동제2투,2302,1239,432,678,95,16,3,1224,15,1063
서울특별시,용산구,청파동,관내사전투표,3739,3739,2518,768,353,69,2,3710,29,0
서울특별시,용산구,청파동,청파동제1투,1391,873,303,464,80,15,1,863,10,518
서울특별시,용산구,청파동,청파동제2투,1574,1033,463,472,82,6,1,1024,9,541
서울특별시,용산구,청파동,청파동제3투,1848,1185,526,540,96,15,0,1177,8,663
서울특별시,용산구,청파동,청파동제4투,2292,1415,530,713,133,30,0,1406,9,877
서울특별시,용산구,청파동,청파동제5투,1942,1277,460,637,142,24,3,1266,11,665
서울특별시,용산구,청파동,청파동제6투,1606,1037,405,500,91,23,2,1021,16,569
서울특별시,용산구,원효로제1동,관내사전투표,3930,3930,2454,953,412,78,3,3900,30,0
서울특별시,용산구,원효로제1동,원효로제1동제1투,3087,2154,818,1033,226,50,0,2127,27,933
서울특별시,용산구,원효로제1동,원효로제1동제2투,2279,1583,439,955,163,19,0,1576,7,696
서울특별시,용산구,원효로제1동,원효로제1동제3투,2279,1624,419,1010,160,21,2,1612,12,655
서울특별시,용산구,원효로제1동,원효로제1동제4투,2021,1475,415,864,167,18,1,1465,10,546
서울특별시,용산구,원효로제2동,관내사전투표,2478,2478,1544,686,192,37,1,2460,18,0
서울특별시,용산구,원효로제2동,원효로제2동제1투,3098,2252,708,1260,213,43,5,2229,23,846
서울특별시,용산구,원효로제2동,원효로제2동제2투,2211,1595,481,907,161,27,4,1580,15,616
서울특별시,용산구,원효로제2동,원효로제2동제3투,2287,1552,545,804,167,27,0,1543,9,735
서울특별시,용산구,효창동,관내사전투표,2679,2679,1732,650,223,52,1,2658,21,0
서울특별시,용산구,효창동,효창동제1투,2309,1653,525,919,167,26,1,1638,15,656
서울특별시,용산구,효창동,효창동제2투,1773,1338,402,771,134,16,3,1326,12,435
서울특별시,용산구,효창동,효창동제3투,1481,1026,323,583,99,16,1,1022,4,455
서울특별시,용산구,용문동,관내사전투표,2994,2994,1930,746,249,40,2,2967,27,0
서울특별시,용산구,용문동,용문동제1투,2133,1394,499,728,127,29,3,1386,8,739
서울특별시,용산구,용문동,용문동제2투,1814,1231,380,702,128,10,2,1222,9,583
서울특별시,용산구,용문동,용문동제3투,2185,1687,492,970,180,24,2,1668,19,498
서울특별시,용산구,한강로동,관내사전투표,3201,3201,1656,1075,394,46,2,3173,28,0
서울특별시,용산구,한강로동,한강로동제1투,2172,1563,402,953,168,28,0,1551,12,609
서울특별시,용산구,한강로동,한강로동제2투,3089,2040,350,1423,224,32,1,2030,10,1049
서울특별시,용산구,한강로동,한강로동제3투,2426,1829,599,877,295,36,1,1808,21,597
서울특별시,용산구,한강로동,한강로동제4투,2784,1961,306,1470,165,12,0,1953,8,823
서울특별시,용산구,한강로동,한강로동제5투,2271,1475,356,964,131,15,0,1466,9,796
서울특별시,용산구,이촌제1동,관내사전투표,4814,4814,2249,1990,472,72,2,4785,29,0
서울특별시,용산구,이촌제1동,이촌제1동제1투,3856,2680,478,1914,234,32,1,2659,21,1176
서울특별시,용산구,이촌제1동,이촌제1동제2투,3463,2437,334,1886,179,24,2,2425,12,1026
서울특별시,용산구,이촌제1동,이촌제1동제3투,3969,2926,444,2235,208,23,0,2910,16,1043
서울특별시,용산구,이촌제1동,이촌제1동제4투,3083,2320,445,1595,236,30,1,2307,13,763
서울특별시,용산구,이촌제2동,관내사전투표,1518,1518,890,467,123,25,0,1505,13,0
서울특별시,용산구,이촌제2동,이촌제2동제1투,1375,935,256,590,65,15,1,927,8,440
서울특별시,용산구,이촌제2동,이촌제2동제2투,1380,978,223,661,77,9,1,971,7,402
서울특별시,용산구,이촌제2동,이촌제2동제3투,1928,1506,461,890,125,21,2,1499,7,422
서울특별시,용산구,이태원제1동,관내사전투표,1582,1582,890,514,141,24,0,1569,13,0
서울특별시,용산구,이태원제1동,이태원제1동제1투,2369,1521,362,1035,94,20,1,1512,9,848
서울특별시,용산구,이태원제1동,이태원제1동제2투,1523,871,226,553,68,11,2,860,11,652
서울특별시,용산구,이태원제2동,관내사전투표,1646,1646,988,475,134,25,1,1623,23,0
서울특별시,용산구,이태원제2동,이태원제2동제1투,1944,1196,298,792,85,15,0,1190,6,748
서울특별시,용산구,이태원제2동,이태원제2동제2투,1802,1117,328,678,90,13,0,1109,8,685
서울특별시,용산구,이태원제2동,이태원제2동제3투,1508,942,276,566,71,22,1,936,6,566
서울특별시,용산구,한남동,관내사전투표,1984,1984,1048,725,169,29,0,1971,13,0
서울특별시,용산구,한남동,한남동제1투,1838,1233,299,817,104,8,1,1229,4,605
서울특별시,용산구,한남동,한남동제2투,1296,577,136,385,44,9,0,574,3,719
서울특별시,용산구,한남동,한남동제3투,3433,2125,316,1650,132,18,0,2116,9,1308
서울특별시,용산구,한남동,한남동제4투,2251,1496,299,1071,106,14,0,1490,6,755
서울특별시,용산구,서빙고동,관내사전투표,1567,1567,842,585,114,11,0,1552,15,0
서울특별시,용산구,서빙고동,서빙고동제1투,2102,1569,413,988,146,11,1,1559,10,533
서울특별시,용산구,서빙고동,서빙고동제2투,1419,883,229,570,69,7,2,877,6,536
서울특별시,용산구,서빙고동,서빙고동제3투,2638,1915,191,1583,119,19,0,1912,3,723
서울특별시,용산구,서빙고동,서빙고동제4투,1126,720,168,488,57,4,0,717,3,406
서울특별시,용산구,보광동,관내사전투표,1930,1930,1142,602,149,26,2,1921,9,0
서울특별시,용산구,보광동,보광동제1투,2112,1257,361,780,97,13,0,1251,6,855
서울특별시,용산구,보광동,보광동제2투,733,450,127,285,34,3,0,449,1,283
서울특별시,용산구,보광동,보광동제3투,1438,833,271,463,83,6,0,823,10,605
서울특별시,성동구,거소·선상투표,,290,274,133,77,50,2,0,262,12,16
서울특별시,성동구,관외사전투표,,25811,25808,14377,7245,3583,332,29,25566,242,3
서울특별시,성동구,재외투표,,2457,1975,1236,493,202,33,0,1964,11,482
서울특별시,성동구,금호1가동,관내사전투표,2317,2317,1472,629,182,17,1,2301,16,0
서울특별시,성동구,금호1가동,금호1가동제1투,1442,893,333,482,64,7,1,887,6,549
서울특별시,성동구,금호1가동,금호1가동제2투,2418,1753,689,917,112,20,1,1739,14,665
서울특별시,성동구,금호1가동,금호1가동제3투,2705,1991,685,1103,163,25,1,1977,14,714
서울특별시,성동구,금호1가동,금호1가동제4투,1834,1281,399,730,123,17,0,1269,12,553
서울특별시,성동구,금호2·3가동,관내사전투표,3730,3730,2395,1022,264,28,3,3712,18,0
서울특별시,성동구,금호2·3가동,금호2·3가동제1투,2716,1841,576,1079,148,24,2,1829,12,875
서울특별시,성동구,금호2·3가동,금호2·3가동제2투,2373,1586,581,832,142,17,2,1574,12,787
서울특별시,성동구,금호2·3가동,금호2·3가동제3투,2633,1737,645,945,122,10,6,1728,9,896
서울특별시,성동구,금호2·3가동,금호2·3가동제4투,2152,1703,550,940,177,21,2,1690,13,449
서울특별시,성동구,금호2·3가동,금호2·3가동제5투,2212,1556,517,858,158,14,0,1547,9,656
서울특별시,성동구,금호4가동,관내사전투표,3328,3328,2129,917,225,25,4,3300,28,0
서울특별시,성동구,금호4가동,금호4가동제1투,1594,982,252,634,82,5,0,973,9,612
서울특별시,성동구,금호4가동,금호4가동제2투,2203,1592,481,938,141,24,0,1584,8,611
서울특별시,성동구,금호4가동,금호4가동제3투,2069,1344,454,766,97,15,1,1333,11,725
서울특별시,성동구,금호4가동,금호4가동제4투,2161,1668,496,993,161,13,0,1663,5,493
서울특별시,성동구,옥수동,관내사전투표,3868,3868,2247,1234,316,49,0,3846,22,0
서울특별시,성동구,옥수동,옥수동제1투,2658,1980,560,1172,211,22,2,1967,13,678
서울특별시,성동구,옥수동,옥수동제2투,2367,1588,334,1107,120,15,2,1578,10,779
서울특별시,성동구,옥수동,옥수동제3투,2629,1929,607,1093,202,15,0,1917,12,700
서울특별시,성동구,옥수동,옥수동제4투,2589,1729,395,1173,128,22,0,1718,11,860
서울특별시,성동구,옥수동,옥수동제5투,2145,1676,465,1025,159,13,1,1663,13,469
서울특별시,성동구,옥수동,옥수동제6투,2979,2308,683,1377,199,37,2,2298,10,671
서울특별시,성동구,왕십리도선동,관내사전투표,4177,4177,2654,1078,383,34,2,4151,26,0
서울특별시,성동구,왕십리도선동,왕십리도선동제1투,2495,1676,612,803,226,22,2,1665,11,819
서울특별시,성동구,왕십리도선동,왕십리도선동제2투,2462,1635,671,799,138,16,2,1626,9,827
서울특별시,성동구,왕십리도선동,왕십리도선동제3투,2087,1614,586,890,116,9,1,1602,12,473
서울특별시,성동구,왕십리도선동,왕십리도선동제4투,3109,2225,642,1323,216,29,2,2212,13,884
서울특별시,성동구,왕십리도선동,왕십리도선동제5투,2641,1940,597,1101,194,33,1,1926,14,701
서울특별시,성동구,왕십리도선동,왕십리도선동제6투,2400,1801,558,1024,188,18,1,1789,12,599
서울특별시,성동구,왕십리제2동,관내사전투표,4013,4013,2678,867,386,34,5,3970,43,0
서울특별시,성동구,왕십리제2동,왕십리제2동제1투,2359,1461,498,778,144,22,3,1445,16,898
서울특별시,성동구,왕십리제2동,왕십리제2동제2투,2189,1475,542,730,165,20,0,1457,18,714
서울특별시,성동구,왕십리제2동,왕십리제2동제3투,2099,1616,627,793,168,15,0,1603,13,483
서울특별시,성동구,왕십리제2동,왕십리제2동제4투,2385,1857,709,915,190,25,2,1841,16,528
서울특별시,성동구,행당제1동,관내사전투표,3491,3491,2052,946,429,39,0,3466,25,0
서울특별시,성동구,행당제1동,행당제1동제1투,2118,1405,426,796,153,17,1,1393,12,713
서울특별시,성동구,행당제1동,행당제1동제2투,2538,1902,638,1065,161,31,2,1897,5,636
서울특별시,성동구,행당제1동,행당제1동제3투,1680,1075,385,536,118,22,2,1063,12,605
서울특별시,성동구,행당제1동,행당제1동제4투,1686,1352,418,762,148,11,3,1342,10,334
서울특별시,성동구,행당제2동,관내사전투표,4469,4469,2956,1102,331,53,5,4447,22,0
서울특별시,성동구,행당제2동,행당제2동제1투,2711,1980,599,1144,194,26,2,1965,15,731
서울특별시,성동구,행당제2동,행당제2동제2투,2290,1577,531,835,166,26,3,1561,16,713
서울특별시,성동구,행당제2동,행당제2동제3투,2450,1754,670,922,132,18,2,1744,10,696
서울특별시,성동구,행당제2동,행당제2동제4투,2496,1946,628,1088,188,29,1,1934,12,550
서울특별시,성동구,행당제2동,행당제2동제5투,2495,1903,684,1009,165,28,5,1891,12,592
서울특별시,성동구,마장동,관내사전투표,3724,3724,2505,854,304,31,2,3696,28,0
서울특별시,성동구,마장동,마장동제1투,1877,1267,398,699,138,22,1,1258,9,610
서울특별시,성동구,마장동,마장동제2투,2375,1817,633,915,225,19,3,1795,22,558
서울특별시,성동구,마장동,마장동제3투,2530,1906,725,967,177,26,1,1896,10,624
서울특별시,성동구,마장동,마장동제4투,1858,1279,504,632,125,9,1,1271,8,579
서울특별시,성동구,마장동,마장동제5투,2035,1309,605,600,80,14,2,1301,8,726
서울특별시,성동구,마장동,마장동제6투,2233,1665,591,766,253,35,3,1648,17,568
서울특별시,성동구,사근동,관내사전투표,2469,2469,1344,509,544,35,4,2436,33,0
서울특별시,성동구,사근동,사근동제1투,1478,992,306,466,193,14,1,980,12,486
서울특별시,성동구,사근동,사근동제2투,1919,1247,416,599,198,17,0,1230,17,672
서울특별시,성동구,사근동,사근동제3투,3655,2411,685,1175,481,39,2,2382,29,1244
서울특별시,성동구,송정동,관내사전투표,1956,1956,1300,483,139,21,1,1944,12,0
서울특별시,성동구,송정동,송정동제1투,2027,1344,549,646,125,16,2,1338,6,683
서울특별시,성동구,송정동,송정동제2투,1734,1147,423,603,97,12,1,1136,11,587
서울특별시,성동구,송정동,송정동제3투,1794,1183,449,575,133,14,3,1174,9,611
서울특별시,성동구,용답동,관내사전투표,2809,2809,1893,598,259,26,2,2778,31,0
서울특별시,성동구,용답동,용답동제1투,3355,1900,712,901,246,19,3,1881,19,1455
서울특별시,성동구,용답동,용답동제2투,2023,1309,515,624,134,19,2,1294,15,714
서울특별시,성동구,용답동,용답동제3투,1785,1175,390,617,140,10,3,1160,15,610
서울특별시,성동구,응봉동,관내사전투표,3668,3668,2337,964,300,37,3,3641,27,0
서울특별시,성동구,응봉동,응봉동제1투,2414,1548,539,842,135,23,3,1542,6,866
서울특별시,성동구,응봉동,응봉동제2투,2838,2036,670,1167,165,25,0,2027,9,802
서울특별시,성동구,응봉동,응봉동제3투,2690,2026,706,1101,184,26,3,2020,6,664
서울특별시,성동구,성수1가제1동,관내사전투표,2448,2448,1512,629,247,33,4,2425,23,0
서울특별시,성동구,성수1가제1동,성수1가제1동제1투,1983,1184,396,652,105,21,2,1176,8,799
서울특별시,성동구,성수1가제1동,성수1가제1동제2투,3368,2437,640,1544,223,21,1,2429,8,931
서울특별시,성동구,성수1가제1동,성수1가제1동제3투,2167,1572,382,1013,150,16,1,1562,10,595
서울특별시,성동구,성수1가제1동,성수1가제1동제4투,1644,1077,354,568,127,21,1,1071,6,567
서울특별시,성동구,성수1가제2동,관내사전투표,3516,3516,2043,1034,371,42,1,3491,25,0
서울특별시,성동구,성수1가제2동,성수1가제2동제1투,1153,759,221,443,75,11,1,751,8,394
서울특별시,성동구,성수1가제2동,성수1가제2동제2투,1400,1075,305,625,124,12,0,1066,9,325
서울특별시,성동구,성수1가제2동,성수1가제2동제3투,2569,1875,674,979,183,20,1,1857,18,694
서울특별시,성동구,성수1가제2동,성수1가제2동제4투,2657,2044,697,1094,199,33,5,2028,16,613
서울특별시,성동구,성수2가제1동,관내사전투표,3531,3531,2149,1019,300,29,4,3501,30,0
서울특별시,성동구,성수2가제1동,성수2가제1동제1투,1876,1243,364,739,121,9,0,1233,10,633
서울특별시,성동구,성수2가제1동,성수2가제1동제2투,2217,1514,507,877,116,8,0,1508,6,703
서울특별시,성동구,성수2가제1동,성수2가제1동제3투,2085,1222,416,691,88,14,3,1212,10,863
서울특별시,성동구,성수2가제1동,성수2가제1동제4투,2012,1320,435,729,128,19,0,1311,9,692
서울특별시,성동구,성수2가제3동,관내사전투표,2482,2482,1514,652,264,25,4,2459,23,0
서울특별시,성동구,성수2가제3동,성수2가제3동제1투,2011,1357,442,731,155,17,3,1348,9,654
서울특별시,성동구,성수2가제3동,성수2가제3동제2투,2512,1895,455,1243,157,28,3,1886,9,617
서울특별시,성동구,성수2가제3동,성수2가제3동제3투,1139,763,275,391,79,13,0,758,5,376
서울특별시,광진구,거소·선상투표,,299,286,112,102,65,0,0,279,7,13
서울특별시,광진구,관외사전투표,,32950,32946,19116,8159,4733,480,41,32529,417,4
서울특별시,광진구,재외투표,,2554,2054,1352,450,198,39,1,2040,14,500
서울특별시,광진구,중곡제1동,관내사전투표,3380,3380,2337,725,255,41,2,3360,20,0
서울특별시,광진구,중곡제1동,중곡제1동제1투,2051,1345,491,657,156,19,0,1323,22,706
서울특별시,광진구,중곡제1동,중곡제1동제2투,2274,1456,552,727,142,20,2,1443,13,818
서울특별시,광진구,중곡제1동,중곡제1동제3투,2271,1507,617,725,135,15,0,1492,15,764
서울특별시,광진구,중곡제1동,중곡제1동제4투,2083,1377,483,715,145,23,1,1367,10,706
서울특별시,광진구,중곡제2동,관내사전투표,4404,4404,2937,1011,368,51,2,4369,35,0
서울특별시,광진구,중곡제2동,중곡제2동제1투,2179,1364,498,708,140,8,1,1355,9,815
서울특별시,광진구,중곡제2동,중곡제2동제2투,2485,1723,711,807,181,15,2,1716,7,762
서울특별시,광진구,중곡제2동,중곡제2동제3투,2807,1902,775,905,189,15,2,1886,16,905
서울특별시,광진구,중곡제2동,중곡제2동제4투,1761,1117,436,560,100,16,0,1112,5,644
서울특별시,광진구,중곡제2동,중곡제2동제5투,2443,1580,616,787,140,16,3,1562,18,863
서울특별시,광진구,중곡제3동,관내사전투표,3353,3353,2263,769,263,29,1,3325,28,0
서울특별시,광진구,중곡제3동,중곡제3동제1투,1851,1319,544,606,140,14,4,1308,11,532
서울특별시,광진구,중곡제3동,중곡제3동제2투,1745,1216,480,592,110,19,1,1202,14,529
서울특별시,광진구,중곡제3동,중곡제3동제3투,1894,1234,469,623,116,16,2,1226,8,660
서울특별시,광진구,중곡제3동,중곡제3동제4투,1951,1230,446,639,114,16,2,1217,13,721
서울특별시,광진구,중곡제3동,중곡제3동제5투,1696,1040,369,578,76,10,1,1034,6,656
서울특별시,광진구,중곡제4동,관내사전투표,6484,6484,4450,1543,389,62,7,6451,33,0
서울특별시,광진구,중곡제4동,중곡제4동제1투,2485,1751,652,910,159,13,3,1737,14,734
서울특별시,광진구,중곡제4동,중곡제4동제2투,2643,1950,845,868,186,29,1,1929,21,693
서울특별시,광진구,중곡제4동,중곡제4동제3투,1830,1200,399,678,95,16,3,1191,9,630
서울특별시,광진구,중곡제4동,중곡제4동제4투,1892,1203,473,602,102,10,4,1191,12,689
서울특별시,광진구,중곡제4동,중곡제4동제5투,2375,1606,619,836,122,13,6,1596,10,769
서울특별시,광진구,중곡제4동,중곡제4동제6투,2226,1470,485,811,144,14,4,1458,12,756
서울특별시,광진구,중곡제4동,중곡제4동제7투,2429,1591,580,837,138,22,2,1579,12,838
서울특별시,광진구,능동,관내사전투표,2784,2784,1853,577,297,35,1,2763,21,0
서울특별시,광진구,능동,능동제1투,1761,1200,377,649,148,12,3,1189,11,561
서울특별시,광진구,능동,능동제2투,1991,1393,505,686,162,21,4,1378,15,598
서울특별시,광진구,능동,능동제3투,2515,1803,695,879,174,28,1,1777,26,712
서울특별시,광진구,구의제1동,관내사전투표,5657,5656,3625,1355,573,51,3,5607,49,1
서울특별시,광진구,구의제1동,구의제1동제1투,2843,1784,632,909,198,23,1,1763,21,1059
서울특별시,광진구,구의제1동,구의제1동제2투,3248,2347,841,1217,242,28,1,2329,18,901
서울특별시,광진구,구의제1동,구의제1동제3투,2504,1651,580,830,188,26,5,1629,22,853
서울특별시,광진구,구의제1동,구의제1동제4투,2176,1428,532,682,188,15,1,1418,10,748
서울특별시,광진구,구의제1동,구의제1동제5투,2547,1658,560,840,204,27,4,1635,23,889
서울특별시,광진구,구의제2동,관내사전투표,4927,4927,3411,1068,371,42,1,4893,34,0
서울특별시,광진구,구의제2동,구의제2동제1투,2090,1331,511,649,128,26,0,1314,17,759
서울특별시,광진구,구의제2동,구의제2동제2투,2088,1570,537,833,168,22,0,1560,10,518
서울특별시,광진구,구의제2동,구의제2동제3투,1947,1350,530,656,136,17,1,1340,10,597
서울특별시,광진구,구의제2동,구의제2동제4투,2666,1803,768,854,146,22,2,1792,11,863
서울특별시,광진구,구의제2동,구의제2동제5투,2560,1667,643,866,125,21,0,1655,12,893
서울특별시,광진구,구의제2동,구의제2동제6투,3001,2094,927,965,158,26,3,2079,15,907
서울특별시,광진구,구의제3동,관내사전투표,6253,6253,3914,1552,640,87,4,6197,56,0
서울특별시,광진구,구의제3동,구의제3동제1투,2729,2159,646,1303,179,16,1,2145,14,570
서울특별시,광진구,구의제3동,구의제3동제2투,2309,1539,578,780,138,19,5,1520,19,770
서울특별시,광진구,구의제3동,구의제3동제3투,2906,2051,724,1067,225,21,2,2039,12,855
서울특별시,광진구,구의제3동,구의제3동제4투,2268,1522,409,937,152,14,0,1512,10,746
서울특별시,광진구,구의제3동,구의제3동제5투,2817,2104,667,1178,216,23,0,2084,20,713
서울특별시,광진구,구의제3동,구의제3동제6투,2697,2163,580,1340,206,23,2,2151,12,534
서울특별시,광진구,광장동,관내사전투표,5277,5277,3352,1332,496,55,3,5238,39,0
서울특별시,광진구,광장동,광장동제1투,3606,2438,786,1388,212,32,3,2421,17,1168
서울특별시,광진구,광장동,광장동제2투,2592,1866,453,1268,119,19,2,1861,5,726
서울특별시,광진구,광장동,광장동제3투,2686,2100,794,1030,242,24,0,2090,10,586
서울특별시,광진구,광장동,광장동제4투,2824,2240,853,1124,225,28,1,2231,9,584
서울특별시,광진구,광장동,광장동제5투,3612,2748,979,1402,295,50,0,2726,22,864
서울특별시,광진구,광장동,광장동제6투,2907,2248,696,1309,210,20,0,2235,13,659
서울특별시,광진구,자양제1동,관내사전투표,6147,6147,4124,1449,474,64,4,6115,32,0
서울특별시,광진구,자양제1동,자양제1동제1투,2058,1306,443,680,151,17,2,1293,13,752
서울특별시,광진구,자양제1동,자양제1동제2투,2120,1448,493,724,186,22,0,1425,23,672
서울특별시,광진구,자양제1동,자양제1동제3투,2823,1822,631,925,220,29,2,1807,15,1001
서울특별시,광진구,자양제1동,자양제1동제4투,1790,1185,415,631,119,9,4,1178,7,605
서울특별시,광진구,자양제1동,자양제1동제5투,1770,1003,361,514,104,12,1,992,11,767
서울특별시,광진구,자양제1동,자양제1동제6투,1830,1198,457,587,126,14,2,1186,12,632
서울특별시,광진구,자양제2동,관내사전투표,3849,3849,2603,926,267,28,4,3828,21,0
서울특별시,광진구,자양제2동,자양제2동제1투,2411,1621,558,898,130,18,5,1609,12,790
서울특별시,광진구,자양제2동,자양제2동제2투,3200,2413,774,1310,274,29,1,2388,25,787
서울특별시,광진구,자양제2동,자양제2동제3투,2219,1481,569,741,139,19,0,1468,13,738
서울특별시,광진구,자양제2동,자양제2동제4투,2032,1445,536,763,114,18,3,1434,11,587
서울특별시,광진구,자양제2동,자양제2동제5투,1960,1314,524,633,123,14,4,1298,16,646
서울특별시,광진구,자양제2동,자양제2동제6투,2511,1774,750,832,155,23,1,1761,13,737
서울특별시,광진구,자양제3동,관내사전투표,6343,6343,4004,1682,540,72,3,6301,42,0
서울특별시,광진구,자양제3동,자양제3동제1투,2065,1408,480,750,150,20,3,1403,5,657
서울특별시,광진구,자양제3동,자양제3동제2투,2575,1808,521,1072,184,15,0,1792,16,767
서울특별시,광진구,자양제3동,자양제3동제3투,2223,1654,516,940,166,20,2,1644,10,569
서울특별시,광진구,자양제3동,자양제3동제4투,1976,1513,497,848,142,14,1,1502,11,463
서울특별시,광진구,자양제3동,자양제3동제5투,1934,1466,460,817,153,22,1,1453,13,468
서울특별시,광진구,자양제3동,자양제3동제6투,1337,881,326,424,108,13,0,871,10,456
서울특별시,광진구,자양제3동,자양제3동제7투,2698,2072,376,1520,148,16,2,2062,10,626
서울특별시,광진구,자양제4동,관내사전투표,4640,4640,3030,1163,385,35,4,4617,23,0
서울특별시,광진구,자양제4동,자양제4동제1투,1599,990,319,570,86,6,0,981,9,609
서울특별시,광진구,자양제4동,자양제4동제2투,2021,1444,425,850,140,16,1,1432,12,577
서울특별시,광진구,자양제4동,자양제4동제3투,2342,1602,538,858,165,20,0,1581,21,740
서울특별시,광진구,자양제4동,자양제4동제4투,2277,1462,494,782,163,16,3,1458,4,815
서울특별시,광진구,자양제4동,자양제4동제5투,1780,1099,389,561,130,11,0,1091,8,681
서울특별시,광진구,자양제4동,자양제4동제6투,1942,1414,436,777,160,26,1,1400,14,528
서울특별시,광진구,화양동,관내사전투표,5320,5320,3095,1086,1004,65,2,5252,68,0
서울특별시,광진구,화양동,화양동제1투,3894,2471,780,1174,430,45,2,2431,40,1423
서울특별시,광진구,화양동,화양동제2투,2339,1508,442,737,285,27,0,1491,17,831
서울특별시,광진구,화양동,화양동제3투,2381,1480,483,749,210,20,3,1465,15,901
서울특별시,광진구,화양동,화양동제4투,1844,1051,317,517,170,24,3,1031,20,793
서울특별시,광진구,화양동,화양동제5투,1908,1189,418,551,179,21,1,1170,19,719
서울특별시,광진구,화양동,화양동제6투,2220,1455,442,739,234,20,0,1435,20,765
서울특별시,광진구,군자동,관내사전투표,3977,3977,2605,847,439,36,4,3931,46,0
서울특별시,광진구,군자동,군자동제1투,2215,1417,457,718,202,19,1,1397,20,798
서울특별시,광진구,군자동,군자동제2투,1639,1093,384,547,138,19,0,1088,5,546
서울특별시,광진구,군자동,군자동제3투,1694,1083,384,553,119,18,1,1075,8,611
서울특별시,광진구,군자동,군자동제4투,1604,1033,384,509,115,16,0,1024,9,571
서울특별시,광진구,군자동,군자동제5투,1809,1298,461,688,115,17,0,1281,17,511
서울특별시,광진구,군자동,군자동제6투,2108,1384,536,653,165,13,2,1369,15,724
서울특별시,동대문구,거소·선상투표,,394,369,166,111,65,4,3,349,20,25
서울특별시,동대문구,관외사전투표,,36619,36608,21374,8798,5448,547,43,36210,398,11
서울특별시,동대문구,재외투표,,2482,1932,1296,400,195,26,1,1918,14,550
서울특별시,동대문구,용신동,관내사전투표,6789,6788,4414,1701,579,46,4,6744,44,1
서울특별시,동대문구,용신동,용신동제1투,2452,1554,463,920,144,14,1,1542,12,898
서울특별시,동대문구,용신동,용신동제2투,2341,1461,550,723,158,16,2,1449,12,880
서울특별시,동대문구,용신동,용신동제3투,4178,2762,991,1453,277,21,3,2745,17,1416
서울특별시,동대문구,용신동,용신동제4투,2103,1439,514,741,158,18,1,1432,7,664
서울특별시,동대문구,용신동,용신동제5투,2678,1817,654,899,221,24,3,1801,16,861
서울특별시,동대문구,용신동,용신동제6투,3688,2436,871,1201,301,39,0,2412,24,1252
서울특별시,동대문구,용신동,용신동제7투,2508,1719,610,873,197,22,2,1704,15,789
서울특별시,동대문구,용신동,용신동제8투,2594,1817,698,886,193,21,2,1800,17,777
서울특별시,동대문구,제기동,관내사전투표,4877,4877,2971,1350,458,55,4,4838,39,0
서울특별시,동대문구,제기동,제기동제1투,2345,1366,443,809,82,15,2,1351,15,979
서울특별시,동대문구,제기동,제기동제2투,2288,1578,510,909,121,18,4,1562,16,710
서울특별시,동대문구,제기동,제기동제3투,2319,1390,430,765,164,16,3,1378,12,929
서울특별시,동대문구,제기동,제기동제4투,2395,1601,567,779,218,22,4,1590,11,794
서울특별시,동대문구,제기동,제기동제5투,2158,1572,537,791,208,19,0,1555,17,586
서울특별시,동대문구,제기동,제기동제6투,2098,1443,514,752,147,18,1,1432,11,655
서울특별시,동대문구,청량리동,관내사전투표,4545,4545,2686,1329,436,53,3,4507,38,0
서울특별시,동대문구,청량리동,청량리동제1투,1635,973,352,507,97,8,1,965,8,662
서울특별시,동대문구,청량리동,청량리동제2투,2415,1860,737,964,126,21,2,1850,10,555
서울특별시,동대문구,청량리동,청량리동제3투,988,669,234,367,48,9,1,659,10,319
서울특별시,동대문구,청량리동,청량리동제4투,1644,1038,382,581,65,5,1,1034,4,606
서울특별시,동대문구,청량리동,청량리동제5투,1969,1303,429,767,81,17,2,1296,7,666
서울특별시,동대문구,청량리동,청량리동제6투,2897,1834,449,1217,138,18,0,1822,12,1063
서울특별시,동대문구,회기동,관내사전투표,5173,5173,2917,1052,1050,94,2,5115,58,0
서울특별시,동대문구,회기동,회기동제1투,2371,1563,439,782,290,23,1,1535,28,808
서울특별시,동대문구,회기동,회기동제2투,1967,1409,421,762,197,17,1,1398,11,558
서울특별시,동대문구,회기동,회기동제3투,1633,1034,370,500,142,12,3,1027,7,599
서울특별시,동대문구,휘경제1동,관내사전투표,2668,2668,1645,711,268,25,1,2650,18,0
서울특별시,동대문구,휘경제1동,휘경제1동제1투,2078,1429,473,782,145,19,1,1420,9,649
서울특별시,동대문구,휘경제1동,휘경제1동제2투,2562,1800,623,933,199,26,0,1781,19,762
서울특별시,동대문구,휘경제1동,휘경제1동제3투,2593,1658,504,808,296,29,3,1640,18,935
서울특별시,동대문구,휘경제2동,관내사전투표,2562,2562,1687,601,222,31,3,2544,18,0
서울특별시,동대문구,휘경제2동,휘경제2동제1투,1864,1236,445,629,135,13,0,1222,14,628
서울특별시,동대문구,휘경제2동,휘경제2동제2투,2016,1612,675,756,145,25,1,1602,10,404
서울특별시,동대문구,휘경제2동,휘경제2동제3투,3115,2121,683,948,418,45,4,2098,23,994
서울특별시,동대문구,휘경제2동,휘경제2동제4투,3325,2314,784,1107,374,23,2,2290,24,1011
서울특별시,동대문구,휘경제2동,휘경제2동제5투,2368,1887,748,951,153,21,2,1875,12,481
서울특별시,동대문구,휘경제2동,휘경제2동제6투,1943,1361,533,689,110,18,0,1350,11,582
서울특별시,동대문구,이문제1동,관내사전투표,2489,2489,1476,648,308,36,1,2469,20,0
서울특별시,동대문구,이문제1동,이문제1동제1투,1570,952,300,563,78,5,0,946,6,618
서울특별시,동대문구,이문제1동,이문제1동제2투,2253,1798,693,825,229,32,0,1779,19,455
서울특별시,동대문구,이문제1동,이문제1동제3투,1851,1393,402,722,230,23,3,1380,13,458
서울특별시,동대문구,이문제1동,이문제1동제4투,2353,1815,677,864,232,25,2,1800,15,538
서울특별시,동대문구,이문제1동,이문제1동제5투,2340,1676,608,840,179,29,2,1658,18,664
서울특별시,동대문구,이문제1동,이문제1동제6투,2386,1639,512,797,280,33,1,1623,16,747
서울특별시,동대문구,이문제2동,관내사전투표,3852,3852,2609,885,297,34,2,3827,25,0
서울특별시,동대문구,이문제2동,이문제2동제1투,2309,1506,557,763,148,22,0,1490,16,803
서울특별시,동대문구,이문제2동,이문제2동제2투,1196,670,252,361,47,5,0,665,5,526
서울특별시,동대문구,이문제2동,이문제2동제3투,2244,1667,612,883,145,18,0,1658,9,577
서울특별시,동대문구,이문제2동,이문제2동제4투,2340,1857,758,942,126,23,1,1850,7,483
서울특별시,동대문구,이문제2동,이문제2동제5투,2363,1816,731,902,147,20,2,1802,14,547
서울특별시,동대문구,전농제1동,관내사전투표,4785,4784,3022,1295,372,45,4,4738,46,1
서울특별시,동대문구,전농제1동,전농제1동제1투,1973,1137,405,637,74,12,3,1131,6,836
서울특별시,동대문구,전농제1동,전농제1동제2투,2191,1568,566,841,133,19,0,1559,9,623
서울특별시,동대문구,전농제1동,전농제1동제3투,2849,1825,636,914,223,26,3,1802,23,1024
서울특별시,동대문구,전농제1동,전농제1동제4투,1876,1277,490,631,126,19,2,1268,9,599
서울특별시,동대문구,전농제1동,전농제1동제5투,1818,1155,429,621,85,11,1,1147,8,663
서울특별시,동대문구,전농제1동,전농제1동제6투,1596,997,375,540,64,11,1,991,6,599
서울특별시,동대문구,전농제1동,전농제1동제7투,1889,1485,615,720,124,15,3,1477,8,404
서울특별시,동대문구,전농제1동,전농제1동제8투,2222,1810,675,915,192,20,0,1802,8,412
서울특별시,동대문구,전농제1동,전농제1동제9투,3191,2464,948,1175,299,24,2,2448,16,727
서울특별시,동대문구,전농제2동,관내사전투표,5165,5164,3374,1304,416,42,2,5138,26,1
서울특별시,동대문구,전농제2동,전농제2동제1투,1632,1137,400,624,95,5,2,1126,11,495
서울특별시,동대문구,전농제2동,전농제2동제2투,2326,1751,658,937,131,11,2,1739,12,575
서울특별시,동대문구,전농제2동,전농제2동제3투,1588,1126,431,598,80,10,0,1119,7,462
서울특별시,동대문구,전농제2동,전농제2동제4투,2610,1762,639,958,133,15,0,1745,17,848
서울특별시,동대문구,전농제2동,전농제2동제5투,1529,1038,386,543,84,14,0,1027,11,491
서울특별시,동대문구,답십리제1동,관내사전투표,4975,4975,3341,1171,381,48,7,4948,27,0
서울특별시,동대문구,답십리제1동,답십리제1동제1투,2174,1378,497,672,172,19,4,1364,14,796
서울특별시,동대문구,답십리제1동,답십리제1동제2투,2603,1777,675,890,183,17,0,1765,12,826
서울특별시,동대문구,답십리제1동,답십리제1동제3투,1999,1620,578,850,166,11,4,1609,11,379
서울특별시,동대문구,답십리제1동,답십리제1동제4투,2032,1542,580,798,137,17,2,1534,8,490
서울특별시,동대문구,답십리제1동,답십리제1동제5투,2638,1916,716,982,172,24,4,1898,18,722
서울특별시,동대문구,답십리제1동,답십리제1동제6투,1550,1121,426,574,95,13,2,1110,11,429
서울특별시,동대문구,답십리제1동,답십리제1동제7투,2817,2264,842,1107,253,43,1,2246,18,553
서울특별시,동대문구,답십리제2동,관내사전투표,4775,4775,3152,1223,323,44,2,4744,31,0
서울특별시,동대문구,답십리제2동,답십리제2동제1투,3050,2049,711,1060,236,23,3,2033,16,1001
서울특별시,동대문구,답십리제2동,답십리제2동제2투,1789,1243,454,678,86,13,3,1234,9,546
서울특별시,동대문구,답십리제2동,답십리제2동제3투,1660,1219,471,622,107,12,1,1213,6,441
서울특별시,동대문구,답십리제2동,답십리제2동제4투,2269,1718,680,871,133,15,4,1703,15,551
서울특별시,동대문구,답십리제2동,답십리제2동제5투,2303,1748,674,911,139,13,3,1740,8,555
서울특별시,동대문구,답십리제2동,답십리제2동제6투,2624,1993,780,1021,163,17,3,1984,9,631
서울특별시,동대문구,답십리제2동,답십리제2동제7투,2419,1537,657,743,116,9,3,1528,9,882
서울특별시,동대문구,장안제1동,관내사전투표,8029,8029,5482,1851,555,78,8,7974,55,0
서울특별시,동대문구,장안제1동,장안제1동제1투,2543,1540,589,761,154,22,1,1527,13,1003
서울특별시,동대문구,장안제1동,장안제1동제2투,2978,2023,812,1021,158,15,3,2009,14,955
서울특별시,동대문구,장안제1동,장안제1동제3투,2922,1727,660,861,165,18,1,1705,22,1195
서울특별시,동대문구,장안제1동,장안제1동제4투,3338,2293,886,1139,217,30,6,2278,15,1045
서울특별시,동대문구,장안제1동,장안제1동제5투,2187,1511,663,698,126,16,2,1505,6,676
서울특별시,동대문구,장안제1동,장안제1동제6투,2919,2009,823,971,177,17,2,1990,19,910
서울특별시,동대문구,장안제1동,장안제1동제7투,2412,1936,732,1024,150,18,0,1924,12,476
서울특별시,동대문구,장안제1동,장안제1동제8투,2731,2235,878,1128,178,29,2,2215,20,496
서울특별시,동대문구,장안제2동,관내사전투표,6728,6728,4530,1620,480,58,5,6693,35,0
서울특별시,동대문구,장안제2동,장안제2동제1투,1451,896,338,492,54,10,1,895,1,555
서울특별시,동대문구,장안제2동,장안제2동제2투,2543,1713,661,864,160,10,3,1698,15,830
서울특별시,동대문구,장안제2동,장안제2동제3투,1691,1110,454,538,94,14,0,1100,10,581
서울특별시,동대문구,장안제2동,장안제2동제4투,2072,1375,550,701,105,7,3,1366,9,697
서울특별시,동대문구,장안제2동,장안제2동제5투,4143,2790,1159,1271,295,35,3,2763,27,1353
서울특별시,동대문구,장안제2동,장안제2동제6투,1753,1211,476,623,88,12,0,1199,12,542
서울특별시,동대문구,장안제2동,장안제2동제7투,3102,2450,1032,1157,210,32,2,2433,17,652
서울특별시,동대문구,장안제2동,장안제2동제8투,2204,1620,645,803,152,10,1,1611,9,584
서울특별시,중랑구,거소·선상투표,,493,470,231,137,81,5,3,457,13,23
서울특별시,중랑구,관외사전투표,,35819,35814,22108,8313,4480,457,42,35400,414,5
서울특별시,중랑구,재외투표,,1898,1542,1080,286,135,28,0,1529,13,356
서울특별시,중랑구,면목본동,관내사전투표,8188,8188,5586,1922,550,74,5,8137,51,0
서울특별시,중랑구,면목본동,면목본동제1투,3044,1740,578,974,150,22,1,1725,15,1304
서울특별시,중랑구,면목본동,면목본동제2투,2709,1676,650,823,167,22,2,1664,12,1033
서울특별시,중랑구,면목본동,면목본동제3투,2696,1718,716,835,140,15,7,1713,5,978
서울특별시,중랑구,면목본동,면목본동제4투,2563,1519,614,758,120,13,2,1507,12,1044
서울특별시,중랑구,면목본동,면목본동제5투,2374,1485,603,737,117,14,5,1476,9,889
서울특별시,중랑구,면목본동,면목본동제6투,2912,1719,634,857,182,25,1,1699,20,1193
서울특별시,중랑구,면목본동,면목본동제7투,2380,1448,597,698,116,21,1,1433,15,932
서울특별시,중랑구,면목제2동,관내사전투표,4599,4599,3118,1147,272,36,1,4574,25,0
서울특별시,중랑구,면목제2동,면목제2동제1투,3037,1791,679,946,132,21,2,1780,11,1246
서울특별시,중랑구,면목제2동,면목제2동제2투,2208,1458,560,755,116,16,1,1448,10,750
서울특별시,중랑구,면목제2동,면목제2동제3투,3018,1845,763,915,134,15,1,1828,17,1173
서울특별시,중랑구,면목제2동,면목제2동제4투,2646,1634,703,795,109,14,3,1624,10,1012
서울특별시,중랑구,면목제2동,면목제2동제5투,2594,1599,651,779,137,19,0,1586,13,995
서울특별시,중랑구,면목제3·8동,관내사전투표,4966,4966,3368,1177,338,47,4,4934,32,0
서울특별시,중랑구,면목제3·8동,면목제3·8동제1투,2153,1256,446,660,110,21,6,1243,13,897
서울특별시,중랑구,면목제3·8동,면목제3·8동제2투,1864,1206,438,659,92,6,2,1197,9,658
서울특별시,중랑구,면목제3·8동,면목제3·8동제3투,1946,1142,433,580,99,14,5,1131,11,804
서울특별시,중랑구,면목제3·8동,면목제3·8동제4투,1951,1257,461,670,107,12,1,1251,6,694
서울특별시,중랑구,면목제3·8동,면목제3·8동제5투,2399,1673,713,795,127,21,1,1657,16,726
서울특별시,중랑구,면목제3·8동,면목제3·8동제6투,1942,1182,482,577,102,10,2,1173,9,760
서울특별시,중랑구,면목제3·8동,면목제3·8동제7투,2058,1384,568,680,98,22,2,1370,14,674
서울특별시,중랑구,면목제4동,관내사전투표,3995,3995,2777,928,242,32,0,3979,16,0
서울특별시,중랑구,면목제4동,면목제4동제1투,1905,1137,413,600,100,7,2,1122,15,768
서울특별시,중랑구,면목제4동,면목제4동제2투,2404,1541,641,754,125,11,3,1534,7,863
서울특별시,중랑구,면목제4동,면목제4동제3투,2097,1363,550,689,103,10,3,1355,8,734
서울특별시,중랑구,면목제4동,면목제4동제4투,1993,1292,556,603,107,19,0,1285,7,701
서울특별시,중랑구,면목제4동,면목제4동제5투,1800,1127,396,633,69,8,4,1110,17,673
서울특별시,중랑구,면목제5동,관내사전투표,3461,3461,2451,758,206,22,2,3439,22,0
서울특별시,중랑구,면목제5동,면목제5동제1투,2398,1441,620,681,119,9,1,1430,11,957
서울특별시,중랑구,면목제5동,면목제5동제2투,2451,1519,634,731,120,17,0,1502,17,932
서울특별시,중랑구,면목제5동,면목제5동제3투,2883,2285,964,1067,215,27,3,2276,9,598
서울특별시,중랑구,면목제7동,관내사전투표,5432,5432,3648,1373,328,49,5,5403,29,0
서울특별시,중랑구,면목제7동,면목제7동제1투,2199,1322,515,661,121,18,0,1315,7,877
서울특별시,중랑구,면목제7동,면목제7동제2투,2464,1486,571,759,129,12,3,1474,12,978
서울특별시,중랑구,면목제7동,면목제7동제3투,2059,1234,472,642,96,16,0,1226,8,825
서울특별시,중랑구,면목제7동,면목제7동제4투,2410,1569,529,891,118,17,3,1558,11,841
서울특별시,중랑구,면목제7동,면목제7동제5투,2476,1782,708,860,179,21,0,1768,14,694
서울특별시,중랑구,상봉제1동,관내사전투표,3916,3916,2629,951,282,29,1,3892,24,0
서울특별시,중랑구,상봉제1동,상봉제1동제1투,2513,1499,534,785,145,21,0,1485,14,1014
서울특별시,중랑구,상봉제1동,상봉제1동제2투,2933,2221,860,1103,215,24,1,2203,18,712
서울특별시,중랑구,상봉제1동,상봉제1동제3투,2758,1878,791,853,174,27,3,1848,30,880
서울특별시,중랑구,상봉제1동,상봉제1동제4투,2504,1765,670,918,131,22,1,1742,23,739
서울특별시,중랑구,상봉제1동,상봉제1동제5투,1745,1301,436,728,110,16,2,1292,9,444
서울특별시,중랑구,상봉제2동,관내사전투표,5023,5023,3380,1138,411,52,3,4984,39,0
서울특별시,중랑구,상봉제2동,상봉제2동제1투,3218,1999,668,1032,235,28,3,1966,33,1219
서울특별시,중랑구,상봉제2동,상봉제2동제2투,3886,2605,920,1361,276,25,3,2585,20,1281
서울특별시,중랑구,상봉제2동,상봉제2동제3투,2824,1695,647,772,232,28,2,1681,14,1129
서울특별시,중랑구,상봉제2동,상봉제2동제4투,2543,1464,568,693,170,14,3,1448,16,1079
서울특별시,중랑구,중화제1동,관내사전투표,3881,3881,2627,963,234,31,7,3862,19,0
서울특별시,중랑구,중화제1동,중화제1동제1투,2741,1749,608,938,169,18,3,1736,13,992
서울특별시,중랑구,중화제1동,중화제1동제2투,2664,1763,691,876,165,14,2,1748,15,901
서울특별시,중랑구,중화제1동,중화제1동제3투,2842,1854,719,910,185,22,3,1839,15,988
서울특별시,중랑구,중화제1동,중화제1동제4투,2110,1582,581,809,165,14,0,1569,13,528
서울특별시,중랑구,중화제2동,관내사전투표,5169,5168,3516,1235,330,48,8,5137,31,1
서울특별시,중랑구,중화제2동,중화제2동제1투,1993,1170,443,616,91,6,3,1159,11,823
서울특별시,중랑구,중화제2동,중화제2동제2투,2506,1508,571,778,138,9,2,1498,10,998
서울특별시,중랑구,중화제2동,중화제2동제3투,2891,1869,792,893,154,17,3,1859,10,1022
서울특별시,중랑구,중화제2동,중화제2동제4투,2653,1702,721,796,150,19,1,1687,15,951
서울특별시,중랑구,중화제2동,중화제2동제5투,2231,1476,592,729,124,18,2,1465,11,755
서울특별시,중랑구,중화제2동,중화제2동제6투,2116,1269,483,660,102,12,3,1260,9,847
서울특별시,중랑구,묵제1동,관내사전투표,5777,5777,3861,1389,446,47,4,5747,30,0
서울특별시,중랑구,묵제1동,묵제1동제1투,2513,1774,640,911,186,19,3,1759,15,739
서울특별시,중랑구,묵제1동,묵제1동제2투,2370,1572,594,789,151,24,1,1559,13,798
서울특별시,중랑구,묵제1동,묵제1동제3투,2376,1877,614,1071,157,24,0,1866,11,499
서울특별시,중랑구,묵제1동,묵제1동제4투,2770,1988,833,945,168,22,6,1974,14,782
서울특별시,중랑구,묵제1동,묵제1동제5투,3313,2229,882,1121,188,25,4,2220,9,1084
서울특별시,중랑구,묵제1동,묵제1동제6투,2812,2016,738,1073,174,13,2,2000,16,796
서울특별시,중랑구,묵제1동,묵제1동제7투,2385,1485,528,775,156,12,1,1472,13,900
서울특별시,중랑구,묵제2동,관내사전투표,5360,5360,3605,1262,404,46,2,5319,41,0
서울특별시,중랑구,묵제2동,묵제2동제1투,2668,1853,723,949,154,15,3,1844,9,815
서울특별시,중랑구,묵제2동,묵제2동제2투,2300,1371,497,726,121,11,2,1357,14,929
서울특별시,중랑구,묵제2동,묵제2동제3투,2537,1621,614,850,125,16,1,1606,15,916
서울특별시,중랑구,묵제2동,묵제2동제4투,2739,1774,715,856,161,20,3,1755,19,965
서울특별시,중랑구,망우본동,관내사전투표,7300,7300,4783,1971,438,58,7,7257,43,0
서울특별시,중랑구,망우본동,망우본동제1투,2266,1365,464,801,81,10,0,1356,9,901
서울특별시,중랑구,망우본동,망우본동제2투,3116,2123,770,1133,175,21,5,2104,19,993
서울특별시,중랑구,망우본동,망우본동제3투,2462,1723,695,845,146,23,1,1710,13,739
서울특별시,중랑구,망우본동,망우본동제4투,1855,1235,434,700,76,13,0,1223,12,620
서울특별시,중랑구,망우본동,망우본동제5투,2005,1290,481,698,89,10,0,1278,12,715
서울특별시,중랑구,망우본동,망우본동제6투,2880,1833,729,924,134,26,2,1815,18,1047
서울특별시,중랑구,망우본동,망우본동제7투,3717,2529,956,1265,250,29,3,2503,26,1188
서울특별시,중랑구,망우본동,망우본동제8투,4113,3097,1437,1269,324,39,6,3075,22,1016
서울특별시,중랑구,망우제3동,관내사전투표,5010,5010,3355,1243,341,34,3,4976,34,0
서울특별시,중랑구,망우제3동,망우제3동제1투,1797,1061,393,565,74,17,0,1049,12,736
서울특별시,중랑구,망우제3동,망우제3동제2투,2544,1546,594,803,119,10,3,1529,17,998
서울특별시,중랑구,망우제3동,망우제3동제3투,2711,1655,688,831,107,14,2,1642,13,1056
서울특별시,중랑구,망우제3동,망우제3동제4투,2112,1229,476,629,98,13,2,1218,11,883
서울특별시,중랑구,신내제1동,관내사전투표,5112,5112,3481,1191,360,49,5,5086,26,0
서울특별시,중랑구,신내제1동,신내제1동제1투,2243,1523,531,841,122,15,1,1510,13,720
서울특별시,중랑구,신내제1동,신내제1동제2투,2000,1576,611,813,133,15,2,1574,2,424
서울특별시,중랑구,신내제1동,신내제1동제3투,2068,1463,558,767,109,18,3,1455,8,605
서울특별시,중랑구,신내제1동,신내제1동제4투,3366,2418,1103,1061,200,37,3,2404,14,948
서울특별시,중랑구,신내제1동,신내제1동제5투,2377,1721,602,937,151,19,1,1710,11,656
서울특별시,중랑구,신내제1동,신내제1동제6투,1638,1079,371,607,78,9,0,1065,14,559
서울특별시,중랑구,신내제1동,신내제1동제7투,2118,1607,583,861,132,16,0,1592,15,511
서울특별시,중랑구,신내제1동,신내제1동제8투,2927,2224,1037,989,161,23,0,2210,14,703
서울특별시,중랑구,신내제1동,신내제1동제9투,2348,1800,852,756,160,19,3,1790,10,548
서울특별시,중랑구,신내제2동,관내사전투표,8453,8453,5628,2104,596,76,9,8413,40,0
서울특별시,중랑구,신내제2동,신내제2동제1투,1953,1433,499,778,123,24,2,1426,7,520
서울특별시,중랑구,신내제2동,신내제2동제2투,2500,1909,877,802,188,27,4,1898,11,591
서울특별시,중랑구,신내제2동,신내제2동제3투,2715,2061,775,1062,186,23,0,2046,15,654
서울특별시,중랑구,신내제2동,신내제2동제4투,2255,1646,667,824,130,13,3,1637,9,609
서울특별시,중랑구,신내제2동,신내제2동제5투,1935,1269,473,708,75,7,0,1263,6,666
서울특별시,성북구,거소·선상투표,,446,422,169,120,103,3,3,398,24,24
서울특별시,성북구,관외사전투표,,43895,43881,26941,9981,5747,766,40,43475,406,14
서울특별시,성북구,재외투표,,3513,2822,1975,509,283,33,4,2804,18,691
서울특별시,성북구,성북동,관내사전투표,4461,4461,3010,985,338,98,2,4433,28,0
서울특별시,성북구,성북동,성북동제1투,2514,1704,611,883,152,39,1,1686,18,810
서울특별시,성북구,성북동,성북동제2투,2148,1284,423,747,84,20,1,1275,9,864
서울특별시,성북구,성북동,성북동제3투,1653,1069,312,671,67,11,0,1061,8,584
서울특별시,성북구,성북동,성북동제4투,2078,1329,482,665,151,22,1,1321,8,749
서울특별시,성북구,삼선동,관내사전투표,7544,7544,4991,1608,755,138,2,7494,50,0
서울특별시,성북구,삼선동,삼선동제1투,3172,2087,746,1059,219,39,2,2065,22,1085
서울특별시,성북구,삼선동,삼선동제2투,2094,1336,562,614,124,22,2,1324,12,758
서울특별시,성북구,삼선동,삼선동제3투,2132,1599,689,726,138,29,4,1586,13,533
서울특별시,성북구,삼선동,삼선동제4투,2941,1969,769,956,180,44,1,1950,19,972
서울특별시,성북구,삼선동,삼선동제5투,2401,1487,582,696,154,35,1,1468,19,914
서울특별시,성북구,동선동,관내사전투표,3281,3281,2250,617,318,64,2,3251,30,0
서울특별시,성북구,동선동,동선동제1투,1446,884,331,416,106,17,0,870,14,562
서울특별시,성북구,동선동,동선동제2투,2378,1560,619,689,195,34,4,1541,19,818
서울특별시,성북구,동선동,동선동제3투,1792,1172,468,555,120,19,0,1162,10,620
서울특별시,성북구,동선동,동선동제4투,2972,2085,810,956,250,47,1,2064,21,887
서울특별시,성북구,돈암제1동,관내사전투표,3424,3424,2260,807,294,43,2,3406,18,0
서울특별시,성북구,돈암제1동,돈암제1동제1투,1771,1276,481,658,100,21,1,1261,15,495
서울특별시,성북구,돈암제1동,돈암제1동제2투,1788,1261,446,657,134,14,2,1253,8,527
서울특별시,성북구,돈암제1동,돈암제1동제3투,2709,2075,746,1095,192,30,1,2064,11,634
서울특별시,성북구,돈암제1동,돈암제1동제4투,1704,1119,462,542,90,13,1,1108,11,585
서울특별시,성북구,돈암제2동,관내사전투표,4046,4046,2829,881,266,50,3,4029,17,0
서울특별시,성북구,돈암제2동,돈암제2동제1투,3014,2134,746,1156,183,32,2,2119,15,880
서울특별시,성북구,돈암제2동,돈암제2동제2투,2354,1805,654,939,171,25,0,1789,16,549
서울특별시,성북구,돈암제2동,돈암제2동제3투,2467,1834,848,789,146,35,3,1821,13,633
서울특별시,성북구,돈암제2동,돈암제2동제4투,2666,2018,625,1161,182,36,1,2005,13,648
서울특별시,성북구,돈암제2동,돈암제2동제5투,1986,1451,513,796,112,18,2,1441,10,535
서울특별시,성북구,안암동,관내사전투표,4452,4452,2640,813,855,93,3,4404,48,0
서울특별시,성북구,안암동,안암동제1투,1771,1159,409,523,193,19,0,1144,15,612
서울특별시,성북구,안암동,안암동제2투,2264,1576,404,759,354,37,1,1555,21,688
서울특별시,성북구,안암동,안암동제3투,2626,1757,583,842,275,37,3,1740,17,869
서울특별시,성북구,안암동,안암동제4투,2063,1408,457,756,158,27,1,1399,9,655
서울특별시,성북구,보문동,관내사전투표,3516,3516,2270,792,384,51,2,3499,17,0
서울특별시,성북구,보문동,보문동제1투,2718,1570,558,819,149,22,3,1551,19,1148
서울특별시,성북구,보문동,보문동제2투,2659,1763,627,888,208,27,3,1753,10,896
서울특별시,성북구,보문동,보문동제3투,3054,2061,786,998,225,36,0,2045,16,993
서울특별시,성북구,정릉제1동,관내사전투표,4076,4076,2749,973,293,33,6,4054,22,0
서울특별시,성북구,정릉제1동,정릉제1동제1투,2323,1634,582,876,136,24,1,1619,15,689
서울특별시,성북구,정릉제1동,정릉제1동제2투,2463,1634,582,871,151,16,0,1620,14,829
서울특별시,성북구,정릉제1동,정릉제1동제3투,2396,1733,727,805,150,31,5,1718,15,663
서울특별시,성북구,정릉제1동,정릉제1동제4투,2230,1742,695,833,177,21,1,1727,15,488
서울특별시,성북구,정릉제2동,관내사전투표,4862,4862,3177,1283,311,58,4,4833,29,0
서울특별시,성북구,정릉제2동,정릉제2동제1투,3001,2086,750,1107,186,31,1,2075,11,915
서울특별시,성북구,정릉제2동,정릉제2동제2투,3034,1874,741,948,148,23,1,1861,13,1160
서울특별시,성북구,정릉제2동,정릉제2동제3투,2735,1689,625,890,144,12,3,1674,15,1046
서울특별시,성북구,정릉제2동,정릉제2동제4투,2906,1899,683,1047,144,18,2,1894,5,1007
서울특별시,성북구,정릉제3동,관내사전투표,3134,3134,1838,843,387,32,3,3103,31,0
서울특별시,성북구,정릉제3동,정릉제3동제1투,2215,1347,433,720,165,20,0,1338,9,868
서울특별시,성북구,정릉제3동,정릉제3동제2투,211,94,27,59,6,1,0,93,1,117
서울특별시,성북구,정릉제3동,정릉제3동제3투,2970,1906,666,989,200,27,1,1883,23,1064
서울특별시,성북구,정릉제3동,정릉제3동제4투,1965,1227,368,676,150,15,2,1211,16,738
서울특별시,성북구,정릉제4동,관내사전투표,5350,5350,3602,1307,356,62,1,5328,22,0
서울특별시,성북구,정릉제4동,정릉제4동제1투,2344,1596,585,880,100,17,3,1585,11,748
서울특별시,성북구,정릉제4동,정릉제4동제2투,3225,1856,678,982,161,24,1,1846,10,1369
서울특별시,성북구,정릉제4동,정릉제4동제3투,2615,1741,649,913,145,27,0,1734,7,874
서울특별시,성북구,정릉제4동,정릉제4동제4투,1574,1008,345,572,72,7,2,998,10,566
서울특별시,성북구,정릉제4동,정릉제4동제5투,3249,2405,994,1168,191,35,1,2389,16,844
서울특별시,성북구,길음제1동,관내사전투표,5880,5879,4165,1226,393,63,1,5848,31,1
서울특별시,성북구,길음제1동,길음제1동제1투,2597,1993,815,964,162,40,1,1982,11,604
서울특별시,성북구,길음제1동,길음제1동제2투,3009,2290,934,1064,245,27,3,2273,17,719
서울특별시,성북구,길음제1동,길음제1동제3투,2749,1880,752,879,202,39,1,1873,7,869
서울특별시,성북구,길음제1동,길음제1동제4투,3529,2611,948,1319,279,43,3,2592,19,918
서울특별시,성북구,길음제1동,길음제1동제5투,2691,2111,904,934,213,50,1,2102,9,580
서울특별시,성북구,길음제1동,길음제1동제6투,1896,1541,668,666,178,23,0,1535,6,355
서울특별시,성북구,길음제1동,길음제1동제7투,2021,1579,645,737,166,23,0,1571,8,442
서울특별시,성북구,길음제2동,관내사전투표,4115,4115,2743,955,343,50,4,4095,20,0
서울특별시,성북구,길음제2동,길음제2동제1투,3474,2433,844,1303,245,22,2,2416,17,1041
서울특별시,성북구,길음제2동,길음제2동제2투,3423,2687,1059,1296,286,29,2,2672,15,736
서울특별시,성북구,길음제2동,길음제2동제3투,2850,2178,928,985,220,35,3,2171,7,672
서울특별시,성북구,길음제2동,길음제2동제4투,1793,1260,480,631,115,18,1,1245,15,533
서울특별시,성북구,종암동,관내사전투표,8073,8073,5409,1825,682,105,5,8026,47,0
서울특별시,성북구,종암동,종암동제1투,2830,2028,820,957,200,30,2,2009,19,802
서울특별시,성북구,종암동,종암동제2투,2817,2030,866,930,184,26,0,2006,24,787
서울특별시,성북구,종암동,종암동제3투,2756,1956,726,1037,146,28,3,1940,16,800
서울특별시,성북구,종암동,종암동제4투,3063,2177,765,1028,310,46,1,2150,27,886
서울특별시,성북구,종암동,종암동제5투,1803,1083,362,613,88,11,1,1075,8,720
서울특별시,성북구,종암동,종암동제6투,2478,1886,759,902,173,39,1,1874,12,592
서울특별시,성북구,종암동,종암동제7투,2552,1610,628,801,153,11,2,1595,15,942
서울특별시,성북구,종암동,종암동제8투,2286,1648,708,729,165,28,2,1632,16,638
서울특별시,성북구,월곡제1동,관내사전투표,5617,5617,4042,1132,348,49,1,5572,45,0
서울특별시,성북구,월곡제1동,월곡제1동제1투,2159,1466,530,761,150,15,0,1456,10,693
서울특별시,성북구,월곡제1동,월곡제1동제2투,1603,954,415,454,62,12,4,947,7,649
서울특별시,성북구,월곡제1동,월곡제1동제3투,2416,1541,669,703,137,14,2,1525,16,875
서울특별시,성북구,월곡제1동,월곡제1동제4투,2043,1525,701,690,108,18,2,1519,6,518
서울특별시,성북구,월곡제1동,월곡제1동제5투,2370,1740,778,761,163,24,0,1726,14,630
서울특별시,성북구,월곡제1동,월곡제1동제6투,2891,2188,965,946,220,41,2,2174,14,703
서울특별시,성북구,월곡제2동,관내사전투표,4512,4512,2971,1025,438,54,1,4489,23,0
서울특별시,성북구,월곡제2동,월곡제2동제1투,2444,1494,596,721,130,34,0,1481,13,950
서울특별시,성북구,월곡제2동,월곡제2동제2투,2460,1756,677,879,165,17,3,1741,15,704
서울특별시,성북구,월곡제2동,월곡제2동제3투,2907,1972,825,910,199,22,1,1957,15,935
서울특별시,성북구,월곡제2동,월곡제2동제4투,3134,2339,1002,1061,231,31,1,2326,13,795
서울특별시,성북구,장위제1동,관내사전투표,4339,4339,3014,983,247,56,5,4305,34,0
서울특별시,성북구,장위제1동,장위제1동제1투,2263,1384,591,624,146,15,1,1377,7,879
서울특별시,성북구,장위제1동,장위제1동제2투,2685,1730,720,837,145,16,0,1718,12,955
서울특별시,성북구,장위제1동,장위제1동제3투,2157,1224,479,633,85,9,3,1209,15,933
서울특별시,성북구,장위제1동,장위제1동제4투,1354,793,296,414,61,12,1,784,9,561
서울특별시,성북구,장위제1동,장위제1동제5투,1735,933,363,461,84,15,1,924,9,802
서울특별시,성북구,장위제1동,장위제1동제6투,2725,2193,975,952,214,36,2,2179,14,532
서울특별시,성북구,장위제2동,관내사전투표,2823,2823,1859,691,205,43,2,2800,23,0
서울특별시,성북구,장위제2동,장위제2동제1투,2463,1630,561,876,148,31,0,1616,14,833
서울특별시,성북구,장위제2동,장위제2동제2투,1855,1242,499,630,84,18,0,1231,11,613
서울특별시,성북구,장위제2동,장위제2동제3투,1675,1051,411,550,76,9,1,1047,4,624
서울특별시,성북구,장위제2동,장위제2동제4투,2161,1345,498,707,113,14,2,1334,11,816
서울특별시,성북구,장위제3동,관내사전투표,3324,3324,2217,783,269,36,1,3306,18,0
서울특별시,성북구,장위제3동,장위제3동제1투,3378,2272,826,1167,220,32,3,2248,24,1106
서울특별시,성북구,장위제3동,장위제3동제2투,2984,2352,942,1136,232,33,1,2344,8,632
서울특별시,성북구,장위제3동,장위제3동제3투,2982,2268,962,1050,216,24,4,2256,12,714
서울특별시,성북구,석관동,관내사전투표,5158,5158,3468,1283,314,57,2,5124,34,0
서울특별시,성북구,석관동,석관동제1투,2746,1665,603,856,160,18,2,1639,26,1081
서울특별시,성북구,석관동,석관동제2투,2352,1548,663,739,113,20,3,1538,10,804
서울특별시,성북구,석관동,석관동제3투,2860,1769,684,927,124,26,1,1762,7,1091
서울특별시,성북구,석관동,석관동제4투,2738,1979,758,968,205,34,1,1966,13,759
서울특별시,성북구,석관동,석관동제5투,3039,2348,891,1213,194,31,4,2333,15,691
서울특별시,성북구,석관동,석관동제6투,2023,1354,572,667,80,24,2,1345,9,669
서울특별시,성북구,석관동,석관동제7투,2553,1767,698,887,128,33,5,1751,16,786
서울특별시,성북구,석관동,석관동제8투,1598,1080,394,546,104,22,0,1066,14,518
서울특별시,강북구,거소·선상투표,,365,348,176,89,71,3,1,340,8,17
서울특별시,강북구,관외사전투표,,26920,26841,17186,5815,3135,395,21,26552,289,79
서울특별시,강북구,재외투표,,1740,1375,1016,233,92,23,0,1364,11,365
서울특별시,강북구,삼양동,관내사전투표,5158,5158,3580,1201,315,33,5,5134,24,0
서울특별시,강북구,삼양동,삼양동제1투,2048,1338,536,657,116,12,2,1323,15,710
서울특별시,강북구,삼양동,삼양동제2투,1768,1084,446,544,72,11,4,1077,7,684
서울특별시,강북구,삼양동,삼양동제3투,1468,796,304,382,82,17,2,787,9,672
서울특별시,강북구,삼양동,삼양동제4투,2124,1346,611,597,110,20,1,1339,7,778
서울특별시,강북구,삼양동,삼양동제5투,2423,1674,750,749,134,22,0,1655,19,749
서울특별시,강북구,삼양동,삼양동제6투,1294,695,300,343,39,10,0,692,3,599
서울특별시,강북구,삼양동,삼양동제7투,1009,618,238,323,49,4,0,614,4,391
서울특별시,강북구,삼양동,삼양동제8투,1954,1483,680,653,123,19,2,1477,6,471
서울특별시,강북구,미아동,관내사전투표,6337,6337,4421,1335,471,64,7,6298,39,0
서울특별시,강북구,미아동,미아동제1투,2252,1402,575,672,120,22,1,1390,12,850
서울특별시,강북구,미아동,미아동제2투,1130,752,313,344,70,12,4,743,9,378
서울특별시,강북구,미아동,미아동제3투,3110,1961,801,947,154,36,3,1941,20,1149
서울특별시,강북구,미아동,미아동제4투,2097,1333,502,685,122,8,1,1318,15,764
서울특별시,강북구,미아동,미아동제5투,1810,1175,511,555,87,14,0,1167,8,635
서울특별시,강북구,미아동,미아동제6투,1918,1110,461,520,107,9,2,1099,11,808
서울특별시,강북구,송중동,관내사전투표,4750,4750,3266,1101,319,35,2,4723,27,0
서울특별시,강북구,송중동,송중동제1투,1783,1053,410,530,98,3,1,1042,11,730
서울특별시,강북구,송중동,송중동제2투,1920,1108,386,575,115,12,1,1089,19,812
서울특별시,강북구,송중동,송중동제3투,2126,1476,559,761,134,11,3,1468,8,650
서울특별시,강북구,송중동,송중동제4투,2150,1448,602,714,110,10,3,1439,9,702
서울특별시,강북구,송중동,송중동제5투,2282,1710,702,800,174,25,0,1701,9,572
서울특별시,강북구,송중동,송중동제6투,1687,1086,441,564,68,11,0,1084,2,601
서울특별시,강북구,송중동,송중동제7투,2318,1548,659,734,119,16,4,1532,16,770
서울특별시,강북구,송중동,송중동제8투,1759,1011,447,457,85,12,0,1001,10,748
서울특별시,강북구,송천동,관내사전투표,4923,4923,3413,1194,249,35,4,4895,28,0
서울특별시,강북구,송천동,송천동제1투,1829,972,396,490,73,7,1,967,5,857
서울특별시,강북구,송천동,송천동제2투,1366,833,341,429,48,8,1,827,6,533
서울특별시,강북구,송천동,송천동제3투,1633,1072,424,528,93,10,1,1056,16,561
서울특별시,강북구,송천동,송천동제4투,1014,781,342,353,65,14,0,774,7,233
서울특별시,강북구,송천동,송천동제5투,1925,1211,513,590,86,13,1,1203,8,714
서울특별시,강북구,송천동,송천동제6투,1788,1099,474,527,73,17,2,1093,6,689
서울특별시,강북구,송천동,송천동제7투,2236,1443,686,609,114,18,1,1428,15,793
서울특별시,강북구,송천동,송천동제8투,1779,1137,454,588,79,3,2,1126,11,642
서울특별시,강북구,삼각산동,관내사전투표,5166,5166,3699,1044,348,48,1,5140,26,0
서울특별시,강북구,삼각산동,삼각산동제1투,1891,1277,510,628,109,22,0,1269,8,614
서울특별시,강북구,삼각산동,삼각산동제2투,1516,889,377,451,42,9,2,881,8,627
서울특별시,강북구,삼각산동,삼각산동제3투,2473,1913,905,797,169,29,2,1902,11,560
서울특별시,강북구,삼각산동,삼각산동제4투,1941,1565,751,651,138,17,1,1558,7,376
서울특별시,강북구,삼각산동,삼각산동제5투,2646,2148,1056,871,172,26,1,2126,22,498
서울특별시,강북구,삼각산동,삼각산동제6투,2040,1454,560,717,154,15,1,1447,7,586
서울특별시,강북구,삼각산동,삼각산동제7투,1729,1278,516,632,109,15,1,1273,5,451
서울특별시,강북구,삼각산동,삼각산동제8투,2117,1628,767,693,135,20,2,1617,11,489
서울특별시,강북구,번1동,관내사전투표,3911,3911,2688,873,286,31,2,3880,31,0
서울특별시,강북구,번1동,번1동제1투,2427,1316,482,663,140,16,3,1304,12,1111
서울특별시,강북구,번1동,번1동제2투,1906,1158,443,580,107,15,1,1146,12,748
서울특별시,강북구,번1동,번1동제3투,2471,1390,487,757,114,11,1,1370,20,1081
서울특별시,강북구,번1동,번1동제4투,2122,1334,544,677,84,13,1,1319,15,788
서울특별시,강북구,번1동,번1동제5투,686,433,184,212,32,5,0,433,0,253
서울특별시,강북구,번2동,관내사전투표,3473,3473,2409,816,186,37,4,3452,21,0
서울특별시,강북구,번2동,번2동제1투,1978,1433,524,781,97,19,1,1422,11,545
서울특별시,강북구,번2동,번2동제2투,1221,715,277,395,34,6,0,712,3,506
서울특별시,강북구,번2동,번2동제3투,2112,1317,521,682,92,14,1,1310,7,795
서울특별시,강북구,번2동,번2동제4투,1681,1087,498,474,89,13,1,1075,12,594
서울특별시,강북구,번2동,번2동제5투,1678,1119,538,477,86,12,2,1115,4,559
서울특별시,강북구,번3동,관내사전투표,3634,3634,2383,994,198,27,3,3605,29,0
서울특별시,강북구,번3동,번3동제1투,1264,697,259,390,38,7,0,694,3,567
서울특별시,강북구,번3동,번3동제2투,1862,1273,506,641,98,15,2,1262,11,589
서울특별시,강북구,번3동,번3동제3투,1326,770,278,415,64,5,3,765,5,556
서울특별시,강북구,번3동,번3동제4투,2250,1574,667,781,96,19,2,1565,9,676
서울특별시,강북구,번3동,번3동제5투,2254,1565,689,736,116,14,1,1556,9,689
서울특별시,강북구,수유1동,관내사전투표,5078,5078,3612,1125,255,42,2,5036,42,0
서울특별시,강북구,수유1동,수유1동제1투,2004,1180,497,568,84,17,3,1169,11,824
서울특별시,강북구,수유1동,수유1동제2투,1951,1242,488,637,98,10,0,1233,9,709
서울특별시,강북구,수유1동,수유1동제3투,2129,1284,559,594,97,24,2,1276,8,845
서울특별시,강북구,수유1동,수유1동제4투,2129,1236,493,624,95,11,1,1224,12,893
서울특별시,강북구,수유1동,수유1동제5투,3204,1943,775,930,195,25,3,1928,15,1261
서울특별시,강북구,수유2동,관내사전투표,5355,5355,3560,1415,308,43,2,5328,27,0
서울특별시,강북구,수유2동,수유2동제1투,2204,1435,463,845,95,18,3,1424,11,769
서울특별시,강북구,수유2동,수유2동제2투,2791,1713,678,858,142,21,2,1701,12,1078
서울특별시,강북구,수유2동,수유2동제3투,2062,1444,430,910,85,11,1,1437,7,618
서울특별시,강북구,수유2동,수유2동제4투,1720,1021,395,515,89,13,2,1014,7,699
서울특별시,강북구,수유2동,수유2동제5투,2254,1297,473,677,106,23,2,1281,16,957
서울특별시,강북구,수유3동,관내사전투표,6457,6457,4399,1403,528,75,8,6413,44,0
서울특별시,강북구,수유3동,수유3동제1투,1959,1104,391,562,113,21,0,1087,17,855
서울특별시,강북구,수유3동,수유3동제2투,2590,1602,681,758,128,17,2,1586,16,988
서울특별시,강북구,수유3동,수유3동제3투,2503,1355,468,731,129,13,2,1343,12,1148
서울특별시,강북구,수유3동,수유3동제4투,2240,1518,628,735,122,11,4,1500,18,722
서울특별시,강북구,수유3동,수유3동제5투,2479,1425,568,694,126,16,3,1407,18,1054
서울특별시,강북구,수유3동,수유3동제6투,2471,1522,616,749,135,17,0,1517,5,949
서울특별시,강북구,우이동,관내사전투표,4905,4904,3442,1116,258,58,1,4875,29,1
서울특별시,강북구,우이동,우이동제1투,1643,1007,333,566,73,23,1,996,11,636
서울특별시,강북구,우이동,우이동제2투,2116,1252,485,645,93,15,1,1239,13,864
서울특별시,강북구,우이동,우이동제3투,2236,1329,482,700,107,27,3,1319,10,907
서울특별시,강북구,우이동,우이동제4투,2797,1828,781,892,114,18,1,1806,22,969
서울특별시,강북구,우이동,우이동제5투,2413,1617,626,861,100,18,0,1605,12,796
서울특별시,강북구,인수동,관내사전투표,6157,6157,4169,1554,336,61,3,6123,34,0
서울특별시,강북구,인수동,인수동제1투,1552,890,301,486,77,15,0,879,11,662
서울특별시,강북구,인수동,인수동제2투,1563,962,287,589,66,9,1,952,10,601
서울특별시,강북구,인수동,인수동제3투,2004,1246,483,635,97,20,0,1235,11,758
서울특별시,강북구,인수동,인수동제4투,1730,1089,404,606,56,20,0,1086,3,641
서울특별시,강북구,인수동,인수동제5투,2035,1146,448,592,81,8,1,1130,16,889
서울특별시,강북구,인수동,인수동제6투,2186,1300,497,690,93,12,1,1293,7,886
서울특별시,강북구,인수동,인수동제7투,2636,1633,752,751,107,14,1,1625,8,1003
서울특별시,강북구,인수동,인수동제8투,2450,1486,622,744,82,19,8,1475,11,964
서울특별시,도봉구,거소·선상투표,,440,416,193,137,70,3,4,407,9,24
서울특별시,도봉구,관외사전투표,,30138,30134,18840,6884,3679,391,30,29824,310,4
서울특별시,도봉구,재외투표,,1866,1508,1061,276,146,18,0,1501,7,358
서울특별시,도봉구,쌍문1동,관내사전투표,3897,3897,2726,913,191,39,6,3875,22,0
서울특별시,도봉구,쌍문1동,쌍문1동제1투,2232,1366,505,731,101,13,0,1350,16,866
서울특별시,도봉구,쌍문1동,쌍문1동제2투,2225,1322,527,654,111,18,2,1312,10,903
서울특별시,도봉구,쌍문1동,쌍문1동제3투,1993,1339,511,703,90,19,3,1326,13,654
서울특별시,도봉구,쌍문1동,쌍문1동제4투,3161,2192,956,1047,150,27,0,2180,12,969
서울특별시,도봉구,쌍문1동,쌍문1동제5투,2105,1376,539,711,95,21,1,1367,9,729
서울특별시,도봉구,쌍문2동,관내사전투표,4183,4183,2846,997,262,46,3,4154,29,0
서울특별시,도봉구,쌍문2동,쌍문2동제1투,2395,1505,569,762,139,18,2,1490,15,890
서울특별시,도봉구,쌍문2동,쌍문2동제2투,2178,1337,511,703,102,10,1,1327,10,841
서울특별시,도봉구,쌍문2동,쌍문2동제3투,1678,1150,457,593,83,6,0,1139,11,528
서울특별시,도봉구,쌍문2동,쌍문2동제4투,2162,1638,685,815,110,16,1,1627,11,524
서울특별시,도봉구,쌍문2동,쌍문2동제5투,2043,1314,556,623,106,13,3,1301,13,729
서울특별시,도봉구,쌍문3동,관내사전투표,4003,4003,2684,983,259,47,3,3976,27,0
서울특별시,도봉구,쌍문3동,쌍문3동제1투,2635,1724,666,848,175,23,2,1714,10,911
서울특별시,도봉구,쌍문3동,쌍문3동제2투,2433,1550,655,711,154,17,1,1538,12,883
서울특별시,도봉구,쌍문3동,쌍문3동제3투,2138,1394,562,669,127,21,3,1382,12,744
서울특별시,도봉구,쌍문3동,쌍문3동제4투,2130,1353,494,710,111,23,4,1342,11,777
서울특별시,도봉구,쌍문4동,관내사전투표,3522,3522,2380,849,227,52,0,3508,14,0
서울특별시,도봉구,쌍문4동,쌍문4동제1투,2159,1483,570,749,141,16,0,1476,7,676
서울특별시,도봉구,쌍문4동,쌍문4동제2투,2373,1743,608,932,172,23,0,1735,8,630
서울특별시,도봉구,쌍문4동,쌍문4동제3투,2278,1698,644,883,149,13,1,1690,8,580
서울특별시,도봉구,쌍문4동,쌍문4동제4투,2633,1876,678,985,173,29,0,1865,11,757
서울특별시,도봉구,방학1동,관내사전투표,5120,5120,3437,1342,259,42,4,5084,36,0
서울특별시,도봉구,방학1동,방학1동제1투,2083,1184,450,628,81,15,0,1174,10,899
서울특별시,도봉구,방학1동,방학1동제2투,1910,1187,444,639,80,11,1,1175,12,723
서울특별시,도봉구,방학1동,방학1동제3투,2248,1341,534,682,96,15,0,1327,14,907
서울특별시,도봉구,방학1동,방학1동제4투,2689,1814,699,971,113,15,2,1800,14,875
서울특별시,도봉구,방학1동,방학1동제5투,2804,1822,788,810,184,21,2,1805,17,982
서울특별시,도봉구,방학1동,방학1동제6투,1880,1333,442,769,107,7,0,1325,8,547
서울특별시,도봉구,방학1동,방학1동제7투,2040,1569,592,841,110,15,1,1559,10,471
서울특별시,도봉구,방학2동,관내사전투표,4305,4305,2933,1117,177,46,4,4277,28,0
서울특별시,도봉구,방학2동,방학2동제1투,1766,957,345,519,70,13,3,950,7,809
서울특별시,도봉구,방학2동,방학2동제2투,1471,921,367,459,74,9,0,909,12,550
서울특별시,도봉구,방학2동,방학2동제3투,1794,1134,445,568,99,12,2,1126,8,660
서울특별시,도봉구,방학2동,방학2동제4투,1905,1299,543,648,89,5,1,1286,13,606
서울특별시,도봉구,방학2동,방학2동제5투,1633,880,324,461,72,12,2,871,9,753
서울특별시,도봉구,방학2동,방학2동제6투,1805,1105,456,575,62,7,1,1101,4,700
서울특별시,도봉구,방학3동,관내사전투표,6766,6766,4461,1781,434,59,2,6737,29,0
서울특별시,도봉구,방학3동,방학3동제1투,3330,2212,782,1210,180,22,2,2196,16,1118
서울특별시,도봉구,방학3동,방학3동제2투,2161,1543,563,816,130,22,1,1532,11,618
서울특별시,도봉구,방학3동,방학3동제3투,2540,1710,591,961,128,24,0,1704,6,830
서울특별시,도봉구,방학3동,방학3동제4투,1805,1341,497,724,87,20,1,1329,12,464
서울특별시,도봉구,방학3동,방학3동제5투,1900,1486,640,706,108,20,0,1474,12,414
서울특별시,도봉구,방학3동,방학3동제6투,1853,1310,530,630,122,19,1,1302,8,543
서울특별시,도봉구,창1동,관내사전투표,4389,4389,2920,1076,341,29,4,4370,19,0
서울특별시,도봉구,창1동,창1동제1투,2403,1549,483,909,124,19,1,1536,13,854
서울특별시,도봉구,창1동,창1동제2투,2093,1255,516,599,118,13,1,1247,8,838
서울특별시,도봉구,창1동,창1동제3투,2202,1457,644,663,115,19,1,1442,15,745
서울특별시,도봉구,창1동,창1동제4투,2249,1568,562,834,141,20,1,1558,10,681
서울특별시,도봉구,창1동,창1동제5투,2632,1988,840,943,168,23,4,1978,10,644
서울특별시,도봉구,창1동,창1동제6투,1780,1218,525,573,90,17,3,1208,10,562
서울특별시,도봉구,창2동,관내사전투표,6463,6463,4339,1587,431,61,6,6424,39,0
서울특별시,도봉구,창2동,창2동제1투,2184,1358,516,684,126,13,1,1340,18,826
서울특별시,도봉구,창2동,창2동제2투,2588,1592,618,821,120,16,1,1576,16,996
서울특별시,도봉구,창2동,창2동제3투,2523,1794,790,807,156,24,3,1780,14,729
서울특별시,도봉구,창2동,창2동제4투,2933,2027,769,1049,173,20,1,2012,15,906
서울특별시,도봉구,창2동,창2동제5투,2842,1888,754,917,178,19,3,1871,17,954
서울특별시,도봉구,창2동,창2동제6투,2784,1757,771,799,152,17,1,1740,17,1027
서울특별시,도봉구,창3동,관내사전투표,2816,2816,1906,713,151,26,3,2799,17,0
서울특별시,도봉구,창3동,창3동제1투,1631,935,361,504,53,13,0,931,4,696
서울특별시,도봉구,창3동,창3동제2투,2099,1239,477,606,124,16,1,1224,15,860
서울특별시,도봉구,창3동,창3동제3투,1523,896,391,416,70,13,1,891,5,627
서울특별시,도봉구,창3동,창3동제4투,1999,1367,612,634,92,16,3,1357,10,632
서울특별시,도봉구,창4동,관내사전투표,5975,5975,3855,1513,503,60,3,5934,41,0
서울특별시,도봉구,창4동,창4동제1투,2241,1613,621,796,154,26,0,1597,16,628
서울특별시,도봉구,창4동,창4동제2투,1958,1345,519,688,117,15,2,1341,4,613
서울특별시,도봉구,창4동,창4동제3투,2239,1583,493,942,124,16,0,1575,8,656
서울특별시,도봉구,창4동,창4동제4투,3239,2536,936,1289,255,29,0,2509,27,703
서울특별시,도봉구,창4동,창4동제5투,2284,1752,720,847,157,16,4,1744,8,532
서울특별시,도봉구,창4동,창4동제6투,2944,2321,1029,1070,182,28,0,2309,12,623
서울특별시,도봉구,창5동,관내사전투표,5226,5226,3357,1404,372,58,3,5194,32,0
서울특별시,도봉구,창5동,창5동제1투,2241,1564,670,746,118,18,0,1552,12,677
서울특별시,도봉구,창5동,창5동제2투,1658,1165,466,585,87,14,2,1154,11,493
서울특별시,도봉구,창5동,창5동제3투,2296,1584,633,799,119,17,3,1571,13,712
서울특별시,도봉구,창5동,창5동제4투,2116,1467,508,798,130,23,2,1461,6,649
서울특별시,도봉구,창5동,창5동제5투,1335,1036,282,660,79,11,1,1033,3,299
서울특별시,도봉구,창5동,창5동제6투,1982,1502,447,915,119,13,1,1495,7,480
서울특별시,도봉구,창5동,창5동제7투,1761,1145,436,564,122,16,3,1141,4,616
서울특별시,도봉구,도봉1동,관내사전투표,5329,5329,3598,1364,284,49,2,5297,32,0
서울특별시,도봉구,도봉1동,도봉1동제1투,1976,1144,387,642,86,15,2,1132,12,832
서울특별시,도봉구,도봉1동,도봉1동제2투,2856,1942,760,1031,108,19,6,1924,18,914
서울특별시,도봉구,도봉1동,도봉1동제3투,1488,944,345,511,70,10,1,937,7,544
서울특별시,도봉구,도봉1동,도봉1동제4투,1046,626,202,366,46,5,2,621,5,420
서울특별시,도봉구,도봉1동,도봉1동제5투,1852,1265,415,742,87,10,2,1256,9,587
서울특별시,도봉구,도봉1동,도봉1동제6투,2778,1768,703,907,124,17,1,1752,16,1010
서울특별시,도봉구,도봉2동,관내사전투표,5220,5220,3492,1302,349,45,1,5189,31,0
서울특별시,도봉구,도봉2동,도봉2동제1투,1205,701,308,335,42,9,0,694,7,504
서울특별시,도봉구,도봉2동,도봉2동제2투,2042,1524,578,813,108,15,1,1515,9,518
서울특별시,도봉구,도봉2동,도봉2동제3투,1724,998,392,515,72,10,1,990,8,726
서울특별시,도봉구,도봉2동,도봉2동제4투,1868,1319,543,638,111,12,2,1306,13,549
서울특별시,도봉구,도봉2동,도봉2동제5투,3411,2479,944,1301,204,15,2,2466,13,932
서울특별시,도봉구,도봉2동,도봉2동제6투,2758,2198,943,1046,178,21,0,2188,10,560
서울특별시,도봉구,도봉2동,도봉2동제7투,2953,2310,952,1160,153,28,3,2296,14,643
서울특별시,노원구,거소·선상투표,,673,645,281,199,138,3,1,622,23,28
서울특별시,노원구,관외사전투표,,48925,48921,29554,11316,6909,628,68,48475,446,4
서울특별시,노원구,재외투표,,3142,2548,1737,482,275,42,3,2539,9,594
서울특별시,노원구,월계1동,관내사전투표,5315,5315,3372,1300,569,28,6,5275,40,0
서울특별시,노원구,월계1동,월계1동제1투,2222,1494,517,773,170,17,1,1478,16,728
서울특별시,노원구,월계1동,월계1동제2투,1546,1097,373,606,97,9,1,1086,11,449
서울특별시,노원구,월계1동,월계1동제3투,2928,1985,694,1029,232,17,0,1972,13,943
서울특별시,노원구,월계1동,월계1동제4투,2650,1728,631,872,195,13,1,1712,16,922
서울특별시,노원구,월계1동,월계1동제5투,2336,1623,680,756,155,17,3,1611,12,713
서울특별시,노원구,월계2동,관내사전투표,4145,4145,2834,1016,235,38,3,4126,19,0
서울특별시,노원구,월계2동,월계2동제1투,2572,1655,591,895,133,23,1,1643,12,917
서울특별시,노원구,월계2동,월계2동제2투,2098,1430,599,670,124,19,5,1417,13,668
서울특별시,노원구,월계2동,월계2동제3투,2322,1733,673,909,118,21,1,1722,11,589
서울특별시,노원구,월계2동,월계2동제4투,3081,2192,913,1062,178,27,5,2185,7,889
서울특별시,노원구,월계2동,월계2동제5투,1992,1246,500,670,47,12,2,1231,15,746
서울특별시,노원구,월계2동,월계2동제6투,2383,1712,672,828,176,22,3,1701,11,671
서울특별시,노원구,월계3동,관내사전투표,3515,3515,2301,897,259,26,1,3484,31,0
서울특별시,노원구,월계3동,월계3동제1투,1645,1195,475,575,117,14,0,1181,14,450
서울특별시,노원구,월계3동,월계3동제2투,2116,1630,696,755,138,21,4,1614,16,486
서울특별시,노원구,월계3동,월계3동제3투,1968,1462,560,753,124,14,0,1451,11,506
서울특별시,노원구,월계3동,월계3동제4투,2065,1500,607,683,165,33,0,1488,12,565
서울특별시,노원구,월계3동,월계3동제5투,2723,2176,855,1057,224,23,0,2159,17,547
서울특별시,노원구,월계3동,월계3동제6투,2635,2137,827,1075,204,18,2,2126,11,498
서울특별시,노원구,월계3동,월계3동제7투,1461,1064,440,499,110,8,1,1058,6,397
서울특별시,노원구,월계3동,월계3동제8투,1325,900,352,465,63,12,0,892,8,425
서울특별시,노원구,월계3동,월계3동제9투,1386,781,254,468,40,9,1,772,9,605
서울특별시,노원구,공릉1동,관내사전투표,8523,8523,5457,1890,1001,101,11,8460,63,0
서울특별시,노원구,공릉1동,공릉1동제1투,2755,1838,715,871,205,26,2,1819,19,917
서울특별시,노원구,공릉1동,공릉1동제2투,3445,2485,1065,1099,247,47,6,2464,21,960
서울특별시,노원구,공릉1동,공릉1동제3투,2560,1550,465,782,271,13,5,1536,14,1010
서울특별시,노원구,공릉1동,공릉1동제4투,2162,1468,571,737,133,14,3,1458,10,694
서울특별시,노원구,공릉1동,공릉1동제5투,1793,1234,521,594,85,11,0,1211,23,559
서울특별시,노원구,공릉1동,공릉1동제6투,1402,992,406,481,85,12,1,985,7,410
서울특별시,노원구,공릉1동,공릉1동제7투,2250,1639,680,775,148,22,2,1627,12,611
서울특별시,노원구,공릉1동,공릉1동제8투,2159,1560,634,750,137,21,1,1543,17,599
서울특별시,노원구,공릉1동,공릉1동제9투,2449,1944,838,885,181,23,0,1927,17,505
서울특별시,노원구,공릉2동,관내사전투표,7222,7222,4904,1568,634,72,2,7180,42,0
서울특별시,노원구,공릉2동,공릉2동제1투,2379,1655,620,814,177,28,0,1639,16,724
서울특별시,노원구,공릉2동,공릉2동제2투,2828,2242,943,1026,229,31,1,2230,12,586
서울특별시,노원구,공릉2동,공릉2동제3투,3036,2236,876,1033,286,21,2,2218,18,800
서울특별시,노원구,공릉2동,공릉2동제4투,3231,2459,976,1155,280,25,3,2439,20,772
서울특별시,노원구,공릉2동,공릉2동제5투,2692,2068,839,1018,187,17,0,2061,7,624
서울특별시,노원구,공릉2동,공릉2동제6투,2507,1817,690,864,218,31,1,1804,13,690
서울특별시,노원구,공릉2동,공릉2동제7투,2424,1714,643,865,166,24,3,1701,13,710
서울특별시,노원구,공릉2동,공릉2동제8투,1312,944,307,517,95,18,0,937,7,368
서울특별시,노원구,공릉2동,공릉2동제9투,1864,1406,589,677,103,29,1,1399,7,458
서울특별시,노원구,하계1동,관내사전투표,4355,4355,2794,1014,444,46,5,4303,52,0
서울특별시,노원구,하계1동,하계1동제1투,2108,1547,517,818,169,22,1,1527,20,561
서울특별시,노원구,하계1동,하계1동제2투,2107,1464,607,672,150,20,2,1451,13,643
서울특별시,노원구,하계1동,하계1동제3투,2400,1561,559,855,115,12,5,1546,15,839
서울특별시,노원구,하계1동,하계1동제4투,2633,2024,786,960,219,36,3,2004,20,609
서울특별시,노원구,하계1동,하계1동제5투,3168,2249,792,1025,376,32,1,2226,23,919
서울특별시,노원구,하계1동,하계1동제6투,2763,2148,874,1016,208,35,1,2134,14,615
서울특별시,노원구,하계2동,관내사전투표,4905,4905,3327,1102,378,55,2,4864,41,0
서울특별시,노원구,하계2동,하계2동제1투,2192,1562,614,761,152,17,3,1547,15,630
서울특별시,노원구,하계2동,하계2동제2투,1409,746,272,422,35,6,3,738,8,663
서울특별시,노원구,하계2동,하계2동제3투,2935,2376,1031,1055,248,25,1,2360,16,559
서울특별시,노원구,하계2동,하계2동제4투,2567,2005,877,876,200,32,1,1986,19,562
서울특별시,노원구,하계2동,하계2동제5투,2765,2166,945,944,225,35,4,2153,13,599
서울특별시,노원구,중계본동,관내사전투표,4008,4008,2851,747,331,42,2,3973,35,0
서울특별시,노원구,중계본동,중계본동제1투,2104,1519,584,732,162,27,0,1505,14,585
서울특별시,노원구,중계본동,중계본동제2투,2306,1655,650,819,151,24,1,1645,10,651
서울특별시,노원구,중계본동,중계본동제3투,1935,1477,639,634,163,30,2,1468,9,458
서울특별시,노원구,중계본동,중계본동제4투,2538,1753,769,801,148,25,0,1743,10,785
서울특별시,노원구,중계본동,중계본동제5투,2490,1890,737,903,211,27,3,1881,9,600
서울특별시,노원구,중계1동,관내사전투표,5500,5500,3784,1163,479,53,4,5483,17,0
서울특별시,노원구,중계1동,중계1동제1투,2404,1691,701,787,163,23,3,1677,14,713
서울특별시,노원구,중계1동,중계1동제2투,2441,1710,739,769,158,26,1,1693,17,731
서울특별시,노원구,중계1동,중계1동제3투,2298,1748,718,815,178,24,1,1736,12,550
서울특별시,노원구,중계1동,중계1동제4투,2731,2119,900,948,228,26,1,2103,16,612
서울특별시,노원구,중계1동,중계1동제5투,2511,1883,733,868,242,22,2,1867,16,628
서울특별시,노원구,중계2·3동,관내사전투표,6698,6698,4523,1535,527,61,1,6647,51,0
서울특별시,노원구,중계2·3동,중계2·3동제1투,2252,1626,663,746,176,29,1,1615,11,626
서울특별시,노원구,중계2·3동,중계2·3동제2투,2441,1934,829,891,170,33,4,1927,7,507
서울특별시,노원구,중계2·3동,중계2·3동제3투,1891,1403,613,627,130,18,2,1390,13,488
서울특별시,노원구,중계2·3동,중계2·3동제4투,1947,1375,632,578,140,17,0,1367,8,572
서울특별시,노원구,중계2·3동,중계2·3동제5투,1933,1274,479,642,124,18,0,1263,11,659
서울특별시,노원구,중계2·3동,중계2·3동제6투,1927,1404,573,666,137,20,1,1397,7,523
서울특별시,노원구,중계2·3동,중계2·3동제7투,1663,1251,575,561,87,10,4,1237,14,412
서울특별시,노원구,중계2·3동,중계2·3동제8투,1811,1125,502,530,72,11,0,1115,10,686
서울특별시,노원구,중계2·3동,중계2·3동제9투,1280,847,364,429,39,5,2,839,8,433
서울특별시,노원구,중계2·3동,중계2·3동제10투,1896,1190,437,665,73,7,1,1183,7,706
서울특별시,노원구,중계4동,관내사전투표,4210,4210,2834,989,319,52,1,4195,15,0
서울특별시,노원구,중계4동,중계4동제1투,2726,1879,759,948,145,17,3,1872,7,847
서울특별시,노원구,중계4동,중계4동제2투,1925,1257,463,668,97,14,4,1246,11,668
서울특별시,노원구,중계4동,중계4동제3투,3186,2396,985,1097,261,39,1,2383,13,790
서울특별시,노원구,중계4동,중계4동제4투,2777,1949,838,902,166,25,0,1931,18,828
서울특별시,노원구,상계1동,관내사전투표,7841,7841,5217,1877,610,90,4,7798,43,0
서울특별시,노원구,상계1동,상계1동제1투,2832,1625,603,819,166,21,3,1612,13,1207
서울특별시,노원구,상계1동,상계1동제2투,2258,1512,622,700,161,20,0,1503,9,746
서울특별시,노원구,상계1동,상계1동제3투,2759,2032,840,925,216,33,3,2017,15,727
서울특별시,노원구,상계1동,상계1동제4투,2296,1527,407,985,118,10,2,1522,5,769
서울특별시,노원구,상계1동,상계1동제5투,2583,1801,772,831,156,23,2,1784,17,782
서울특별시,노원구,상계1동,상계1동제6투,2379,1741,687,876,140,26,2,1731,10,638
서울특별시,노원구,상계1동,상계1동제7투,2469,1770,663,929,135,21,1,1749,21,699
서울특별시,노원구,상계1동,상계1동제8투,2837,2055,796,1010,211,23,3,2043,12,782
서울특별시,노원구,상계2동,관내사전투표,5624,5624,3579,1423,535,50,8,5595,29,0
서울특별시,노원구,상계2동,상계2동제1투,2444,1475,499,792,157,14,1,1463,12,969
서울특별시,노원구,상계2동,상계2동제2투,2766,1801,607,972,186,26,0,1791,10,965
서울특별시,노원구,상계2동,상계2동제3투,2613,1805,698,902,172,17,0,1789,16,808
서울특별시,노원구,상계2동,상계2동제4투,2703,1976,734,980,226,23,3,1966,10,727
서울특별시,노원구,상계3·4동,관내사전투표,3890,3890,2656,965,226,25,0,3872,18,0
서울특별시,노원구,상계3·4동,상계3·4동제1투,2786,1773,726,849,169,18,1,1763,10,1013
서울특별시,노원구,상계3·4동,상계3·4동제2투,2029,1627,829,594,163,33,1,1620,7,402
서울특별시,노원구,상계3·4동,상계3·4동제3투,2360,1830,779,874,141,19,4,1817,13,530
서울특별시,노원구,상계3·4동,상계3·4동제4투,2185,1601,688,762,120,18,1,1589,12,584
서울특별시,노원구,상계3·4동,상계3·4동제5투,1571,986,376,518,77,9,0,980,6,585
서울특별시,노원구,상계3·4동,상계3·4동제6투,2133,1602,570,839,154,26,3,1592,10,531
서울특별시,노원구,상계3·4동,상계3·4동제7투,3189,1757,624,970,141,11,1,1747,10,1432
서울특별시,노원구,상계5동,관내사전투표,5126,5126,3415,1233,378,54,6,5086,40,0
서울특별시,노원구,상계5동,상계5동제1투,2009,1124,358,650,96,8,0,1112,12,885
서울특별시,노원구,상계5동,상계5동제2투,2552,1824,720,900,173,18,2,1813,11,728
서울특별시,노원구,상계5동,상계5동제3투,1914,1197,445,643,86,16,0,1190,7,717
서울특별시,노원구,상계5동,상계5동제4투,2450,1704,670,835,167,21,2,1695,9,746
서울특별시,노원구,상계5동,상계5동제5투,2077,1415,562,683,139,17,3,1404,11,662
서울특별시,노원구,상계5동,상계5동제6투,2410,1657,655,838,132,18,1,1644,13,753
서울특별시,노원구,상계6·7동,관내사전투표,5980,5980,4042,1206,600,81,5,5934,46,0
서울특별시,노원구,상계6·7동,상계6·7동제1투,2436,1707,580,900,184,29,4,1697,10,729
서울특별시,노원구,상계6·7동,상계6·7동제2투,2541,1846,752,891,168,17,4,1832,14,695
서울특별시,노원구,상계6·7동,상계6·7동제3투,2577,1937,831,890,179,20,2,1922,15,640
서울특별시,노원구,상계6·7동,상계6·7동제4투,3059,2284,1006,1015,223,19,1,2264,20,775
서울특별시,노원구,상계6·7동,상계6·7동제5투,2751,2022,755,1029,185,29,6,2004,18,729
서울특별시,노원구,상계6·7동,상계6·7동제6투,2630,1771,717,864,146,22,1,1750,21,859
서울특별시,노원구,상계6·7동,상계6·7동제7투,2612,2027,824,953,213,26,2,2018,9,585
서울특별시,노원구,상계8동,관내사전투표,4711,4711,3168,970,501,46,6,4691,20,0
서울특별시,노원구,상계8동,상계8동제1투,1971,1403,553,671,145,24,1,1394,9,568
서울특별시,노원구,상계8동,상계8동제2투,2549,1912,828,854,193,24,1,1900,12,637
서울특별시,노원구,상계8동,상계8동제3투,2310,1689,653,847,156,19,0,1675,14,621
서울특별시,노원구,상계8동,상계8동제4투,1630,1224,457,474,257,21,1,1210,14,406
서울특별시,노원구,상계8동,상계8동제5투,2322,1741,726,812,173,15,0,1726,15,581
서울특별시,노원구,상계9동,관내사전투표,4677,4677,3099,1042,449,69,3,4662,15,0
서울특별시,노원구,상계9동,상계9동제1투,2331,1639,545,868,195,18,1,1627,12,692
서울특별시,노원구,상계9동,상계9동제2투,2654,1969,667,1031,226,30,2,1956,13,685
서울특별시,노원구,상계9동,상계9동제3투,2550,1896,721,950,183,32,0,1886,10,654
서울특별시,노원구,상계9동,상계9동제4투,2962,2189,925,997,231,17,3,2173,16,773
서울특별시,노원구,상계10동,관내사전투표,4463,4462,2880,1088,434,44,3,4449,13,1
서울특별시,노원구,상계10동,상계10동제1투,2211,1555,439,937,139,24,1,1540,15,656
서울특별시,노원구,상계10동,상계10동제2투,2259,1608,589,797,178,21,2,1587,21,651
서울특별시,노원구,상계10동,상계10동제3투,2859,2143,804,1023,268,32,2,2129,14,716
서울특별시,노원구,상계10동,상계10동제4투,2291,1646,650,787,179,16,3,1635,11,645
서울특별시,은평구,거소·선상투표,,905,854,412,235,122,21,15,805,49,51
서울특별시,은평구,관외사전투표,,46524,46519,29115,10260,5746,857,40,46018,501,5
서울특별시,은평구,재외투표,,3406,2715,1872,551,220,52,2,2697,18,691
서울특별시,은평구,녹번동,관내사전투표,7743,7742,5183,1819,575,98,2,7677,65,1
서울특별시,은평구,녹번동,녹번동제1투,2594,1572,633,722,165,31,2,1553,19,1022
서울특별시,은평구,녹번동,녹번동제2투,3013,2216,771,1176,220,30,3,2200,16,797
서울특별시,은평구,녹번동,녹번동제3투,2792,1661,696,780,134,28,1,1639,22,1131
서울특별시,은평구,녹번동,녹번동제4투,2544,1535,548,824,133,16,4,1525,10,1009
서울특별시,은평구,녹번동,녹번동제5투,3135,2321,843,1241,190,30,3,2307,14,814
서울특별시,은평구,녹번동,녹번동제6투,2686,1572,600,817,115,24,0,1556,16,1114
서울특별시,은평구,녹번동,녹번동제7투,2831,1879,770,909,159,27,2,1867,12,952
서울특별시,은평구,응암제1동,관내사전투표,6551,6551,4473,1507,435,85,3,6503,48,0
서울특별시,은평구,응암제1동,응암제1동제1투,2453,1502,586,743,138,17,1,1485,17,951
서울특별시,은평구,응암제1동,응암제1동제2투,1960,1483,619,676,152,20,1,1468,15,477
서울특별시,은평구,응암제1동,응암제1동제3투,2827,1817,726,875,177,21,4,1803,14,1010
서울특별시,은평구,응암제1동,응암제1동제4투,3772,2516,1049,1183,209,46,4,2491,25,1256
서울특별시,은평구,응암제1동,응암제1동제5투,3092,2053,874,932,170,50,3,2029,24,1039
서울특별시,은평구,응암제1동,응암제1동제6투,3483,2692,1067,1282,287,29,0,2665,27,791
서울특별시,은평구,응암제2동,관내사전투표,4565,4565,3163,981,327,67,1,4539,26,0
서울특별시,은평구,응암제2동,응암제2동제1투,1888,1227,511,579,90,29,2,1211,16,661
서울특별시,은평구,응암제2동,응암제2동제2투,2617,1903,806,904,161,20,2,1893,10,714
서울특별시,은평구,응암제2동,응암제2동제3투,2347,1747,676,865,172,29,1,1743,4,600
서울특별시,은평구,응암제2동,응암제2동제4투,2841,2117,920,968,184,31,5,2108,9,724
서울특별시,은평구,응암제2동,응암제2동제5투,2248,1232,462,646,95,22,0,1225,7,1016
서울특별시,은평구,응암제2동,응암제2동제6투,1736,1286,482,655,125,19,0,1281,5,450
서울특별시,은평구,응암제3동,관내사전투표,7501,7501,5156,1754,445,97,8,7460,41,0
서울특별시,은평구,응암제3동,응암제3동제1투,2464,1515,611,732,141,20,2,1506,9,949
서울특별시,은평구,응암제3동,응암제3동제2투,2591,1563,620,789,122,16,2,1549,14,1028
서울특별시,은평구,응암제3동,응암제3동제3투,2603,1543,627,747,123,27,4,1528,15,1060
서울특별시,은평구,응암제3동,응암제3동제4투,1598,850,325,441,65,8,1,840,10,748
서울특별시,은평구,응암제3동,응암제3동제5투,1849,1154,474,557,99,12,1,1143,11,695
서울특별시,은평구,응암제3동,응암제3동제6투,2177,1358,590,644,94,17,0,1345,13,819
서울특별시,은평구,역촌동,관내사전투표,10710,10710,7492,2255,737,153,3,10640,70,0
서울특별시,은평구,역촌동,역촌동제1투,2657,1531,608,763,128,19,2,1520,11,1126
서울특별시,은평구,역촌동,역촌동제2투,2818,1837,787,846,155,34,2,1824,13,981
서울특별시,은평구,역촌동,역촌동제3투,3200,2146,931,977,178,38,2,2126,20,1054
서울특별시,은평구,역촌동,역촌동제4투,2993,1882,780,917,137,35,2,1871,11,1111
서울특별시,은평구,역촌동,역촌동제5투,2226,1372,538,678,129,18,1,1364,8,854
서울특별시,은평구,역촌동,역촌동제6투,2220,1416,613,666,102,23,2,1406,10,804
서울특별시,은평구,역촌동,역촌동제7투,2523,1635,674,789,124,29,4,1620,15,888
서울특별시,은평구,역촌동,역촌동제8투,2953,1892,814,887,146,26,0,1873,19,1061
서울특별시,은평구,역촌동,역촌동제9투,3359,2193,952,1008,184,37,0,2181,12,1166
서울특별시,은평구,신사제1동,관내사전투표,8451,8451,5793,1969,530,108,7,8407,44,0
서울특별시,은평구,신사제1동,신사제1동제1투,2924,1837,732,901,161,28,3,1825,12,1087
서울특별시,은평구,신사제1동,신사제1동제2투,2689,1760,653,904,158,24,2,1741,19,929
서울특별시,은평구,신사제1동,신사제1동제3투,2850,1815,718,893,144,34,4,1793,22,1035
서울특별시,은평구,신사제1동,신사제1동제4투,2277,1439,586,686,140,20,1,1433,6,838
서울특별시,은평구,신사제1동,신사제1동제5투,3020,2088,853,1024,159,28,5,2069,19,932
서울특별시,은평구,신사제2동,관내사전투표,2998,2998,2036,764,152,34,2,2988,10,0
서울특별시,은평구,신사제2동,신사제2동제1투,2010,1285,507,612,126,24,3,1272,13,725
서울특별시,은평구,신사제2동,신사제2동제2투,2382,1631,665,799,125,29,1,1619,12,751
서울특별시,은평구,신사제2동,신사제2동제3투,2453,1469,676,635,105,32,5,1453,16,984
서울특별시,은평구,신사제2동,신사제2동제4투,1720,1196,485,606,76,20,0,1187,9,524
서울특별시,은평구,신사제2동,신사제2동제5투,1911,1271,435,678,135,14,1,1263,8,640
서울특별시,은평구,증산동,관내사전투표,3906,3906,2604,974,253,50,1,3882,24,0
서울특별시,은평구,증산동,증산동제1투,1944,1253,453,671,97,18,1,1240,13,691
서울특별시,은평구,증산동,증산동제2투,1138,737,269,389,60,11,0,729,8,401
서울특별시,은평구,증산동,증산동제3투,2227,1502,539,796,142,20,1,1498,4,725
서울특별시,은평구,증산동,증산동제4투,2913,2300,950,1020,272,41,0,2283,17,613
서울특별시,은평구,수색동,관내사전투표,5099,5099,3352,1206,454,54,3,5069,30,0
서울특별시,은평구,수색동,수색동제1투,2126,1433,477,747,168,24,1,1417,16,693
서울특별시,은평구,수색동,수색동제2투,2352,1656,530,915,167,32,1,1645,11,696
서울특별시,은평구,수색동,수색동제3투,2106,1575,626,777,132,21,6,1562,13,531
서울특별시,은평구,수색동,수색동제4투,4323,3239,1223,1580,367,42,2,3214,25,1084
서울특별시,은평구,불광제1동,관내사전투표,8626,8626,5695,2039,687,136,3,8560,66,0
서울특별시,은평구,불광제1동,불광제1동제1투,2500,1568,559,804,164,23,0,1550,18,932
서울특별시,은평구,불광제1동,불광제1동제2투,3190,2359,830,1297,174,41,4,2346,13,831
서울특별시,은평구,불광제1동,불광제1동제3투,2207,1353,527,703,97,14,3,1344,9,854
서울특별시,은평구,불광제1동,불광제1동제4투,2204,1796,590,998,184,14,1,1787,9,408
서울특별시,은평구,불광제1동,불광제1동제5투,3207,2358,968,1143,197,34,2,2344,14,849
서울특별시,은평구,불광제1동,불광제1동제6투,2330,1635,722,739,143,18,1,1623,12,695
서울특별시,은평구,불광제1동,불광제1동제7투,4085,2905,1122,1453,269,34,3,2881,24,1180
서울특별시,은평구,불광제1동,불광제1동제8투,2670,1762,769,815,132,28,4,1748,14,908
서울특별시,은평구,불광제2동,관내사전투표,5513,5513,3790,1347,287,57,4,5485,28,0
서울특별시,은평구,불광제2동,불광제2동제1투,2011,1213,415,660,112,15,1,1203,10,798
서울특별시,은평구,불광제2동,불광제2동제2투,2358,1482,601,723,127,17,3,1471,11,876
서울특별시,은평구,불광제2동,불광제2동제3투,2397,1391,556,687,109,17,2,1371,20,1006
서울특별시,은평구,불광제2동,불광제2동제4투,2062,1240,428,692,91,14,3,1228,12,822
서울특별시,은평구,불광제2동,불광제2동제5투,2432,1582,648,778,129,14,2,1571,11,850
서울특별시,은평구,불광제2동,불광제2동제6투,2211,1500,613,771,97,7,0,1488,12,711
서울특별시,은평구,불광제2동,불광제2동제7투,2394,1626,678,802,111,25,1,1617,9,768
서울특별시,은평구,갈현제1동,관내사전투표,3960,3960,2654,985,248,41,4,3932,28,0
서울특별시,은평구,갈현제1동,갈현제1동제1투,2538,1533,578,797,126,20,0,1521,12,1005
서울특별시,은평구,갈현제1동,갈현제1동제2투,2236,1373,513,742,93,17,0,1365,8,863
서울특별시,은평구,갈현제1동,갈현제1동제3투,2977,1869,669,989,168,22,4,1852,17,1108
서울특별시,은평구,갈현제2동,관내사전투표,6584,6583,4436,1493,501,93,5,6528,55,1
서울특별시,은평구,갈현제2동,갈현제2동제1투,3118,1908,749,920,192,23,3,1887,21,1210
서울특별시,은평구,갈현제2동,갈현제2동제2투,3332,2168,905,1053,157,26,3,2144,24,1164
서울특별시,은평구,갈현제2동,갈현제2동제3투,3116,1932,848,867,163,38,3,1919,13,1184
서울특별시,은평구,갈현제2동,갈현제2동제4투,3216,2025,875,951,152,25,3,2006,19,1191
서울특별시,은평구,갈현제2동,갈현제2동제5투,2528,1694,652,849,154,24,1,1680,14,834
서울특별시,은평구,구산동,관내사전투표,6864,6863,4768,1497,441,109,3,6818,45,1
서울특별시,은평구,구산동,구산동제1투,3019,1823,711,913,149,25,1,1799,24,1196
서울특별시,은평구,구산동,구산동제2투,3483,2351,1064,1049,178,37,3,2331,20,1132
서울특별시,은평구,구산동,구산동제3투,2800,1591,694,721,123,27,2,1567,24,1209
서울특별시,은평구,구산동,구산동제4투,1977,1223,541,535,112,24,3,1215,8,754
서울특별시,은평구,구산동,구산동제5투,2951,1924,774,952,156,22,4,1908,16,1027
서울특별시,은평구,구산동,구산동제6투,2905,1898,708,1034,114,23,1,1880,18,1007
서울특별시,은평구,대조동,관내사전투표,6340,6340,4241,1478,460,105,4,6288,52,0
서울특별시,은평구,대조동,대조동제1투,3451,2168,794,1052,252,42,3,2143,25,1283
서울특별시,은평구,대조동,대조동제2투,2943,1840,755,882,146,36,3,1822,18,1103
서울특별시,은평구,대조동,대조동제3투,1984,1309,511,661,105,19,0,1296,13,675
서울특별시,은평구,대조동,대조동제4투,1671,1244,457,523,217,28,2,1227,17,427
서울특별시,은평구,대조동,대조동제5투,2857,1844,766,857,176,25,0,1824,20,1013
서울특별시,은평구,대조동,대조동제6투,2804,1788,752,844,135,36,4,1771,17,1016
서울특별시,은평구,진관동,관내사전투표,11068,11068,7493,2480,830,193,6,11002,66,0
서울특별시,은평구,진관동,진관동제1투,2585,1978,772,1008,155,27,3,1965,13,607
서울특별시,은평구,진관동,진관동제2투,2872,2232,931,1057,190,39,2,2219,13,640
서울특별시,은평구,진관동,진관동제3투,2298,1740,735,838,129,27,4,1733,7,558
서울특별시,은평구,진관동,진관동제4투,2364,1714,606,923,134,32,2,1697,17,650
서울특별시,은평구,진관동,진관동제5투,2087,1513,599,746,133,29,1,1508,5,574
서울특별시,은평구,진관동,진관동제6투,2589,1878,697,1001,137,26,4,1865,13,711
서울특별시,은평구,진관동,진관동제7투,2187,1590,584,849,131,22,1,1587,3,597
서울특별시,은평구,진관동,진관동제8투,2449,1853,725,973,123,21,1,1843,10,596
서울특별시,은평구,진관동,진관동제9투,3140,2397,1084,1036,212,37,2,2371,26,743
서울특별시,은평구,진관동,진관동제10투,2850,2133,1027,836,214,34,1,2112,21,717
서울특별시,은평구,진관동,진관동제11투,2435,1561,626,670,213,27,1,1537,24,874
서울특별시,마포구,거소·선상투표,,337,328,143,94,76,3,0,316,12,9
서울특별시,마포구,관외사전투표,,35942,35942,21131,8904,4712,759,32,35538,404,0
서울특별시,마포구,재외투표,,3996,3195,2015,755,322,83,0,3175,20,801
서울특별시,마포구,공덕동,관내사전투표,4076,4076,2747,990,274,42,3,4056,20,0
서울특별시,마포구,공덕동,공덕동제1투,2391,1633,633,846,125,17,1,1622,11,758
서울특별시,마포구,공덕동,공덕동제2투,3140,2364,782,1292,250,27,1,2352,12,776
서울특별시,마포구,공덕동,공덕동제3투,1847,1167,430,573,132,20,3,1158,9,680
서울특별시,마포구,공덕동,공덕동제4투,1904,1209,534,541,103,19,2,1199,10,695
서울특별시,마포구,공덕동,공덕동제5투,2316,1624,702,704,176,29,2,1613,11,692
서울특별시,마포구,공덕동,공덕동제6투,1978,1353,451,706,154,24,3,1338,15,625
서울특별시,마포구,공덕동,공덕동제7투,2291,1579,607,770,151,29,0,1557,22,712
서울특별시,마포구,공덕동,공덕동제8투,2639,2076,747,1069,212,33,4,2065,11,563
서울특별시,마포구,공덕동,공덕동제9투,2974,2156,721,1199,194,27,1,2142,14,818
서울특별시,마포구,아현동,관내사전투표,5607,5607,3385,1517,572,91,1,5566,41,0
서울특별시,마포구,아현동,아현동제1투,2710,1809,533,979,246,38,3,1799,10,901
서울특별시,마포구,아현동,아현동제2투,1824,1320,394,746,148,23,0,1311,9,504
서울특별시,마포구,아현동,아현동제3투,2310,1802,588,971,204,28,2,1793,9,508
서울특별시,마포구,아현동,아현동제4투,3273,2399,781,1264,289,45,1,2380,19,874
서울특별시,마포구,아현동,아현동제5투,2771,2213,767,1160,247,28,1,2203,10,558
서울특별시,마포구,아현동,아현동제6투,3259,2593,818,1488,245,21,2,2574,19,666
서울특별시,마포구,도화동,관내사전투표,5590,5589,3432,1466,551,90,3,5542,47,1
서울특별시,마포구,도화동,도화동제1투,1764,1114,351,616,116,17,1,1101,13,650
서울특별시,마포구,도화동,도화동제2투,1811,1357,363,827,136,17,1,1344,13,454
서울특별시,마포구,도화동,도화동제3투,1561,1259,290,802,138,17,1,1248,11,302
서울특별시,마포구,도화동,도화동제4투,1556,1247,450,643,129,19,1,1242,5,309
서울특별시,마포구,도화동,도화동제5투,1282,866,295,476,73,9,1,854,12,416
서울특별시,마포구,도화동,도화동제6투,2071,1680,502,960,183,24,2,1671,9,391
서울특별시,마포구,도화동,도화동제7투,1803,1331,499,650,160,13,0,1322,9,472
서울특별시,마포구,용강동,관내사전투표,4481,4481,2842,1185,373,58,0,4458,23,0
서울특별시,마포구,용강동,용강동제1투,2526,1857,572,1084,161,27,2,1846,11,669
서울특별시,마포구,용강동,용강동제2투,1921,1340,377,782,150,25,1,1335,5,581
서울특별시,마포구,용강동,용강동제3투,3031,2228,704,1237,241,30,2,2214,14,803
서울특별시,마포구,용강동,용강동제4투,1896,1529,541,804,151,24,1,1521,8,367
서울특별시,마포구,용강동,용강동제5투,1911,1437,523,736,142,25,0,1426,11,474
서울특별시,마포구,대흥동,관내사전투표,3632,3632,2131,906,475,85,3,3600,32,0
서울특별시,마포구,대흥동,대흥동제1투,1872,1279,430,677,144,17,4,1272,7,593
서울특별시,마포구,대흥동,대흥동제2투,1864,1388,396,761,193,25,1,1376,12,476
서울특별시,마포구,대흥동,대흥동제3투,2130,1268,377,670,171,31,2,1251,17,862
서울특별시,마포구,대흥동,대흥동제4투,2158,1352,421,662,234,22,2,1341,11,806
서울특별시,마포구,염리동,관내사전투표,4211,4210,2634,962,474,94,2,4166,44,1
서울특별시,마포구,염리동,염리동제1투,1463,956,301,522,116,12,0,951,5,507
서울특별시,마포구,염리동,염리동제2투,3519,2499,842,1302,294,42,2,2482,17,1020
서울특별시,마포구,염리동,염리동제3투,2336,1727,631,877,174,26,2,1710,17,609
서울특별시,마포구,염리동,염리동제4투,1410,1066,340,596,103,16,2,1057,9,344
서울특별시,마포구,신수동,관내사전투표,4023,4023,2559,986,362,80,1,3988,35,0
서울특별시,마포구,신수동,신수동제1투,2173,1432,496,763,135,25,4,1423,9,741
서울특별시,마포구,신수동,신수동제2투,1510,1118,366,633,94,15,1,1109,9,392
서울특별시,마포구,신수동,신수동제3투,3123,2244,726,1183,280,42,2,2233,11,879
서울특별시,마포구,신수동,신수동제4투,2736,2005,635,1126,198,20,2,1981,24,731
서울특별시,마포구,신수동,신수동제5투,2472,1866,628,1014,190,23,0,1855,11,606
서울특별시,마포구,서강동,관내사전투표,5670,5668,3637,1344,540,95,4,5620,48,2
서울특별시,마포구,서강동,서강동제1투,1895,1300,462,645,157,23,1,1288,12,595
서울특별시,마포구,서강동,서강동제2투,2205,1670,616,870,135,34,1,1656,14,535
서울특별시,마포구,서강동,서강동제3투,2605,1834,669,903,204,43,4,1823,11,771
서울특별시,마포구,서강동,서강동제4투,2322,1595,478,856,206,37,3,1580,15,727
서울특별시,마포구,서강동,서강동제5투,2169,1530,550,752,177,33,3,1515,15,639
서울특별시,마포구,서강동,서강동제6투,2996,2246,610,1358,221,43,4,2236,10,750
서울특별시,마포구,서교동,관내사전투표,4551,4551,3031,896,449,135,5,4516,35,0
서울특별시,마포구,서교동,서교동제1투,2332,1440,467,709,198,38,2,1414,26,892
서울특별시,마포구,서교동,서교동제2투,2764,1788,509,1054,188,26,2,1779,9,976
서울특별시,마포구,서교동,서교동제3투,1956,1307,482,681,110,24,0,1297,10,649
서울특별시,마포구,서교동,서교동제4투,2502,1601,593,772,165,39,2,1571,30,901
서울특별시,마포구,서교동,서교동제5투,1118,685,220,362,78,15,0,675,10,433
서울특별시,마포구,서교동,서교동제6투,1431,936,301,478,117,26,1,923,13,495
서울특별시,마포구,서교동,서교동제7투,2173,1404,493,657,198,35,1,1384,20,769
서울특별시,마포구,합정동,관내사전투표,5411,5410,3554,1150,535,119,7,5365,45,1
서울특별시,마포구,합정동,합정동제1투,1664,1163,434,543,142,28,0,1147,16,501
서울특별시,마포구,합정동,합정동제2투,1785,1201,458,592,111,22,3,1186,15,584
서울특별시,마포구,합정동,합정동제3투,2364,1585,545,816,182,30,1,1574,11,779
서울특별시,마포구,합정동,합정동제4투,1652,1111,396,564,109,29,1,1099,12,541
서울특별시,마포구,합정동,합정동제5투,1770,1205,419,615,138,19,1,1192,13,565
서울특별시,마포구,망원1동,관내사전투표,5600,5600,3780,1205,413,151,7,5556,44,0
서울특별시,마포구,망원1동,망원1동제1투,1745,1049,350,545,123,25,1,1044,5,696
서울특별시,마포구,망원1동,망원1동제2투,2137,1395,521,687,138,35,1,1382,13,742
서울특별시,마포구,망원1동,망원1동제3투,1962,1287,490,633,120,32,2,1277,10,675
서울특별시,마포구,망원1동,망원1동제4투,2461,1681,672,794,152,41,2,1661,20,780
서울특별시,마포구,망원1동,망원1동제5투,1954,1399,541,692,128,30,1,1392,7,555
서울특별시,마포구,망원2동,관내사전투표,4502,4502,3197,874,307,94,0,4472,30,0
서울특별시,마포구,망원2동,망원2동제1투,1868,1245,471,619,115,30,0,1235,10,623
서울특별시,마포구,망원2동,망원2동제2투,1699,1243,519,552,120,36,3,1230,13,456
서울특별시,마포구,망원2동,망원2동제3투,2175,1519,579,757,126,37,0,1499,20,656
서울특별시,마포구,망원2동,망원2동제4투,2092,1487,607,730,121,15,2,1475,12,605
서울특별시,마포구,망원2동,망원2동제5투,1734,1305,490,640,127,32,4,1293,12,429
서울특별시,마포구,연남동,관내사전투표,4422,4422,2937,920,405,118,4,4384,38,0
서울특별시,마포구,연남동,연남동제1투,1762,1099,383,548,129,28,1,1089,10,663
서울특별시,마포구,연남동,연남동제2투,1374,898,287,478,89,24,0,878,20,476
서울특별시,마포구,연남동,연남동제3투,2387,1563,495,838,173,38,0,1544,19,824
서울특별시,마포구,연남동,연남동제4투,2620,1784,644,923,154,45,2,1768,16,836
서울특별시,마포구,성산1동,관내사전투표,4405,4405,3105,798,329,140,2,4374,31,0
서울특별시,마포구,성산1동,성산1동제1투,1847,1129,399,574,103,41,0,1117,12,718
서울특별시,마포구,성산1동,성산1동제2투,2246,1536,677,673,124,44,1,1519,17,710
서울특별시,마포구,성산1동,성산1동제3투,1733,1099,396,562,106,28,0,1092,7,634
서울특별시,마포구,성산1동,성산1동제4투,2187,1434,505,761,124,28,1,1419,15,753
서울특별시,마포구,성산1동,성산1동제5투,2120,1381,552,646,117,51,1,1367,14,739
서울특별시,마포구,성산2동,관내사전투표,5861,5861,3905,1346,472,94,1,5818,43,0
서울특별시,마포구,성산2동,성산2동제1투,2256,1647,556,896,152,28,1,1633,14,609
서울특별시,마포구,성산2동,성산2동제2투,2780,1975,809,925,174,48,1,1957,18,805
서울특별시,마포구,성산2동,성산2동제3투,2206,1329,513,655,118,23,1,1310,19,877
서울특별시,마포구,성산2동,성산2동제4투,2452,1804,714,860,185,31,2,1792,12,648
서울특별시,마포구,성산2동,성산2동제5투,3272,2335,1026,915,291,66,0,2298,37,937
서울특별시,마포구,성산2동,성산2동제6투,2121,1411,626,699,59,6,6,1396,15,710
서울특별시,마포구,성산2동,성산2동제7투,2266,1755,743,775,182,38,2,1740,15,511
서울특별시,마포구,성산2동,성산2동제8투,2470,1801,672,907,183,26,1,1789,12,669
서울특별시,마포구,성산2동,성산2동제9투,2268,1717,628,874,172,29,0,1703,14,551
서울특별시,마포구,상암동,관내사전투표,5145,5145,3544,992,477,97,1,5111,34,0
서울특별시,마포구,상암동,상암동제1투,2274,1488,533,708,204,28,2,1475,13,786
서울특별시,마포구,상암동,상암동제2투,1930,1344,524,705,88,17,1,1335,9,586
서울특별시,마포구,상암동,상암동제3투,1893,1506,616,721,144,17,2,1500,6,387
서울특별시,마포구,상암동,상암동제4투,2808,2239,809,1170,217,27,2,2225,14,569
서울특별시,마포구,상암동,상암동제5투,2361,1817,806,839,131,23,3,1802,15,544
서울특별시,마포구,상암동,상암동제6투,2397,1779,934,655,148,26,3,1766,13,618
서울특별시,마포구,상암동,상암동제7투,2754,2061,1006,832,175,37,1,2051,10,693
서울특별시,양천구,거소·선상투표,,404,380,152,129,87,1,0,369,11,24
서울특별시,양천구,관외사전투표,,40694,40689,24151,10266,5306,565,43,40331,358,5
서울특별시,양천구,재외투표,,3354,2717,1771,587,289,51,0,2698,19,637
서울특별시,양천구,목1동,관내사전투표,4246,4246,2577,1198,405,39,5,4224,22,0
서울특별시,양천구,목1동,목1동제1투,2649,1947,563,1180,173,23,0,1939,8,702
서울특별시,양천구,목1동,목1동제2투,2713,2085,632,1205,219,21,3,2080,5,628
서울특별시,양천구,목1동,목1동제3투,2623,1948,759,980,183,16,2,1940,8,675
서울특별시,양천구,목1동,목1동제4투,2472,2002,687,1101,181,18,1,1988,14,470
서울특별시,양천구,목1동,목1동제5투,2877,2180,648,1272,226,27,2,2175,5,697
서울특별시,양천구,목1동,목1동제6투,2701,2028,523,1260,212,25,0,2020,8,673
서울특별시,양천구,목2동,관내사전투표,6506,6506,4346,1466,550,81,10,6453,53,0
서울특별시,양천구,목2동,목2동제1투,2053,1331,458,685,150,22,0,1315,16,722
서울특별시,양천구,목2동,목2동제2투,2248,1567,500,891,138,31,0,1560,7,681
서울특별시,양천구,목2동,목2동제3투,2200,1573,587,804,141,29,1,1562,11,627
서울특별시,양천구,목2동,목2동제4투,2370,1785,673,905,179,19,1,1777,8,585
서울특별시,양천구,목2동,목2동제5투,1521,1071,415,511,114,15,1,1056,15,450
서울특별시,양천구,목2동,목2동제6투,1591,1149,433,556,128,17,2,1136,13,442
서울특별시,양천구,목2동,목2동제7투,1905,1303,469,682,126,19,1,1297,6,602
서울특별시,양천구,목2동,목2동제8투,1943,1392,538,672,155,20,0,1385,7,551
서울특별시,양천구,목3동,관내사전투표,4297,4297,2849,1084,279,47,6,4265,32,0
서울특별시,양천구,목3동,목3동제1투,2267,1734,465,1100,142,15,1,1723,11,533
서울특별시,양천구,목3동,목3동제2투,2543,1662,544,884,190,26,4,1648,14,881
서울특별시,양천구,목3동,목3동제3투,2307,1500,500,809,149,18,3,1479,21,807
서울특별시,양천구,목3동,목3동제4투,2373,1521,571,770,140,17,3,1501,20,852
서울특별시,양천구,목3동,목3동제5투,2087,1406,471,760,143,19,1,1394,12,681
서울특별시,양천구,목4동,관내사전투표,5024,5024,3259,1248,426,59,0,4992,32,0
서울특별시,양천구,목4동,목4동제1투,2184,1470,516,778,145,22,2,1463,7,714
서울특별시,양천구,목4동,목4동제2투,1948,1263,451,663,122,10,1,1247,16,685
서울특별시,양천구,목4동,목4동제3투,2461,1725,647,866,179,26,0,1718,7,736
서울특별시,양천구,목4동,목4동제4투,2140,1503,606,716,138,27,3,1490,13,637
서울특별시,양천구,목4동,목4동제5투,2196,1575,608,774,158,20,1,1561,14,621
서울특별시,양천구,목4동,목4동제6투,2609,1934,828,883,186,24,3,1924,10,675
서울특별시,양천구,목5동,관내사전투표,6082,6082,3569,1825,568,80,6,6048,34,0
서울특별시,양천구,목5동,목5동제1투,3121,2156,518,1367,224,26,0,2135,21,965
서울특별시,양천구,목5동,목5동제2투,2756,2184,667,1267,204,28,4,2170,14,572
서울특별시,양천구,목5동,목5동제3투,2694,2055,532,1288,202,24,2,2048,7,639
서울특별시,양천구,목5동,목5동제4투,2601,2025,541,1233,214,20,1,2009,16,576
서울특별시,양천구,목5동,목5동제5투,2643,2059,547,1252,206,41,1,2047,12,584
서울특별시,양천구,목5동,목5동제6투,3020,2407,628,1499,235,33,4,2399,8,613
서울특별시,양천구,목5동,목5동제7투,2124,1668,451,1020,160,23,3,1657,11,456
서울특별시,양천구,목5동,목5동제8투,2574,2078,746,1055,231,36,0,2068,10,496
서울특별시,양천구,신월1동,관내사전투표,3884,3884,2688,966,181,24,3,3862,22,0
서울특별시,양천구,신월1동,신월1동제1투,2396,1485,532,797,121,18,4,1472,13,911
서울특별시,양천구,신월1동,신월1동제2투,2334,1437,567,731,113,19,2,1432,5,897
서울특별시,양천구,신월1동,신월1동제3투,1861,1197,504,591,83,11,2,1191,6,664
서울특별시,양천구,신월1동,신월1동제4투,2211,1383,595,668,101,13,2,1379,4,828
서울특별시,양천구,신월1동,신월1동제5투,2657,1792,829,816,121,11,0,1777,15,865
서울특별시,양천구,신월2동,관내사전투표,3959,3959,2643,1039,222,27,4,3935,24,0
서울특별시,양천구,신월2동,신월2동제1투,2014,1352,539,688,104,6,2,1339,13,662
서울특별시,양천구,신월2동,신월2동제2투,1660,1185,497,576,90,14,0,1177,8,475
서울특별시,양천구,신월2동,신월2동제3투,2734,2026,687,1143,154,31,3,2018,8,708
서울특별시,양천구,신월2동,신월2동제4투,2458,1696,692,841,140,14,2,1689,7,762
서울특별시,양천구,신월2동,신월2동제5투,2061,1291,466,711,94,9,1,1281,10,770
서울특별시,양천구,신월3동,관내사전투표,2742,2742,1897,680,134,16,3,2730,12,0
서울특별시,양천구,신월3동,신월3동제1투,1874,1068,416,551,82,10,3,1062,6,806
서울특별시,양천구,신월3동,신월3동제2투,2072,1257,515,623,88,17,3,1246,11,815
서울특별시,양천구,신월3동,신월3동제3투,1728,966,356,548,51,2,0,957,9,762
서울특별시,양천구,신월3동,신월3동제4투,2284,1403,560,705,123,7,0,1395,8,881
서울특별시,양천구,신월4동,관내사전투표,4056,4056,2855,913,239,29,4,4040,16,0
서울특별시,양천구,신월4동,신월4동제1투,2655,1826,694,945,156,14,4,1813,13,829
서울특별시,양천구,신월4동,신월4동제2투,2205,1570,647,771,117,15,4,1554,16,635
서울특별시,양천구,신월4동,신월4동제3투,2539,1774,764,838,133,15,5,1755,19,765
서울특별시,양천구,신월4동,신월4동제4투,1835,1281,513,624,116,13,5,1271,10,554
서울특별시,양천구,신월5동,관내사전투표,3862,3861,2612,926,264,32,3,3837,24,1
서울특별시,양천구,신월5동,신월5동제1투,2488,1670,611,891,124,25,5,1656,14,818
서울특별시,양천구,신월5동,신월5동제2투,2314,1413,514,761,116,14,1,1406,7,901
서울특별시,양천구,신월5동,신월5동제3투,2454,1409,522,729,128,20,0,1399,10,1045
서울특별시,양천구,신월6동,관내사전투표,5396,5396,3664,1215,431,62,1,5373,23,0
서울특별시,양천구,신월6동,신월6동제1투,2729,2005,688,1107,180,21,1,1997,8,724
서울특별시,양천구,신월6동,신월6동제2투,3382,2607,931,1357,266,37,1,2592,15,775
서울특별시,양천구,신월6동,신월6동제3투,1098,785,344,383,45,6,2,780,5,313
서울특별시,양천구,신월7동,관내사전투표,4148,4148,2912,980,208,26,4,4130,18,0
서울특별시,양천구,신월7동,신월7동제1투,1725,1046,404,547,65,14,0,1030,16,679
서울특별시,양천구,신월7동,신월7동제2투,1839,1219,464,627,102,10,0,1203,16,620
서울특별시,양천구,신월7동,신월7동제3투,1573,978,356,542,66,5,2,971,7,595
서울특별시,양천구,신월7동,신월7동제4투,1525,958,372,510,62,10,1,955,3,567
서울특별시,양천구,신월7동,신월7동제5투,2173,1608,680,776,130,15,0,1601,7,565
서울특별시,양천구,신월7동,신월7동제6투,2088,1549,665,723,133,17,1,1539,10,539
서울특별시,양천구,신정1동,관내사전투표,5078,5078,3284,1281,423,59,3,5050,28,0
서울특별시,양천구,신정1동,신정1동제1투,2217,1554,557,805,160,22,2,1546,8,663
서울특별시,양천구,신정1동,신정1동제2투,2426,1833,585,1031,178,27,1,1822,11,593
서울특별시,양천구,신정1동,신정1동제3투,2047,1651,390,1077,154,19,1,1641,10,396
서울특별시,양천구,신정1동,신정1동제4투,1870,1511,449,879,157,19,0,1504,7,359
서울특별시,양천구,신정1동,신정1동제5투,1615,1182,290,752,114,15,1,1172,10,433
서울특별시,양천구,신정2동,관내사전투표,5842,5842,3773,1514,469,49,7,5812,30,0
서울특별시,양천구,신정2동,신정2동제1투,3394,2379,818,1323,189,27,6,2363,16,1015
서울특별시,양천구,신정2동,신정2동제2투,3079,2320,885,1160,216,37,4,2302,18,759
서울특별시,양천구,신정2동,신정2동제3투,2469,1771,639,925,163,28,2,1757,14,698
서울특별시,양천구,신정3동,관내사전투표,4646,4646,3148,1153,284,37,2,4624,22,0
서울특별시,양천구,신정3동,신정3동제1투,2416,1508,547,797,130,27,1,1502,6,908
서울특별시,양천구,신정3동,신정3동제2투,2287,1518,599,769,119,16,2,1505,13,769
서울특별시,양천구,신정3동,신정3동제3투,2632,2043,779,986,230,32,3,2030,13,589
서울특별시,양천구,신정3동,신정3동제4투,2716,1801,713,920,133,18,0,1784,17,915
서울특별시,양천구,신정3동,신정3동제5투,2696,2091,778,1067,197,28,5,2075,16,605
서울특별시,양천구,신정3동,신정3동제6투,2338,1828,771,888,140,19,3,1821,7,510
서울특별시,양천구,신정3동,신정3동제7투,2199,1663,670,826,129,27,1,1653,10,536
서울특별시,양천구,신정3동,신정3동제8투,2492,1899,783,960,127,17,4,1891,8,593
서울특별시,양천구,신정3동,신정3동제9투,2594,2028,960,893,130,29,0,2012,16,566
서울특별시,양천구,신정3동,신정3동제10투,2421,1937,914,824,152,28,0,1918,19,484
서울특별시,양천구,신정3동,신정3동제11투,1759,1435,766,542,104,14,1,1427,8,324
서울특별시,양천구,신정3동,신정3동제12투,1639,1329,660,551,89,14,3,1317,12,310
서울특별시,양천구,신정4동,관내사전투표,6025,6025,4190,1264,472,63,1,5990,35,0
서울특별시,양천구,신정4동,신정4동제1투,2668,1863,792,880,146,27,3,1848,15,805
서울특별시,양천구,신정4동,신정4동제2투,1893,1179,422,624,109,12,0,1167,12,714
서울특별시,양천구,신정4동,신정4동제3투,2092,1264,462,666,105,15,1,1249,15,828
서울특별시,양천구,신정4동,신정4동제4투,2364,1708,668,852,151,27,2,1700,8,656
서울특별시,양천구,신정4동,신정4동제5투,2518,1803,711,922,138,13,2,1786,17,715
서울특별시,양천구,신정4동,신정4동제6투,2397,1645,739,710,163,20,1,1633,12,752
서울특별시,양천구,신정4동,신정4동제7투,2220,1463,604,687,134,21,1,1447,16,757
서울특별시,양천구,신정4동,신정4동제8투,2779,1948,775,959,175,21,3,1933,15,831
서울특별시,양천구,신정6동,관내사전투표,4599,4599,2754,1284,475,54,5,4572,27,0
서울특별시,양천구,신정6동,신정6동제1투,2144,1614,393,1051,138,18,2,1602,12,530
서울특별시,양천구,신정6동,신정6동제2투,1735,1330,359,825,123,16,0,1323,7,405
서울특별시,양천구,신정6동,신정6동제3투,2782,2288,691,1347,208,23,3,2272,16,494
서울특별시,양천구,신정6동,신정6동제4투,2585,2053,720,1085,200,31,2,2038,15,532
서울특별시,양천구,신정6동,신정6동제5투,2290,1884,678,985,176,31,1,1871,13,406
서울특별시,양천구,신정6동,신정6동제6투,1829,1418,434,829,139,12,1,1415,3,411
서울특별시,양천구,신정7동,관내사전투표,3654,3654,2346,936,294,48,4,3628,26,0
서울특별시,양천구,신정7동,신정7동제1투,1992,1430,427,832,145,19,0,1423,7,562
서울특별시,양천구,신정7동,신정7동제2투,2291,1836,752,872,179,24,1,1828,8,455
서울특별시,양천구,신정7동,신정7동제3투,2596,1890,747,979,136,14,1,1877,13,706
서울특별시,양천구,신정7동,신정7동제4투,2269,1785,591,1005,152,29,1,1778,7,484
서울특별시,양천구,신정7동,신정7동제5투,1750,1245,491,672,61,11,1,1236,9,505
서울특별시,양천구,신정7동,신정7동제6투,1795,1300,549,673,61,8,2,1293,7,495
서울특별시,양천구,신정7동,신정7동제7투,2185,1794,587,1007,166,18,2,1780,14,391
서울특별시,양천구,신정7동,신정7동제8투,1571,1262,454,668,115,14,0,1251,11,309
서울특별시,강서구,거소·선상투표,,669,624,312,193,101,1,2,609,15,45
서울특별시,강서구,관외사전투표,,49963,49957,29776,11924,6909,748,50,49407,550,6
서울특별시,강서구,재외투표,,3848,3146,2187,615,281,38,2,3123,23,702
서울특별시,강서구,염창동,관내사전투표,7394,7394,5054,1587,591,111,8,7351,43,0
서울특별시,강서구,염창동,염창동제1투,2995,2225,809,1093,269,34,1,2206,19,770
서울특별시,강서구,염창동,염창동제2투,3091,2344,863,1181,247,41,1,2333,11,747
서울특별시,강서구,염창동,염창동제3투,2814,2144,855,998,251,28,1,2133,11,670
서울특별시,강서구,염창동,염창동제4투,2247,1709,640,843,192,21,3,1699,10,538
서울특별시,강서구,염창동,염창동제5투,2036,1419,516,716,152,27,0,1411,8,617
서울특별시,강서구,염창동,염창동제6투,3144,2407,945,1159,263,25,2,2394,13,737
서울특별시,강서구,염창동,염창동제7투,2235,1814,735,835,210,23,0,1803,11,421
서울특별시,강서구,염창동,염창동제8투,3127,2459,962,1205,243,29,0,2439,20,668
서울특별시,강서구,등촌제1동,관내사전투표,6094,6094,3882,1361,705,75,3,6026,68,0
서울특별시,강서구,등촌제1동,등촌제1동제1투,3411,2558,1014,1165,312,32,1,2524,34,853
서울특별시,강서구,등촌제1동,등촌제1동제2투,3179,2108,631,1208,222,25,2,2088,20,1071
서울특별시,강서구,등촌제1동,등촌제1동제3투,4399,2971,1060,1388,436,53,5,2942,29,1428
서울특별시,강서구,등촌제1동,등촌제1동제4투,3017,2042,731,985,263,33,3,2015,27,975
서울특별시,강서구,등촌제2동,관내사전투표,4606,4606,2918,1204,375,72,6,4575,31,0
서울특별시,강서구,등촌제2동,등촌제2동제1투,2220,1436,520,733,146,25,2,1426,10,784
서울특별시,강서구,등촌제2동,등촌제2동제2투,3059,2053,734,1045,235,23,2,2039,14,1006
서울특별시,강서구,등촌제2동,등촌제2동제3투,2549,1663,587,898,145,18,1,1649,14,886
서울특별시,강서구,등촌제2동,등촌제2동제4투,2861,2251,633,1420,166,22,1,2242,9,610
서울특별시,강서구,등촌제3동,관내사전투표,7004,7004,4643,1627,607,77,3,6957,47,0
서울특별시,강서구,등촌제3동,등촌제3동제1투,2072,1415,566,731,97,12,3,1409,6,657
서울특별시,강서구,등촌제3동,등촌제3동제2투,2723,2122,781,1086,199,36,3,2105,17,601
서울특별시,강서구,등촌제3동,등촌제3동제3투,2760,2113,764,1090,218,26,0,2098,15,647
서울특별시,강서구,등촌제3동,등촌제3동제4투,1528,977,357,549,47,7,1,961,16,551
서울특별시,강서구,등촌제3동,등촌제3동제5투,1446,961,380,499,60,13,1,953,8,485
서울특별시,강서구,등촌제3동,등촌제3동제6투,2182,1380,468,741,134,22,0,1365,15,802
서울특별시,강서구,등촌제3동,등촌제3동제7투,2142,1634,612,822,172,12,5,1623,11,508
서울특별시,강서구,등촌제3동,등촌제3동제8투,1576,1070,391,599,59,9,0,1058,12,506
서울특별시,강서구,등촌제3동,등촌제3동제9투,1551,1224,442,587,169,17,1,1216,8,327
서울특별시,강서구,화곡본동,관내사전투표,6106,6106,4194,1340,436,74,7,6051,55,0
서울특별시,강서구,화곡본동,화곡본동제1투,2865,1712,687,828,153,26,3,1697,15,1153
서울특별시,강서구,화곡본동,화곡본동제2투,3654,2074,816,921,294,21,1,2053,21,1580
서울특별시,강서구,화곡본동,화곡본동제3투,3041,1852,778,869,159,25,3,1834,18,1189
서울특별시,강서구,화곡본동,화곡본동제4투,2778,1737,672,834,182,26,3,1717,20,1041
서울특별시,강서구,화곡본동,화곡본동제5투,2963,1867,825,822,181,18,4,1850,17,1096
서울특별시,강서구,화곡본동,화곡본동제6투,2976,1867,866,807,150,23,1,1847,20,1109
서울특별시,강서구,화곡제1동,관내사전투표,8394,8394,5535,2030,697,66,9,8337,57,0
서울특별시,강서구,화곡제1동,화곡제1동제1투,3507,1921,727,937,215,20,3,1902,19,1586
서울특별시,강서구,화곡제1동,화곡제1동제2투,3296,1970,737,961,218,26,5,1947,23,1326
서울특별시,강서구,화곡제1동,화곡제1동제3투,3797,2099,801,1029,225,24,0,2079,20,1698
서울특별시,강서구,화곡제1동,화곡제1동제4투,3341,1970,690,993,241,28,4,1956,14,1371
서울특별시,강서구,화곡제1동,화곡제1동제5투,2255,1531,648,713,126,28,2,1517,14,724
서울특별시,강서구,화곡제1동,화곡제1동제6투,2399,1382,562,642,140,20,0,1364,18,1017
서울특별시,강서구,화곡제1동,화곡제1동제7투,2611,1692,775,746,138,15,1,1675,17,919
서울특별시,강서구,화곡제1동,화곡제1동제8투,2655,1735,761,777,155,11,3,1707,28,920
서울특별시,강서구,화곡제1동,화곡제1동제9투,2775,1796,769,840,152,20,2,1783,13,979
서울특별시,강서구,화곡제1동,화곡제1동제10투,3028,1984,842,897,199,32,2,1972,12,1044
서울특별시,강서구,화곡제2동,관내사전투표,3790,3790,2607,879,234,37,3,3760,30,0
서울특별시,강서구,화곡제2동,화곡제2동제1투,1625,1006,411,503,76,9,2,1001,5,619
서울특별시,강서구,화곡제2동,화곡제2동제2투,2204,1368,568,630,132,18,2,1350,18,836
서울특별시,강서구,화곡제2동,화곡제2동제3투,2716,1712,720,792,168,19,2,1701,11,1004
서울특별시,강서구,화곡제2동,화곡제2동제4투,2776,1618,645,814,124,18,2,1603,15,1158
서울특별시,강서구,화곡제3동,관내사전투표,7165,7165,4733,1616,649,94,10,7102,63,0
서울특별시,강서구,화곡제3동,화곡제3동제1투,2118,1327,487,686,127,18,2,1320,7,791
서울특별시,강서구,화곡제3동,화곡제3동제2투,2439,1490,527,753,165,23,2,1470,20,949
서울특별시,강서구,화곡제3동,화곡제3동제3투,2698,2005,787,995,178,30,0,1990,15,693
서울특별시,강서구,화곡제3동,화곡제3동제4투,2606,2122,601,1338,147,22,2,2110,12,484
서울특별시,강서구,화곡제3동,화곡제3동제5투,2504,1914,693,1059,140,15,1,1908,6,590
서울특별시,강서구,화곡제4동,관내사전투표,4890,4890,3378,1154,272,45,6,4855,35,0
서울특별시,강서구,화곡제4동,화곡제4동제1투,2189,1346,502,708,102,19,4,1335,11,843
서울특별시,강서구,화곡제4동,화곡제4동제2투,2134,1265,451,670,114,13,0,1248,17,869
서울특별시,강서구,화곡제4동,화곡제4동제3투,2348,1349,508,690,117,16,5,1336,13,999
서울특별시,강서구,화곡제4동,화곡제4동제4투,1839,1108,414,584,90,8,1,1097,11,731
서울특별시,강서구,화곡제4동,화곡제4동제5투,2360,1634,741,713,138,23,2,1617,17,726
서울특별시,강서구,화곡제6동,관내사전투표,6606,6606,4399,1462,600,75,6,6542,64,0
서울특별시,강서구,화곡제6동,화곡제6동제1투,4099,2554,947,1203,342,39,3,2534,20,1545
서울특별시,강서구,화곡제6동,화곡제6동제2투,2152,1359,499,697,122,13,1,1332,27,793
서울특별시,강서구,화곡제6동,화곡제6동제3투,2072,1354,487,716,127,13,1,1344,10,718
서울특별시,강서구,화곡제6동,화곡제6동제4투,4066,2690,945,1399,293,30,2,2669,21,1376
서울특별시,강서구,화곡제6동,화곡제6동제5투,2279,1872,569,1150,130,15,0,1864,8,407
서울특별시,강서구,화곡제8동,관내사전투표,6854,6854,4760,1494,478,63,5,6800,54,0
서울특별시,강서구,화곡제8동,화곡제8동제1투,2727,1638,660,764,165,31,2,1622,16,1089
서울특별시,강서구,화곡제8동,화곡제8동제2투,2475,1599,688,735,144,13,0,1580,19,876
서울특별시,강서구,화곡제8동,화곡제8동제3투,2670,1624,596,851,147,17,2,1613,11,1046
서울특별시,강서구,화곡제8동,화곡제8동제4투,2312,1516,674,670,141,18,1,1504,12,796
서울특별시,강서구,화곡제8동,화곡제8동제5투,2589,1699,702,805,155,20,4,1686,13,890
서울특별시,강서구,우장산동,관내사전투표,6047,6047,3935,1544,476,49,5,6009,38,0
서울특별시,강서구,우장산동,우장산동제1투,2747,1846,657,980,175,22,1,1835,11,901
서울특별시,강서구,우장산동,우장산동제2투,2059,1281,496,627,131,14,1,1269,12,778
서울특별시,강서구,우장산동,우장산동제3투,3077,2226,802,1151,225,22,1,2201,25,851
서울특별시,강서구,우장산동,우장산동제4투,2519,1980,738,1048,168,16,0,1970,10,539
서울특별시,강서구,우장산동,우장산동제5투,3240,2384,988,1124,225,29,3,2369,15,856
서울특별시,강서구,우장산동,우장산동제6투,3392,2626,1002,1358,221,35,1,2617,9,766
서울특별시,강서구,우장산동,우장산동제7투,3050,2258,871,1145,204,27,4,2251,7,792
서울특별시,강서구,우장산동,우장산동제8투,3144,2474,829,1381,218,29,5,2462,12,670
서울특별시,강서구,가양제1동,관내사전투표,4693,4693,2949,1111,535,50,6,4651,42,0
서울특별시,강서구,가양제1동,가양제1동제1투,2519,1878,712,922,190,29,1,1854,24,641
서울특별시,강서구,가양제1동,가양제1동제2투,1410,1015,367,531,98,10,0,1006,9,395
서울특별시,강서구,가양제1동,가양제1동제3투,2116,1501,407,940,131,13,1,1492,9,615
서울특별시,강서구,가양제1동,가양제1동제4투,1535,1077,381,558,107,16,5,1067,10,458
서울특별시,강서구,가양제1동,가양제1동제5투,1503,1124,322,687,100,10,0,1119,5,379
서울특별시,강서구,가양제1동,가양제1동제6투,1830,1469,549,742,149,15,2,1457,12,361
서울특별시,강서구,가양제1동,가양제1동제7투,3510,2523,997,1057,395,35,9,2493,30,987
서울특별시,강서구,가양제1동,가양제1동제8투,2907,1846,698,805,285,32,2,1822,24,1061
서울특별시,강서구,가양제1동,가양제1동제9투,2719,1782,629,793,319,25,1,1767,15,937
서울특별시,강서구,가양제2동,관내사전투표,3871,3871,2507,1008,284,42,3,3844,27,0
서울특별시,강서구,가양제2동,가양제2동제1투,1564,1096,250,763,68,8,0,1089,7,468
서울특별시,강서구,가양제2동,가양제2동제2투,1644,1245,472,603,134,26,1,1236,9,399
서울특별시,강서구,가양제2동,가양제2동제3투,1809,1112,413,598,76,11,4,1102,10,697
서울특별시,강서구,가양제2동,가양제2동제4투,1336,872,315,495,49,4,1,864,8,464
서울특별시,강서구,가양제2동,가양제2동제5투,2129,1553,582,805,136,15,3,1541,12,576
서울특별시,강서구,가양제3동,관내사전투표,3922,3922,2578,929,340,38,3,3888,34,0
서울특별시,강서구,가양제3동,가양제3동제1투,1907,1378,504,734,111,14,1,1364,14,529
서울특별시,강서구,가양제3동,가양제3동제2투,1844,1231,397,708,104,11,1,1221,10,613
서울특별시,강서구,가양제3동,가양제3동제3투,1759,1257,499,622,111,15,0,1247,10,502
서울특별시,강서구,가양제3동,가양제3동제4투,1189,736,278,416,26,5,3,728,8,453
서울특별시,강서구,가양제3동,가양제3동제5투,1760,1379,458,718,172,20,2,1370,9,381
서울특별시,강서구,발산제1동,관내사전투표,8638,8638,6030,1711,723,98,5,8567,71,0
서울특별시,강서구,발산제1동,발산제1동제1투,2199,1506,624,703,133,30,8,1498,8,693
서울특별시,강서구,발산제1동,발산제1동제2투,1833,1158,437,576,121,18,0,1152,6,675
서울특별시,강서구,발산제1동,발산제1동제3투,2597,1848,750,886,161,30,2,1829,19,749
서울특별시,강서구,발산제1동,발산제1동제4투,2719,2094,891,990,162,32,2,2077,17,625
서울특별시,강서구,발산제1동,발산제1동제5투,2933,2153,874,1062,186,20,1,2143,10,780
서울특별시,강서구,발산제1동,발산제1동제6투,3035,2330,1115,923,241,34,3,2316,14,705
서울특별시,강서구,발산제1동,발산제1동제7투,2222,1806,989,651,134,16,5,1795,11,416
서울특별시,강서구,발산제1동,발산제1동제8투,1968,1626,809,675,116,15,2,1617,9,342
서울특별시,강서구,공항동,관내사전투표,5210,5210,3412,1247,486,35,2,5182,28,0
서울특별시,강서구,공항동,공항동제1투,1560,1025,352,553,90,16,4,1015,10,535
서울특별시,강서구,공항동,공항동제2투,2640,1565,523,828,173,20,4,1548,17,1075
서울특별시,강서구,공항동,공항동제3투,1916,1097,386,604,88,14,2,1094,3,819
서울특별시,강서구,공항동,공항동제4투,2079,1194,456,559,148,15,2,1180,14,885
서울특별시,강서구,공항동,공항동제5투,1936,1237,471,652,93,12,2,1230,7,699
서울특별시,강서구,공항동,공항동제6투,3888,3093,1511,1269,269,25,1,3075,18,795
서울특별시,강서구,공항동,공항동제7투,2499,2012,990,810,167,26,2,1995,17,487
서울특별시,강서구,방화제1동,관내사전투표,9759,9759,6545,2225,830,87,4,9691,68,0
서울특별시,강서구,방화제1동,방화제1동제1투,1956,1363,510,691,139,13,0,1353,10,593
서울특별시,강서구,방화제1동,방화제1동제2투,2185,1540,512,862,142,15,2,1533,7,645
서울특별시,강서구,방화제1동,방화제1동제3투,2100,1379,507,733,106,16,2,1364,15,721
서울특별시,강서구,방화제1동,방화제1동제4투,491,243,65,152,21,3,0,241,2,248
서울특별시,강서구,방화제1동,방화제1동제5투,2165,1477,516,785,157,12,0,1470,7,688
서울특별시,강서구,방화제1동,방화제1동제6투,2541,1834,619,985,198,20,4,1826,8,707
서울특별시,강서구,방화제1동,방화제1동제7투,1962,1324,450,734,112,13,2,1311,13,638
서울특별시,강서구,방화제1동,방화제1동제8투,2448,1818,699,932,164,15,0,1810,8,630
서울특별시,강서구,방화제1동,방화제1동제9투,2422,1931,983,784,130,20,1,1918,13,491
서울특별시,강서구,방화제1동,방화제1동제10투,3420,2666,1052,1275,277,45,3,2652,14,754
서울특별시,강서구,방화제2동,관내사전투표,5190,5190,3399,1293,428,30,5,5155,35,0
서울특별시,강서구,방화제2동,방화제2동제1투,2801,1757,626,878,200,27,3,1734,23,1044
서울특별시,강서구,방화제2동,방화제2동제2투,1958,1256,428,706,105,10,1,1250,6,702
서울특별시,강서구,방화제2동,방화제2동제3투,2433,1631,644,836,125,10,1,1616,15,802
서울특별시,강서구,방화제2동,방화제2동제4투,2188,1539,541,802,165,24,1,1533,6,649
서울특별시,강서구,방화제2동,방화제2동제5투,1719,1095,369,583,119,13,1,1085,10,624
서울특별시,강서구,방화제2동,방화제2동제6투,1040,722,209,453,47,6,1,716,6,318
서울특별시,강서구,방화제2동,방화제2동제7투,1538,1028,374,574,59,8,4,1019,9,510
서울특별시,강서구,방화제3동,관내사전투표,5908,5908,3793,1566,445,58,7,5869,39,0
서울특별시,강서구,방화제3동,방화제3동제1투,2302,1540,549,823,139,22,2,1535,5,762
서울특별시,강서구,방화제3동,방화제3동제2투,1385,1040,438,478,103,12,2,1033,7,345
서울특별시,강서구,방화제3동,방화제3동제3투,1516,986,436,495,34,5,5,975,11,530
서울특별시,강서구,방화제3동,방화제3동제4투,2333,1591,501,954,109,18,1,1583,8,742
서울특별시,강서구,방화제3동,방화제3동제5투,1646,1245,368,757,93,18,1,1237,8,401
서울특별시,강서구,방화제3동,방화제3동제6투,1390,916,304,535,58,11,1,909,7,474
서울특별시,강서구,방화제3동,방화제3동제7투,1906,1339,465,741,103,18,1,1328,11,567
서울특별시,구로구,거소·선상투표,,418,386,183,115,69,7,1,375,11,32
서울특별시,구로구,관외사전투표,,38001,37996,22953,8890,5137,569,53,37602,394,5
서울특별시,구로구,재외투표,,2405,1953,1354,374,184,22,2,1936,17,452
서울특별시,구로구,신도림동,관내사전투표,7134,7134,4638,1765,608,87,2,7100,34,0
서울특별시,구로구,신도림동,신도림동제1투,2926,2034,696,1086,208,29,2,2021,13,892
서울특별시,구로구,신도림동,신도림동제2투,2267,1863,700,923,197,32,0,1852,11,404
서울특별시,구로구,신도림동,신도림동제3투,2000,1621,576,807,186,33,2,1604,17,379
서울특별시,구로구,신도림동,신도림동제4투,2079,1409,463,800,123,16,0,1402,7,670
서울특별시,구로구,신도림동,신도림동제5투,2421,1934,770,957,176,22,1,1926,8,487
서울특별시,구로구,신도림동,신도림동제6투,2528,2044,766,1024,210,31,1,2032,12,484
서울특별시,구로구,신도림동,신도림동제7투,2906,2213,714,1188,268,26,3,2199,14,693
서울특별시,구로구,신도림동,신도림동제8투,2734,2181,710,1255,186,17,1,2169,12,553
서울특별시,구로구,구로제1동,관내사전투표,4985,4985,3343,1131,431,52,3,4960,25,0
서울특별시,구로구,구로제1동,구로제1동제1투,2020,1515,554,805,137,12,0,1508,7,505
서울특별시,구로구,구로제1동,구로제1동제2투,1826,1377,468,718,150,22,1,1359,18,449
서울특별시,구로구,구로제1동,구로제1동제3투,1852,1364,419,779,130,21,3,1352,12,488
서울특별시,구로구,구로제1동,구로제1동제4투,2008,1426,575,658,160,21,2,1416,10,582
서울특별시,구로구,구로제1동,구로제1동제5투,2575,1865,774,833,213,30,0,1850,15,710
서울특별시,구로구,구로제2동,관내사전투표,4340,4340,3077,979,230,35,2,4323,17,0
서울특별시,구로구,구로제2동,구로제2동제1투,1445,773,317,394,45,12,1,769,4,672
서울특별시,구로구,구로제2동,구로제2동제2투,2355,1349,501,717,101,8,2,1329,20,1006
서울특별시,구로구,구로제2동,구로제2동제3투,650,404,152,206,40,4,0,402,2,246
서울특별시,구로구,구로제2동,구로제2동제4투,1742,1045,437,503,91,6,1,1038,7,697
서울특별시,구로구,구로제2동,구로제2동제5투,3024,1991,832,974,145,19,4,1974,17,1033
서울특별시,구로구,구로제2동,구로제2동제6투,2839,2065,831,985,208,22,2,2048,17,774
서울특별시,구로구,구로제2동,구로제2동제7투,1217,696,271,359,55,3,2,690,6,521
서울특별시,구로구,구로제3동,관내사전투표,5273,5273,3652,1018,505,47,9,5231,42,0
서울특별시,구로구,구로제3동,구로제3동제1투,1385,859,381,378,84,5,3,851,8,526
서울특별시,구로구,구로제3동,구로제3동제2투,1439,849,376,395,54,8,2,835,14,590
서울특별시,구로구,구로제3동,구로제3동제3투,2016,1479,674,645,124,25,1,1469,10,537
서울특별시,구로구,구로제3동,구로제3동제4투,2168,1532,684,639,174,18,2,1517,15,636
서울특별시,구로구,구로제3동,구로제3동제5투,1921,1293,536,476,253,16,1,1282,11,628
서울특별시,구로구,구로제3동,구로제3동제6투,1757,1392,597,646,118,23,1,1385,7,365
서울특별시,구로구,구로제3동,구로제3동제7투,3002,1748,650,743,311,23,5,1732,16,1254
서울특별시,구로구,구로제4동,관내사전투표,3475,3475,2405,864,164,17,2,3452,23,0
서울특별시,구로구,구로제4동,구로제4동제1투,1914,1205,590,531,70,4,0,1195,10,709
서울특별시,구로구,구로제4동,구로제4동제2투,1527,977,421,495,49,5,0,970,7,550
서울특별시,구로구,구로제4동,구로제4동제3투,2151,1566,694,708,131,21,2,1556,10,585
서울특별시,구로구,구로제4동,구로제4동제4투,1208,687,263,367,46,5,2,683,4,521
서울특별시,구로구,구로제4동,구로제4동제5투,2608,1743,674,839,182,20,4,1719,24,865
서울특별시,구로구,구로제4동,구로제4동제6투,1303,838,318,438,69,9,2,836,2,465
서울특별시,구로구,구로제5동,관내사전투표,6421,6421,4329,1398,554,79,10,6370,51,0
서울특별시,구로구,구로제5동,구로제5동제1투,2224,1587,663,760,134,17,2,1576,11,637
서울특별시,구로구,구로제5동,구로제5동제2투,2946,2375,943,1150,234,34,0,2361,14,571
서울특별시,구로구,구로제5동,구로제5동제3투,2753,1760,652,865,203,20,3,1743,17,993
서울특별시,구로구,구로제5동,구로제5동제4투,2953,1865,702,883,238,22,0,1845,20,1088
서울특별시,구로구,구로제5동,구로제5동제5투,3931,2793,1159,1220,357,24,1,2761,32,1138
서울특별시,구로구,구로제5동,구로제5동제6투,2756,2214,773,1209,178,36,1,2197,17,542
서울특별시,구로구,가리봉동,관내사전투표,1924,1924,1306,403,183,11,3,1906,18,0
서울특별시,구로구,가리봉동,가리봉동제1투,1366,718,265,377,60,8,0,710,8,648
서울특별시,구로구,가리봉동,가리봉동제2투,2364,1336,485,626,197,14,0,1322,14,1028
서울특별시,구로구,가리봉동,가리봉동제3투,1657,990,414,453,101,14,3,985,5,667
서울특별시,구로구,고척제1동,관내사전투표,6392,6392,4134,1587,576,51,4,6352,40,0
서울특별시,구로구,고척제1동,고척제1동제1투,2283,1610,595,836,145,18,2,1596,14,673
서울특별시,구로구,고척제1동,고척제1동제2투,2487,1750,595,967,157,19,1,1739,11,737
서울특별시,구로구,고척제1동,고척제1동제3투,3126,2232,797,1149,240,26,1,2213,19,894
서울특별시,구로구,고척제1동,고척제1동제4투,1849,1207,436,643,108,11,1,1199,8,642
서울특별시,구로구,고척제1동,고척제1동제5투,2563,1897,767,955,145,17,0,1884,13,666
서울특별시,구로구,고척제1동,고척제1동제6투,2610,2102,873,844,337,26,1,2081,21,508
서울특별시,구로구,고척제2동,관내사전투표,4592,4592,3106,1118,299,46,2,4571,21,0
서울특별시,구로구,고척제2동,고척제2동제1투,2249,1506,581,783,109,19,1,1493,13,743
서울특별시,구로구,고척제2동,고척제2동제2투,2229,1636,615,857,123,27,2,1624,12,593
서울특별시,구로구,고척제2동,고척제2동제3투,2278,1555,641,747,132,26,0,1546,9,723
서울특별시,구로구,고척제2동,고척제2동제4투,1876,1143,473,586,62,13,1,1135,8,733
서울특별시,구로구,고척제2동,고척제2동제5투,1861,1186,422,655,86,10,1,1174,12,675
서울특별시,구로구,고척제2동,고척제2동제6투,2586,2002,825,998,146,22,1,1992,10,584
서울특별시,구로구,고척제2동,고척제2동제7투,1606,1157,387,644,110,8,1,1150,7,449
서울특별시,구로구,개봉제1동,관내사전투표,5851,5851,3949,1455,339,64,5,5812,39,0
서울특별시,구로구,개봉제1동,개봉제1동제1투,2222,1535,596,800,106,22,1,1525,10,687
서울특별시,구로구,개봉제1동,개봉제1동제2투,1943,1416,542,774,83,4,2,1405,11,527
서울특별시,구로구,개봉제1동,개봉제1동제3투,1837,1116,394,606,100,12,2,1114,2,721
서울특별시,구로구,개봉제1동,개봉제1동제4투,2217,1535,626,744,138,12,1,1521,14,682
서울특별시,구로구,개봉제1동,개봉제1동제5투,2580,1723,629,920,135,24,3,1711,12,857
서울특별시,구로구,개봉제1동,개봉제1동제6투,2075,1290,464,696,103,14,3,1280,10,785
서울특별시,구로구,개봉제1동,개봉제1동제7투,3701,2775,1174,1282,268,36,0,2760,15,926
서울특별시,구로구,개봉제1동,개봉제1동제8투,3376,2636,1114,1246,234,20,2,2616,20,740
서울특별시,구로구,개봉제2동,관내사전투표,6536,6536,4372,1590,475,60,3,6500,36,0
서울특별시,구로구,개봉제2동,개봉제2동제1투,2214,1416,540,730,119,11,2,1402,14,798
서울특별시,구로구,개봉제2동,개봉제2동제2투,2100,1436,586,702,124,11,2,1425,11,664
서울특별시,구로구,개봉제2동,개봉제2동제3투,2114,1676,525,1004,117,18,1,1665,11,438
서울특별시,구로구,개봉제2동,개봉제2동제4투,2439,1942,750,1006,155,20,2,1933,9,497
서울특별시,구로구,개봉제2동,개봉제2동제5투,2303,1878,619,1075,157,15,3,1869,9,425
서울특별시,구로구,개봉제2동,개봉제2동제6투,2166,1726,689,840,150,33,4,1716,10,440
서울특별시,구로구,개봉제2동,개봉제2동제7투,2334,1685,748,767,135,23,0,1673,12,649
서울특별시,구로구,개봉제2동,개봉제2동제8투,1544,1141,430,595,90,17,0,1132,9,403
서울특별시,구로구,개봉제3동,관내사전투표,4100,4100,2746,1070,231,32,6,4085,15,0
서울특별시,구로구,개봉제3동,개봉제3동제1투,2544,1649,690,825,110,12,1,1638,11,895
서울특별시,구로구,개봉제3동,개봉제3동제2투,2231,1420,563,736,97,11,1,1408,12,811
서울특별시,구로구,개봉제3동,개봉제3동제3투,2272,1421,500,790,108,10,4,1412,9,851
서울특별시,구로구,개봉제3동,개봉제3동제4투,2161,1684,623,875,151,25,1,1675,9,477
서울특별시,구로구,개봉제3동,개봉제3동제5투,1555,1073,430,505,106,18,1,1060,13,482
서울특별시,구로구,오류제1동,관내사전투표,6077,6077,3953,1454,529,79,3,6018,59,0
서울특별시,구로구,오류제1동,오류제1동제1투,3175,1892,704,870,256,39,5,1874,18,1283
서울특별시,구로구,오류제1동,오류제1동제2투,2773,1839,677,981,135,26,1,1820,19,934
서울특별시,구로구,오류제1동,오류제1동제3투,2702,1741,504,1070,124,22,3,1723,18,961
서울특별시,구로구,오류제1동,오류제1동제4투,2295,1807,689,972,122,13,0,1796,11,488
서울특별시,구로구,오류제1동,오류제1동제5투,2630,1874,700,923,203,22,1,1849,25,756
서울특별시,구로구,오류제2동,관내사전투표,5549,5549,3896,1198,349,62,5,5510,39,0
서울특별시,구로구,오류제2동,오류제2동제1투,2655,1808,615,1043,114,17,0,1789,19,847
서울특별시,구로구,오류제2동,오류제2동제2투,2583,1756,598,989,127,22,4,1740,16,827
서울특별시,구로구,오류제2동,오류제2동제3투,2930,2248,814,1221,179,21,2,2237,11,682
서울특별시,구로구,오류제2동,오류제2동제4투,2091,1563,593,828,110,20,2,1553,10,528
서울특별시,구로구,오류제2동,오류제2동제5투,2116,1490,626,734,93,20,2,1475,15,626
서울특별시,구로구,오류제2동,오류제2동제6투,2682,1943,783,991,135,23,1,1933,10,739
서울특별시,구로구,오류제2동,오류제2동제7투,3121,2376,1091,1062,165,40,2,2360,16,745
서울특별시,구로구,오류제2동,오류제2동제8투,2245,1703,701,840,135,22,0,1698,5,542
서울특별시,구로구,수궁동,관내사전투표,4027,4027,2693,1026,225,58,6,4008,19,0
서울특별시,구로구,수궁동,수궁동제1투,2663,1988,448,1397,104,14,3,1966,22,675
서울특별시,구로구,수궁동,수궁동제2투,2141,1546,496,931,92,10,3,1532,14,595
서울특별시,구로구,수궁동,수궁동제3투,2769,1930,572,1202,126,17,0,1917,13,839
서울특별시,구로구,수궁동,수궁동제4투,2227,1779,690,927,131,22,4,1774,5,448
서울특별시,구로구,수궁동,수궁동제5투,2473,1750,687,898,130,20,3,1738,12,723
서울특별시,구로구,수궁동,수궁동제6투,1061,758,300,392,45,8,2,747,11,303
서울특별시,구로구,항동,관내사전투표,3792,3792,2723,744,254,50,2,3773,19,0
서울특별시,구로구,항동,항동제1투,2905,2163,869,1071,163,43,3,2149,14,742
서울특별시,구로구,항동,항동제2투,2235,1703,732,761,167,27,2,1689,14,532
서울특별시,구로구,항동,항동제3투,2162,1605,654,761,153,19,0,1587,18,557
서울특별시,금천구,거소·선상투표,,303,285,122,98,47,0,2,269,16,18
서울특별시,금천구,관외사전투표,,22852,22849,14054,5077,3122,311,21,22585,264,3
서울특별시,금천구,재외투표,,1110,880,628,141,91,12,0,872,8,230
서울특별시,금천구,가산동,관내사전투표,5759,5759,3673,1057,870,89,6,5695,64,0
서울특별시,금천구,가산동,가산동제1투,3403,2127,741,932,380,35,2,2090,37,1276
서울특별시,금천구,가산동,가산동제2투,3470,1985,757,856,318,27,2,1960,25,1485
서울특별시,금천구,가산동,가산동제3투,2680,1979,776,955,200,27,2,1960,19,701
서울특별시,금천구,가산동,가산동제4투,3234,2013,767,848,341,28,5,1989,24,1221
서울특별시,금천구,가산동,가산동제5투,810,519,227,229,58,1,0,515,4,291
서울특별시,금천구,가산동,가산동제6투,2017,1303,497,525,243,24,1,1290,13,714
서울특별시,금천구,독산제1동,관내사전투표,6560,6560,4345,1312,747,84,8,6496,64,0
서울특별시,금천구,독산제1동,독산제1동제1투,4021,2503,918,1149,369,31,4,2471,32,1518
서울특별시,금천구,독산제1동,독산제1동제2투,2585,1589,649,628,270,23,2,1572,17,996
서울특별시,금천구,독산제1동,독산제1동제3투,3935,2580,1019,1073,427,35,1,2555,25,1355
서울특별시,금천구,독산제1동,독산제1동제4투,3026,2335,1044,1023,225,28,2,2322,13,691
서울특별시,금천구,독산제1동,독산제1동제5투,2262,1608,726,740,108,13,3,1590,18,654
서울특별시,금천구,독산제1동,독산제1동제6투,2976,2246,841,1177,178,29,3,2228,18,730
서울특별시,금천구,독산제1동,독산제1동제7투,3520,2878,1209,1325,288,40,3,2865,13,642
서울특별시,금천구,독산제1동,독산제1동제8투,2682,2101,920,887,251,24,1,2083,18,581
서울특별시,금천구,독산제1동,독산제1동제9투,4094,2842,1212,1134,428,28,4,2806,36,1252
서울특별시,금천구,독산제2동,관내사전투표,4258,4258,2935,995,267,28,5,4230,28,0
서울특별시,금천구,독산제2동,독산제2동제1투,1728,1101,471,490,105,17,3,1086,15,627
서울특별시,금천구,독산제2동,독산제2동제2투,1846,1090,385,578,110,9,2,1084,6,756
서울특별시,금천구,독산제2동,독산제2동제3투,1504,909,358,441,89,11,0,899,10,595
서울특별시,금천구,독산제2동,독산제2동제4투,1619,959,390,460,91,6,1,948,11,660
서울특별시,금천구,독산제2동,독산제2동제5투,1688,972,413,454,84,9,1,961,11,716
서울특별시,금천구,독산제2동,독산제2동제6투,1851,1088,497,497,79,5,1,1079,9,763
서울특별시,금천구,독산제3동,관내사전투표,5140,5140,3595,1124,324,48,4,5095,45,0
서울특별시,금천구,독산제3동,독산제3동제1투,2461,1575,657,758,131,15,2,1563,12,886
서울특별시,금천구,독산제3동,독산제3동제2투,2456,1683,735,786,128,20,1,1670,13,773
서울특별시,금천구,독산제3동,독산제3동제3투,2292,1430,553,718,127,17,1,1416,14,862
서울특별시,금천구,독산제3동,독산제3동제4투,2053,1141,466,532,119,10,1,1128,13,912
서울특별시,금천구,독산제3동,독산제3동제5투,2045,1312,544,633,114,10,0,1301,11,733
서울특별시,금천구,독산제3동,독산제3동제6투,2357,1570,682,699,154,24,2,1561,9,787
서울특별시,금천구,독산제4동,관내사전투표,4128,4128,2844,1012,225,31,3,4115,13,0
서울특별시,금천구,독산제4동,독산제4동제1투,2101,1286,477,689,97,12,1,1276,10,815
서울특별시,금천구,독산제4동,독산제4동제2투,2204,1311,514,657,106,22,1,1300,11,893
서울특별시,금천구,독산제4동,독산제4동제3투,1584,947,408,439,81,9,0,937,10,637
서울특별시,금천구,독산제4동,독산제4동제4투,2200,1387,647,593,123,13,2,1378,9,813
서울특별시,금천구,시흥제1동,관내사전투표,6902,6902,4543,1790,454,63,4,6854,48,0
서울특별시,금천구,시흥제1동,시흥제1동제1투,2253,1581,614,757,169,27,4,1571,10,672
서울특별시,금천구,시흥제1동,시흥제1동제2투,3298,2272,912,1040,270,23,5,2250,22,1026
서울특별시,금천구,시흥제1동,시흥제1동제3투,2251,1703,678,869,124,20,3,1694,9,548
서울특별시,금천구,시흥제1동,시흥제1동제4투,1660,854,357,403,74,9,0,843,11,806
서울특별시,금천구,시흥제1동,시흥제1동제5투,1925,1105,456,542,83,9,1,1091,14,820
서울특별시,금천구,시흥제1동,시흥제1동제6투,1740,1112,440,566,87,9,2,1104,8,628
서울특별시,금천구,시흥제1동,시흥제1동제7투,1593,985,376,526,64,12,0,978,7,608
서울특별시,금천구,시흥제1동,시흥제1동제8투,2121,1125,431,561,110,14,1,1117,8,996
서울특별시,금천구,시흥제1동,시흥제1동제9투,1702,1358,545,675,112,13,0,1345,13,344
서울특별시,금천구,시흥제2동,관내사전투표,4080,4080,2760,990,283,29,1,4063,17,0
서울특별시,금천구,시흥제2동,시흥제2동제1투,1542,1018,362,530,106,7,1,1006,12,524
서울특별시,금천구,시흥제2동,시흥제2동제2투,1803,1313,540,670,80,11,0,1301,12,490
서울특별시,금천구,시흥제2동,시흥제2동제3투,2159,1659,565,942,129,14,3,1653,6,500
서울특별시,금천구,시흥제2동,시흥제2동제4투,2345,1904,751,985,131,19,1,1887,17,441
서울특별시,금천구,시흥제2동,시흥제2동제5투,2071,1610,792,625,157,21,0,1595,15,461
서울특별시,금천구,시흥제2동,시흥제2동제6투,1239,838,325,451,45,6,0,827,11,401
서울특별시,금천구,시흥제3동,관내사전투표,2941,2941,2014,716,177,20,2,2929,12,0
서울특별시,금천구,시흥제3동,시흥제3동제1투,1907,1286,455,697,108,13,3,1276,10,621
서울특별시,금천구,시흥제3동,시흥제3동제2투,1323,922,355,466,77,17,0,915,7,401
서울특별시,금천구,시흥제3동,시흥제3동제3투,1477,1034,381,567,73,6,4,1031,3,443
서울특별시,금천구,시흥제3동,시흥제3동제4투,975,740,301,358,66,8,0,733,7,235
서울특별시,금천구,시흥제4동,관내사전투표,3941,3941,2681,1000,200,25,5,3911,30,0
서울특별시,금천구,시흥제4동,시흥제4동제1투,2055,1340,566,659,92,9,6,1332,8,715
서울특별시,금천구,시흥제4동,시흥제4동제2투,1615,928,340,508,59,14,2,923,5,687
서울특별시,금천구,시흥제4동,시흥제4동제3투,1562,1039,395,549,83,6,1,1034,5,523
서울특별시,금천구,시흥제4동,시흥제4동제4투,1903,1420,594,704,106,5,2,1411,9,483
서울특별시,금천구,시흥제4동,시흥제4동제5투,1903,1205,475,629,82,11,1,1198,7,698
서울특별시,금천구,시흥제4동,시흥제4동제6투,1915,1257,539,601,87,15,3,1245,12,658
서울특별시,금천구,시흥제5동,관내사전투표,5348,5348,3551,1433,276,46,9,5315,33,0
서울특별시,금천구,시흥제5동,시흥제5동제1투,1664,1035,379,562,80,12,0,1033,2,629
서울특별시,금천구,시흥제5동,시흥제5동제2투,2239,1348,557,649,111,19,2,1338,10,891
서울특별시,금천구,시흥제5동,시흥제5동제3투,2276,1476,549,792,112,15,2,1470,6,800
서울특별시,금천구,시흥제5동,시흥제5동제4투,1862,1139,425,590,105,8,2,1130,9,723
서울특별시,금천구,시흥제5동,시흥제5동제5투,1717,1086,402,563,92,15,2,1074,12,631
서울특별시,영등포구,거소·선상투표,,409,385,149,141,77,3,2,372,13,24
서울특별시,영등포구,관외사전투표,,37119,37104,20757,9649,5660,592,35,36693,411,15
서울특별시,영등포구,재외투표,,3195,2546,1595,613,263,48,3,2522,24,649
서울특별시,영등포구,영등포본동,관내사전투표,4786,4786,3105,1172,401,64,7,4749,37,0
서울특별시,영등포구,영등포본동,영등포본동제1투,2091,1485,564,761,137,10,0,1472,13,606
서울특별시,영등포구,영등포본동,영등포본동제2투,2793,1766,680,907,137,22,0,1746,20,1027
서울특별시,영등포구,영등포본동,영등포본동제3투,2554,1531,529,816,148,19,3,1515,16,1023
서울특별시,영등포구,영등포본동,영등포본동제4투,2081,1621,630,794,157,20,1,1602,19,460
서울특별시,영등포구,영등포본동,영등포본동제5투,2588,2124,831,1029,221,31,1,2113,11,464
서울특별시,영등포구,영등포동,관내사전투표,5432,5432,3174,1345,763,90,2,5374,58,0
서울특별시,영등포구,영등포동,영등포동제1투,4442,2788,847,1283,585,37,2,2754,34,1654
서울특별시,영등포구,영등포동,영등포동제2투,3453,1902,646,934,270,26,1,1877,25,1551
서울특별시,영등포구,영등포동,영등포동제3투,2617,1805,623,940,192,28,3,1786,19,812
서울특별시,영등포구,영등포동,영등포동제4투,3026,1956,633,895,363,39,0,1930,26,1070
서울특별시,영등포구,영등포동,영등포동제5투,2936,2010,624,1064,258,38,4,1988,22,926
서울특별시,영등포구,영등포동,영등포동제6투,2384,1866,572,1040,219,16,0,1847,19,518
서울특별시,영등포구,여의동,관내사전투표,5462,5462,2795,1912,650,74,3,5434,28,0
서울특별시,영등포구,여의동,여의동제1투,2553,1935,430,1323,144,29,0,1926,9,618
서울특별시,영등포구,여의동,여의동제2투,2757,1877,302,1406,127,24,1,1860,17,880
서울특별시,영등포구,여의동,여의동제3투,2444,1856,414,1259,155,16,0,1844,12,588
서울특별시,영등포구,여의동,여의동제4투,3083,2193,402,1600,172,14,1,2189,4,890
서울특별시,영등포구,여의동,여의동제5투,2889,2195,489,1473,200,23,0,2185,10,694
서울특별시,영등포구,여의동,여의동제6투,2787,2061,428,1439,175,16,0,2058,3,726
서울특별시,영등포구,여의동,여의동제7투,3138,2372,391,1789,163,13,0,2356,16,766
서울특별시,영등포구,여의동,여의동제8투,2014,1455,426,848,146,22,1,1443,12,559
서울특별시,영등포구,당산제1동,관내사전투표,5900,5900,3642,1432,658,108,4,5844,56,0
서울특별시,영등포구,당산제1동,당산제1동제1투,1533,1102,406,534,128,15,5,1088,14,431
서울특별시,영등포구,당산제1동,당산제1동제2투,2546,1781,644,893,205,25,1,1768,13,765
서울특별시,영등포구,당산제1동,당산제1동제3투,3077,2362,885,1121,301,29,5,2341,21,715
서울특별시,영등포구,당산제1동,당산제1동제4투,3056,2019,569,1144,248,34,2,1997,22,1037
서울특별시,영등포구,당산제1동,당산제1동제5투,2324,1735,602,870,215,23,1,1711,24,589
서울특별시,영등포구,당산제2동,관내사전투표,5549,5549,3302,1513,597,84,5,5501,48,0
서울특별시,영등포구,당산제2동,당산제2동제1투,3636,2563,868,1228,393,48,1,2538,25,1073
서울특별시,영등포구,당산제2동,당산제2동제2투,2409,1711,504,990,174,24,1,1693,18,698
서울특별시,영등포구,당산제2동,당산제2동제3투,3483,2620,899,1350,314,35,4,2602,18,863
서울특별시,영등포구,당산제2동,당산제2동제4투,2055,1700,600,924,132,28,0,1684,16,355
서울특별시,영등포구,당산제2동,당산제2동제5투,2906,2336,625,1457,224,21,0,2327,9,570
서울특별시,영등포구,당산제2동,당산제2동제6투,3226,2510,887,1258,298,35,1,2479,31,716
서울특별시,영등포구,당산제2동,당산제2동제7투,1943,1431,560,579,237,35,0,1411,20,512
서울특별시,영등포구,당산제2동,당산제2동제8투,1745,1297,421,682,166,16,0,1285,12,448
서울특별시,영등포구,도림동,관내사전투표,4381,4381,2933,963,404,53,4,4357,24,0
서울특별시,영등포구,도림동,도림동제1투,2492,1588,596,858,114,9,3,1580,8,904
서울특별시,영등포구,도림동,도림동제2투,2232,1400,515,692,157,18,2,1384,16,832
서울특별시,영등포구,도림동,도림동제3투,2748,1877,714,873,232,22,3,1844,33,871
서울특별시,영등포구,도림동,도림동제4투,2769,1995,738,1032,184,24,3,1981,14,774
서울특별시,영등포구,문래동,관내사전투표,5832,5832,3821,1355,550,69,6,5801,31,0
서울특별시,영등포구,문래동,문래동제1투,1364,757,250,417,75,9,1,752,5,607
서울특별시,영등포구,문래동,문래동제2투,2535,2016,715,1070,195,29,0,2009,7,519
서울특별시,영등포구,문래동,문래동제3투,2685,2090,760,1027,244,42,0,2073,17,595
서울특별시,영등포구,문래동,문래동제4투,2311,1837,499,1164,148,12,4,1827,10,474
서울특별시,영등포구,문래동,문래동제5투,2888,2185,845,1108,182,36,0,2171,14,703
서울특별시,영등포구,문래동,문래동제6투,3152,2545,1170,1029,283,38,3,2523,22,607
서울특별시,영등포구,문래동,문래동제7투,3128,2507,1087,1104,276,26,0,2493,14,621
서울특별시,영등포구,양평제1동,관내사전투표,4562,4564,2935,1003,514,72,2,4526,38,-2
서울특별시,영등포구,양평제1동,양평제1동제1투,2128,1442,512,713,182,18,1,1426,16,686
서울특별시,영등포구,양평제1동,양평제1동제2투,2868,2189,869,1019,251,32,2,2173,16,679
서울특별시,영등포구,양평제1동,양평제1동제3투,2888,1938,672,972,240,30,0,1914,24,950
서울특별시,영등포구,양평제1동,양평제1동제4투,2277,1662,606,782,216,36,3,1643,19,615
서울특별시,영등포구,양평제2동,관내사전투표,4569,4569,2906,1040,529,59,3,4537,32,0
서울특별시,영등포구,양평제2동,양평제2동제1투,2400,1873,753,879,204,24,0,1860,13,527
서울특별시,영등포구,양평제2동,양평제2동제2투,2164,1568,522,837,162,23,4,1548,20,596
서울특별시,영등포구,양평제2동,양평제2동제3투,2253,1564,557,740,222,25,0,1544,20,689
서울특별시,영등포구,양평제2동,양평제2동제4투,2580,2059,806,952,250,28,1,2037,22,521
서울특별시,영등포구,양평제2동,양평제2동제5투,3346,2435,877,1127,350,48,2,2404,31,911
서울특별시,영등포구,신길제1동,관내사전투표,3646,3646,2307,884,366,47,2,3606,40,0
서울특별시,영등포구,신길제1동,신길제1동제1투,2565,1657,622,783,211,20,2,1638,19,908
서울특별시,영등포구,신길제1동,신길제1동제2투,2223,1350,471,709,138,16,1,1335,15,873
서울특별시,영등포구,신길제1동,신길제1동제3투,2157,1316,455,683,144,17,0,1299,17,841
서울특별시,영등포구,신길제1동,신길제1동제4투,2207,1429,526,737,133,19,2,1417,12,778
서울특별시,영등포구,신길제1동,신길제1동제5투,2250,1687,649,840,164,20,4,1677,10,563
서울특별시,영등포구,신길제3동,관내사전투표,3284,3284,2071,865,261,44,7,3248,36,0
서울특별시,영등포구,신길제3동,신길제3동제1투,1632,997,355,541,85,7,1,989,8,635
서울특별시,영등포구,신길제3동,신길제3동제2투,1791,1137,403,618,92,12,2,1127,10,654
서울특별시,영등포구,신길제3동,신길제3동제3투,1915,1533,552,812,137,21,1,1523,10,382
서울특별시,영등포구,신길제3동,신길제3동제4투,1977,1429,499,781,120,15,6,1421,8,548
서울특별시,영등포구,신길제3동,신길제3동제5투,2020,1434,530,738,147,11,0,1426,8,586
서울특별시,영등포구,신길제4동,관내사전투표,2283,2283,1524,556,160,20,1,2261,22,0
서울특별시,영등포구,신길제4동,신길제4동제1투,1494,889,333,461,74,11,1,880,9,605
서울특별시,영등포구,신길제4동,신길제4동제2투,1415,871,308,466,78,11,0,863,8,544
서울특별시,영등포구,신길제4동,신길제4동제3투,1731,1320,448,761,94,12,2,1317,3,411
서울특별시,영등포구,신길제4동,신길제4동제4투,2270,1852,779,858,181,20,2,1840,12,418
서울특별시,영등포구,신길제5동,관내사전투표,2570,2570,1757,630,142,22,3,2554,16,0
서울특별시,영등포구,신길제5동,신길제5동제1투,962,593,211,329,37,10,1,588,5,369
서울특별시,영등포구,신길제5동,신길제5동제2투,1972,1611,591,799,175,31,1,1597,14,361
서울특별시,영등포구,신길제5동,신길제5동제3투,1459,945,335,521,74,5,2,937,8,514
서울특별시,영등포구,신길제5동,신길제5동제4투,979,643,242,352,40,5,1,640,3,336
서울특별시,영등포구,신길제6동,관내사전투표,4864,4864,3101,1204,462,58,6,4831,33,0
서울특별시,영등포구,신길제6동,신길제6동제1투,1618,1153,398,560,161,22,2,1143,10,465
서울특별시,영등포구,신길제6동,신길제6동제2투,1935,1481,463,848,140,14,3,1468,13,454
서울특별시,영등포구,신길제6동,신길제6동제3투,2212,1645,554,904,153,26,1,1638,7,567
서울특별시,영등포구,신길제6동,신길제6동제4투,2431,1620,562,839,186,13,1,1601,19,811
서울특별시,영등포구,신길제6동,신길제6동제5투,1850,1251,441,637,133,17,2,1230,21,599
서울특별시,영등포구,신길제7동,관내사전투표,3177,3177,1936,895,304,21,0,3156,21,0
서울특별시,영등포구,신길제7동,신길제7동제1투,2664,2120,728,1135,212,33,3,2111,9,544
서울특별시,영등포구,신길제7동,신길제7동제2투,3190,2441,903,1227,266,33,1,2430,11,749
서울특별시,영등포구,신길제7동,신길제7동제3투,2298,1534,426,901,170,17,3,1517,17,764
서울특별시,영등포구,신길제7동,신길제7동제4투,2220,1737,496,1065,148,17,0,1726,11,483
서울특별시,영등포구,대림제1동,관내사전투표,3250,3250,2169,811,224,22,0,3226,24,0
서울특별시,영등포구,대림제1동,대림제1동제1투,1479,888,316,489,67,5,0,877,11,591
서울특별시,영등포구,대림제1동,대림제1동제2투,1588,1049,344,594,97,6,0,1041,8,539
서울특별시,영등포구,대림제1동,대림제1동제3투,1785,1340,523,650,139,16,0,1328,12,445
서울특별시,영등포구,대림제1동,대림제1동제4투,1714,1157,448,576,111,10,2,1147,10,557
서울특별시,영등포구,대림제1동,대림제1동제5투,1093,642,230,342,58,5,0,635,7,451
서울특별시,영등포구,대림제2동,관내사전투표,2738,2738,1923,607,160,26,5,2721,17,0
서울특별시,영등포구,대림제2동,대림제2동제1투,726,400,164,196,30,3,1,394,6,326
서울특별시,영등포구,대림제2동,대림제2동제2투,783,497,179,280,28,3,0,490,7,286
서울특별시,영등포구,대림제2동,대림제2동제3투,2177,1460,582,693,151,21,3,1450,10,717
서울특별시,영등포구,대림제2동,대림제2동제4투,2432,1724,705,806,179,13,2,1705,19,708
서울특별시,영등포구,대림제2동,대림제2동제5투,1110,661,250,352,47,6,0,655,6,449
서울특별시,영등포구,대림제3동,관내사전투표,3364,3364,2277,781,237,46,0,3341,23,0
서울특별시,영등포구,대림제3동,대림제3동제1투,2027,1425,544,722,133,11,2,1412,13,602
서울특별시,영등포구,대림제3동,대림제3동제2투,1784,1233,517,607,81,19,0,1224,9,551
서울특별시,영등포구,대림제3동,대림제3동제3투,1642,1150,461,582,86,4,2,1135,15,492
서울특별시,영등포구,대림제3동,대림제3동제4투,1275,838,345,412,64,10,1,832,6,437
서울특별시,영등포구,대림제3동,대림제3동제5투,1867,1238,470,618,122,16,0,1226,12,629
서울특별시,영등포구,대림제3동,대림제3동제6투,1668,1165,444,601,91,15,2,1153,12,503
서울특별시,영등포구,대림제3동,대림제3동제7투,2400,1876,618,1040,181,27,0,1866,10,524
서울특별시,동작구,거소·선상투표,,378,350,138,124,74,2,2,340,10,28
서울특별시,동작구,관외사전투표,,42299,42294,24462,10656,6047,639,37,41841,453,5
서울특별시,동작구,재외투표,,3455,2795,1746,701,278,48,4,2777,18,660
서울특별시,동작구,노량진제1동,관내사전투표,4643,4643,2831,1032,651,74,4,4592,51,0
서울특별시,동작구,노량진제1동,노량진제1동제1투,2779,2213,813,1145,212,22,0,2192,21,566
서울특별시,동작구,노량진제1동,노량진제1동제2투,3424,2253,706,1182,322,22,0,2232,21,1171
서울특별시,동작구,노량진제1동,노량진제1동제3투,2145,1695,556,930,169,24,2,1681,14,450
서울특별시,동작구,노량진제1동,노량진제1동제4투,3416,1994,584,1050,308,29,2,1973,21,1422
서울특별시,동작구,노량진제1동,노량진제1동제5투,1611,1160,354,704,86,7,1,1152,8,451
서울특별시,동작구,노량진제1동,노량진제1동제6투,2421,1694,652,855,146,25,1,1679,15,727
서울특별시,동작구,노량진제1동,노량진제1동제7투,1474,1164,361,676,105,13,0,1155,9,310
서울특별시,동작구,노량진제1동,노량진제1동제8투,2696,2072,685,1154,197,21,4,2061,11,624
서울특별시,동작구,노량진제2동,관내사전투표,1871,1871,1215,466,158,17,2,1858,13,0
서울특별시,동작구,노량진제2동,노량진제2동제1투,784,499,148,287,57,4,0,496,3,285
서울특별시,동작구,노량진제2동,노량진제2동제2투,1788,1004,330,586,77,9,1,1003,1,784
서울특별시,동작구,노량진제2동,노량진제2동제3투,2321,1502,498,745,211,28,3,1485,17,819
서울특별시,동작구,상도제1동,관내사전투표,8881,8880,5329,2229,1153,108,5,8824,56,1
서울특별시,동작구,상도제1동,상도제1동제1투,3950,2841,1030,1361,389,36,3,2819,22,1109
서울특별시,동작구,상도제1동,상도제1동제2투,3727,2642,814,1330,417,42,5,2608,34,1085
서울특별시,동작구,상도제1동,상도제1동제3투,2842,2030,748,1024,217,29,1,2019,11,812
서울특별시,동작구,상도제1동,상도제1동제4투,2744,1957,647,1088,184,25,1,1945,12,787
서울특별시,동작구,상도제1동,상도제1동제5투,2834,1958,470,1236,206,24,0,1936,22,876
서울특별시,동작구,상도제1동,상도제1동제6투,2889,2085,595,1167,270,24,2,2058,27,804
서울특별시,동작구,상도제1동,상도제1동제7투,2725,1887,606,936,287,29,2,1860,27,838
서울특별시,동작구,상도제1동,상도제1동제8투,3539,2842,1002,1480,306,37,2,2827,15,697
서울특별시,동작구,상도제2동,관내사전투표,7366,7366,4712,1900,638,80,4,7334,32,0
서울특별시,동작구,상도제2동,상도제2동제1투,3468,2434,806,1323,243,29,4,2405,29,1034
서울특별시,동작구,상도제2동,상도제2동제2투,3554,2467,679,1490,255,27,1,2452,15,1087
서울특별시,동작구,상도제2동,상도제2동제3투,3557,2499,892,1288,260,32,1,2473,26,1058
서울특별시,동작구,상도제2동,상도제2동제4투,3875,2955,992,1618,291,35,1,2937,18,920
서울특별시,동작구,상도제3동,관내사전투표,8930,8930,5770,2242,736,113,4,8865,65,0
서울특별시,동작구,상도제3동,상도제3동제1투,3301,2281,842,1184,199,26,2,2253,28,1020
서울특별시,동작구,상도제3동,상도제3동제2투,2526,1624,546,834,185,24,5,1594,30,902
서울특별시,동작구,상도제3동,상도제3동제3투,2093,1346,530,676,125,9,1,1341,5,747
서울특별시,동작구,상도제3동,상도제3동제4투,1866,1199,479,582,112,16,0,1189,10,667
서울특별시,동작구,상도제3동,상도제3동제5투,3308,2312,955,1118,190,20,2,2285,27,996
서울특별시,동작구,상도제4동,관내사전투표,5854,5854,3885,1439,436,48,5,5813,41,0
서울특별시,동작구,상도제4동,상도제4동제1투,1914,1138,469,551,93,13,0,1126,12,776
서울특별시,동작구,상도제4동,상도제4동제2투,2541,1609,609,775,183,26,1,1594,15,932
서울특별시,동작구,상도제4동,상도제4동제3투,2024,1222,451,604,137,15,2,1209,13,802
서울특별시,동작구,상도제4동,상도제4동제4투,3233,2159,838,1056,219,25,4,2142,17,1074
서울특별시,동작구,상도제4동,상도제4동제5투,3058,2092,733,1136,180,27,3,2079,13,966
서울특별시,동작구,상도제4동,상도제4동제6투,2684,1714,668,829,171,28,2,1698,16,970
서울특별시,동작구,흑석동,관내사전투표,5878,5878,3472,1684,632,47,3,5838,40,0
서울특별시,동작구,흑석동,흑석동제1투,2635,1927,376,1340,178,18,1,1913,14,708
서울특별시,동작구,흑석동,흑석동제2투,2452,1743,415,1119,175,22,3,1734,9,709
서울특별시,동작구,흑석동,흑석동제3투,1911,1426,420,846,136,8,2,1412,14,485
서울특별시,동작구,흑석동,흑석동제4투,2801,1980,568,1108,266,16,0,1958,22,821
서울특별시,동작구,흑석동,흑석동제5투,3363,2402,776,1318,264,27,2,2387,15,961
서울특별시,동작구,흑석동,흑석동제6투,4009,3028,1042,1640,290,38,1,3011,17,981
서울특별시,동작구,사당제1동,관내사전투표,4617,4617,3012,1022,471,59,6,4570,47,0
서울특별시,동작구,사당제1동,사당제1동제1투,3536,2462,973,1166,253,40,5,2437,25,1074
서울특별시,동작구,사당제1동,사당제1동제2투,2565,1771,633,897,195,27,3,1755,16,794
서울특별시,동작구,사당제1동,사당제1동제3투,2448,1660,536,859,218,24,0,1637,23,788
서울특별시,동작구,사당제1동,사당제1동제4투,1984,1341,495,660,157,12,2,1326,15,643
서울특별시,동작구,사당제1동,사당제1동제5투,2665,1717,533,918,217,27,0,1695,22,948
서울특별시,동작구,사당제2동,관내사전투표,7325,7324,4446,2107,633,83,3,7272,52,1
서울특별시,동작구,사당제2동,사당제2동제1투,2818,2154,598,1368,171,6,2,2145,9,664
서울특별시,동작구,사당제2동,사당제2동제2투,2442,1602,505,942,129,16,1,1593,9,840
서울특별시,동작구,사당제2동,사당제2동제3투,2146,1486,563,750,138,18,2,1471,15,660
서울특별시,동작구,사당제2동,사당제2동제4투,2247,1519,378,972,142,18,0,1510,9,728
서울특별시,동작구,사당제2동,사당제2동제5투,1699,1159,338,656,137,14,2,1147,12,540
서울특별시,동작구,사당제2동,사당제2동제6투,2010,1543,399,926,176,28,1,1530,13,467
서울특별시,동작구,사당제2동,사당제2동제7투,1967,1514,386,982,114,27,1,1510,4,453
서울특별시,동작구,사당제3동,관내사전투표,3651,3650,2300,1008,269,45,5,3627,23,1
서울특별시,동작구,사당제3동,사당제3동제1투,2453,1732,583,945,170,20,1,1719,13,721
서울특별시,동작구,사당제3동,사당제3동제2투,983,694,210,387,79,13,0,689,5,289
서울특별시,동작구,사당제3동,사당제3동제3투,1937,1338,348,854,117,11,2,1332,6,599
서울특별시,동작구,사당제3동,사당제3동제4투,3277,2318,777,1221,262,35,0,2295,23,959
서울특별시,동작구,사당제3동,사당제3동제5투,2151,1631,569,906,127,15,2,1619,12,520
서울특별시,동작구,사당제3동,사당제3동제6투,2236,1757,593,987,137,22,4,1743,14,479
서울특별시,동작구,사당제4동,관내사전투표,3804,3804,2605,855,278,38,1,3777,27,0
서울특별시,동작구,사당제4동,사당제4동제1투,1875,1281,479,669,109,10,1,1268,13,594
서울특별시,동작구,사당제4동,사당제4동제2투,1821,1278,423,715,118,14,0,1270,8,543
서울특별시,동작구,사당제4동,사당제4동제3투,2147,1521,545,805,134,18,2,1504,17,626
서울특별시,동작구,사당제4동,사당제4동제4투,1715,1157,407,601,124,10,3,1145,12,558
서울특별시,동작구,사당제5동,관내사전투표,3460,3460,2286,831,273,37,3,3430,30,0
서울특별시,동작구,사당제5동,사당제5동제1투,2115,1586,538,844,167,23,0,1572,14,529
서울특별시,동작구,사당제5동,사당제5동제2투,2008,1477,514,817,111,20,1,1463,14,531
서울특별시,동작구,사당제5동,사당제5동제3투,1955,1265,401,705,131,15,2,1254,11,690
서울특별시,동작구,사당제5동,사당제5동제4투,1733,1260,497,611,128,12,0,1248,12,473
서울특별시,동작구,대방동,관내사전투표,5233,5233,3416,1276,436,70,7,5205,28,0
서울특별시,동작구,대방동,대방동제1투,2886,2095,736,1123,189,28,3,2079,16,791
서울특별시,동작구,대방동,대방동제2투,3152,2367,892,1156,270,33,0,2351,16,785
서울특별시,동작구,대방동,대방동제3투,2069,1469,562,776,101,15,1,1455,14,600
서울특별시,동작구,대방동,대방동제4투,2536,1921,583,1137,168,22,0,1910,11,615
서울특별시,동작구,대방동,대방동제5투,2161,1528,581,726,186,18,3,1514,14,633
서울특별시,동작구,대방동,대방동제6투,2938,2050,793,930,261,26,3,2013,37,888
서울특별시,동작구,대방동,대방동제7투,2754,1864,742,887,192,21,2,1844,20,890
서울특별시,동작구,신대방제1동,관내사전투표,3820,3819,2451,997,298,42,2,3790,29,1
서울특별시,동작구,신대방제1동,신대방제1동제1투,1487,1002,348,548,83,15,0,994,8,485
서울특별시,동작구,신대방제1동,신대방제1동제2투,1883,1229,383,696,113,18,4,1214,15,654
서울특별시,동작구,신대방제1동,신대방제1동제3투,3101,2485,1057,1174,198,36,0,2465,20,616
서울특별시,동작구,신대방제1동,신대방제1동제4투,3768,2637,900,1379,278,33,7,2597,40,1131
서울특별시,동작구,신대방제1동,신대방제1동제5투,3026,2399,764,1413,177,28,3,2385,14,627
서울특별시,동작구,신대방제2동,관내사전투표,5502,5502,3595,1225,546,86,3,5455,47,0
서울특별시,동작구,신대방제2동,신대방제2동제1투,2581,1894,754,898,200,19,2,1873,21,687
서울특별시,동작구,신대방제2동,신대방제2동제2투,3405,2484,915,1200,307,29,4,2455,29,921
서울특별시,동작구,신대방제2동,신대방제2동제3투,3142,2167,808,1037,255,39,4,2143,24,975
서울특별시,동작구,신대방제2동,신대방제2동제4투,2914,2157,631,1324,168,28,0,2151,6,757
서울특별시,관악구,거소·선상투표,,491,462,219,142,87,4,1,453,9,29
서울특별시,관악구,관외사전투표,,51408,51403,29503,11651,8549,874,70,50647,756,5
서울특별시,관악구,재외투표,,3295,2619,1761,513,272,49,1,2596,23,676
서울특별시,관악구,보라매동,관내사전투표,4535,4535,3022,927,497,48,9,4503,32,0
서울특별시,관악구,보라매동,보라매동제1투,2701,2010,690,1096,178,25,1,1990,20,691
서울특별시,관악구,보라매동,보라매동제2투,2466,1752,741,805,161,25,5,1737,15,714
서울특별시,관악구,보라매동,보라매동제3투,3361,2243,832,1089,266,28,3,2218,25,1118
서울특별시,관악구,보라매동,보라매동제4투,2803,1736,619,866,217,21,0,1723,13,1067
서울특별시,관악구,보라매동,보라매동제5투,2843,1835,777,840,178,17,6,1818,17,1008
서울특별시,관악구,은천동,관내사전투표,6610,6610,4550,1411,544,48,6,6559,51,0
서울특별시,관악구,은천동,은천동제1투,2718,1813,631,928,214,21,1,1795,18,905
서울특별시,관악구,은천동,은천동제2투,2857,1943,692,955,248,30,2,1927,16,914
서울특별시,관악구,은천동,은천동제3투,2221,1513,551,768,152,23,3,1497,16,708
서울특별시,관악구,은천동,은천동제4투,2554,2060,911,891,212,29,2,2045,15,494
서울특별시,관악구,은천동,은천동제5투,2475,1912,879,888,117,13,1,1898,14,563
서울특별시,관악구,은천동,은천동제6투,2594,1664,737,755,141,16,5,1654,10,930
서울특별시,관악구,은천동,은천동제7투,2737,1717,679,832,174,13,4,1702,15,1020
서울특별시,관악구,성현동,관내사전투표,4830,4830,3424,988,332,60,1,4805,25,0
서울특별시,관악구,성현동,성현동제1투,2347,1724,750,818,114,24,4,1710,14,623
서울특별시,관악구,성현동,성현동제2투,3133,2254,983,1006,201,44,2,2236,18,879
서울특별시,관악구,성현동,성현동제3투,2265,1880,773,891,168,27,3,1862,18,385
서울특별시,관악구,성현동,성현동제4투,2578,2046,788,1020,200,24,0,2032,14,532
서울특별시,관악구,성현동,성현동제5투,2462,1816,695,889,192,27,0,1803,13,646
서울특별시,관악구,성현동,성현동제6투,1956,1368,520,686,122,24,3,1355,13,588
서울특별시,관악구,성현동,성현동제7투,2220,1577,663,805,74,14,3,1559,18,643
서울특별시,관악구,중앙동,관내사전투표,4307,4307,2714,845,612,79,7,4257,50,0
서울특별시,관악구,중앙동,중앙동제1투,2758,1745,606,800,276,28,5,1715,30,1013
서울특별시,관악구,중앙동,중앙동제2투,2624,1763,695,820,208,25,1,1749,14,861
서울특별시,관악구,중앙동,중앙동제3투,3369,2171,752,1008,345,36,9,2150,21,1198
서울특별시,관악구,청림동,관내사전투표,3164,3164,2157,714,223,38,5,3137,27,0
서울특별시,관악구,청림동,청림동제1투,2414,1859,572,1071,177,21,1,1842,17,555
서울특별시,관악구,청림동,청림동제2투,2509,1611,637,811,126,26,0,1600,11,898
서울특별시,관악구,청림동,청림동제3투,3291,2699,1199,1176,266,37,1,2679,20,592
서울특별시,관악구,행운동,관내사전투표,6996,6996,4377,1436,986,122,4,6925,71,0
서울특별시,관악구,행운동,행운동제1투,2741,1963,725,895,286,27,3,1936,27,778
서울특별시,관악구,행운동,행운동제2투,3324,2363,815,1095,366,41,5,2322,41,961
서울특별시,관악구,행운동,행운동제3투,3238,2260,842,1011,326,45,4,2228,32,978
서울특별시,관악구,행운동,행운동제4투,2807,1803,609,879,255,27,3,1773,30,1004
서울특별시,관악구,행운동,행운동제5투,2165,1495,545,716,195,17,3,1476,19,670
서울특별시,관악구,행운동,행운동제6투,2853,2158,892,1064,163,25,1,2145,13,695
서울특별시,관악구,청룡동,관내사전투표,6923,6923,4516,1419,837,89,8,6869,54,0
서울특별시,관악구,청룡동,청룡동제1투,3605,2262,797,1054,336,47,2,2236,26,1343
서울특별시,관악구,청룡동,청룡동제2투,3760,2543,909,1182,373,43,6,2513,30,1217
서울특별시,관악구,청룡동,청룡동제3투,3827,2779,933,1190,552,63,2,2740,39,1048
서울특별시,관악구,청룡동,청룡동제4투,3209,2192,875,995,254,37,1,2162,30,1017
서울특별시,관악구,청룡동,청룡동제5투,4327,3118,1047,1429,542,60,1,3079,39,1209
서울특별시,관악구,청룡동,청룡동제6투,3085,2175,752,1115,248,36,4,2155,20,910
서울특별시,관악구,낙성대동,관내사전투표,3983,3983,2305,880,637,111,2,3935,48,0
서울특별시,관악구,낙성대동,낙성대동제1투,3881,2685,909,1221,472,53,1,2656,29,1196
서울특별시,관악구,낙성대동,낙성대동제2투,2970,1871,594,930,283,38,3,1848,23,1099
서울특별시,관악구,낙성대동,낙성대동제3투,3232,2311,686,1113,422,63,2,2286,25,921
서울특별시,관악구,인헌동,관내사전투표,8155,8155,5156,1836,953,126,7,8078,77,0
서울특별시,관악구,인헌동,인헌동제1투,2449,1571,523,802,208,18,1,1552,19,878
서울특별시,관악구,인헌동,인헌동제2투,3182,2110,693,1008,330,43,3,2077,33,1072
서울특별시,관악구,인헌동,인헌동제3투,2803,1958,663,976,270,31,0,1940,18,845
서울특별시,관악구,인헌동,인헌동제4투,2654,1751,604,894,202,31,2,1733,18,903
서울특별시,관악구,인헌동,인헌동제5투,2735,2121,852,1028,176,41,8,2105,16,614
서울특별시,관악구,남현동,관내사전투표,4266,4266,2720,1009,444,47,1,4221,45,0
서울특별시,관악구,남현동,남현동제1투,2513,1781,665,907,168,23,2,1765,16,732
서울특별시,관악구,남현동,남현동제2투,2290,1576,520,851,168,23,3,1565,11,714
서울특별시,관악구,남현동,남현동제3투,2589,1689,535,868,232,28,2,1665,24,900
서울특별시,관악구,남현동,남현동제4투,2341,1584,481,876,185,19,4,1565,19,757
서울특별시,관악구,신림동,관내사전투표,5224,5224,3226,1054,791,89,6,5166,58,0
서울특별시,관악구,신림동,신림동제1투,4723,2749,919,1221,521,37,7,2705,44,1974
서울특별시,관악구,신림동,신림동제2투,4622,2419,760,1073,498,40,3,2374,45,2203
서울특별시,관악구,신림동,신림동제3투,3066,1728,566,791,307,35,1,1700,28,1338
서울특별시,관악구,신림동,신림동제4투,2721,1729,606,833,243,31,2,1715,14,992
서울특별시,관악구,신사동,관내사전투표,5491,5491,3565,1187,605,64,10,5431,60,0
서울특별시,관악구,신사동,신사동제1투,2424,1623,623,770,192,17,5,1607,16,801
서울특별시,관악구,신사동,신사동제2투,2852,1760,638,835,227,30,4,1734,26,1092
서울특별시,관악구,신사동,신사동제3투,2654,1618,556,784,225,34,4,1603,15,1036
서울특별시,관악구,신사동,신사동제4투,2459,1404,495,676,198,12,2,1383,21,1055
서울특별시,관악구,신사동,신사동제5투,2853,1769,648,844,224,28,1,1745,24,1084
서울특별시,관악구,조원동,관내사전투표,4501,4501,2956,982,459,57,4,4458,43,0
서울특별시,관악구,조원동,조원동제1투,3052,1893,668,910,254,24,4,1860,33,1159
서울특별시,관악구,조원동,조원동제2투,2842,1792,640,894,214,18,4,1770,22,1050
서울특별시,관악구,조원동,조원동제3투,2804,1789,636,842,261,32,1,1772,17,1015
서울특별시,관악구,조원동,조원동제4투,3052,2235,787,1093,299,30,1,2210,25,817
서울특별시,관악구,미성동,관내사전투표,6373,6372,4247,1602,427,53,5,6334,38,1
서울특별시,관악구,미성동,미성동제1투,2970,1825,697,852,219,34,4,1806,19,1145
서울특별시,관악구,미성동,미성동제2투,2454,1717,681,860,138,26,2,1707,10,737
서울특별시,관악구,미성동,미성동제3투,2758,2208,816,1188,171,15,1,2191,17,550
서울특별시,관악구,미성동,미성동제4투,2296,1481,595,732,124,15,1,1467,14,815
서울특별시,관악구,미성동,미성동제5투,2203,1441,521,758,133,18,0,1430,11,762
서울특별시,관악구,미성동,미성동제6투,2091,1277,476,683,96,14,1,1270,7,814
서울특별시,관악구,미성동,미성동제7투,2176,1519,623,731,135,19,4,1512,7,657
서울특별시,관악구,난곡동,관내사전투표,4703,4703,3271,1064,285,47,4,4671,32,0
서울특별시,관악구,난곡동,난곡동제1투,2428,1401,573,666,120,21,5,1385,16,1027
서울특별시,관악구,난곡동,난곡동제2투,2919,1894,805,874,176,18,4,1877,17,1025
서울특별시,관악구,난곡동,난곡동제3투,2757,1940,897,836,163,24,6,1926,14,817
서울특별시,관악구,난곡동,난곡동제4투,2181,1326,511,670,121,12,4,1318,8,855
서울특별시,관악구,난곡동,난곡동제5투,2166,1455,561,763,107,16,1,1448,7,711
서울특별시,관악구,난곡동,난곡동제6투,2284,1372,554,687,107,10,3,1361,11,912
서울특별시,관악구,난향동,관내사전투표,3335,3335,2352,734,200,27,2,3315,20,0
서울특별시,관악구,난향동,난향동제1투,2267,1529,603,801,106,14,2,1526,3,738
서울특별시,관악구,난향동,난향동제2투,3044,2243,921,1102,181,27,0,2231,12,801
서울특별시,관악구,난향동,난향동제3투,2490,1539,628,772,104,20,1,1525,14,951
서울특별시,관악구,서원동,관내사전투표,4455,4455,2795,967,566,63,7,4398,57,0
서울특별시,관악구,서원동,서원동제1투,3213,2093,753,997,280,32,2,2064,29,1120
서울특별시,관악구,서원동,서원동제2투,2892,1751,547,889,278,22,1,1737,14,1141
서울특별시,관악구,서원동,서원동제3투,3294,1832,609,875,285,35,1,1805,27,1462
서울특별시,관악구,서원동,서원동제4투,2274,1396,517,653,185,23,2,1380,16,878
서울특별시,관악구,서원동,서원동제5투,2638,1670,650,797,177,26,5,1655,15,968
서울특별시,관악구,신원동,관내사전투표,5162,5162,3274,1202,583,54,4,5117,45,0
서울특별시,관악구,신원동,신원동제1투,3149,1874,596,920,288,36,3,1843,31,1275
서울특별시,관악구,신원동,신원동제2투,2335,1442,459,769,177,17,3,1425,17,893
서울특별시,관악구,신원동,신원동제3투,2325,1416,520,662,191,26,0,1399,17,909
서울특별시,관악구,신원동,신원동제4투,2471,1476,536,739,163,22,3,1463,13,995
서울특별시,관악구,서림동,관내사전투표,3011,3011,2025,677,245,39,1,2987,24,0
서울특별시,관악구,서림동,서림동제1투,2826,1702,609,857,202,22,0,1690,12,1124
서울특별시,관악구,서림동,서림동제2투,2145,1623,493,959,129,27,2,1610,13,522
서울특별시,관악구,서림동,서림동제3투,2956,1727,523,855,281,33,5,1697,30,1229
서울특별시,관악구,서림동,서림동제4투,3730,2186,752,970,395,44,2,2163,23,1544
서울특별시,관악구,서림동,서림동제5투,2576,1701,695,796,179,17,1,1688,13,875
서울특별시,관악구,삼성동,관내사전투표,5000,5000,3345,1163,403,58,6,4975,25,0
서울특별시,관악구,삼성동,삼성동제1투,1762,991,359,550,58,14,1,982,9,771
서울특별시,관악구,삼성동,삼성동제2투,2223,1505,621,739,105,20,2,1487,18,718
서울특별시,관악구,삼성동,삼성동제3투,2791,1857,681,1013,128,22,1,1845,12,934
서울특별시,관악구,삼성동,삼성동제4투,1998,1448,740,621,66,15,1,1443,5,550
서울특별시,관악구,삼성동,삼성동제5투,2520,1945,780,1001,132,25,0,1938,7,575
서울특별시,관악구,대학동,관내사전투표,7544,7544,4603,1437,1231,186,8,7465,79,0
서울특별시,관악구,대학동,대학동제1투,4369,2433,687,1191,472,51,2,2403,30,1936
서울특별시,관악구,대학동,대학동제2투,2841,1993,627,1011,297,38,3,1976,17,848
서울특별시,관악구,대학동,대학동제3투,3490,1974,773,946,213,31,2,1965,9,1516
서울특별시,관악구,대학동,대학동제4투,3899,2247,697,1146,333,33,3,2212,35,1652
서울특별시,서초구,거소·선상투표,,322,299,98,136,60,1,0,295,4,23
서울특별시,서초구,관외사전투표,,34545,34541,16878,12031,4834,479,24,34246,295,4
서울특별시,서초구,재외투표,,5489,4380,2240,1466,564,84,2,4356,24,1109
서울특별시,서초구,서초1동,관내사전투표,4121,4121,2219,1393,431,48,4,4095,26,0
서울특별시,서초구,서초1동,서초1동제1투,3768,2654,617,1763,235,33,1,2649,5,1114
서울특별시,서초구,서초1동,서초1동제2투,2838,2047,463,1339,211,16,2,2031,16,791
서울특별시,서초구,서초1동,서초1동제3투,2917,2034,361,1442,204,13,2,2022,12,883
서울특별시,서초구,서초1동,서초1동제4투,2535,1783,417,1121,199,29,2,1768,15,752
서울특별시,서초구,서초2동,관내사전투표,3951,3950,1983,1391,501,53,1,3929,21,1
서울특별시,서초구,서초2동,서초2동제1투,2251,1737,285,1287,138,13,3,1726,11,514
서울특별시,서초구,서초2동,서초2동제2투,3682,2434,642,1398,348,23,4,2415,19,1248
서울특별시,서초구,서초2동,서초2동제3투,3417,2577,665,1589,277,27,0,2558,19,840
서울특별시,서초구,서초2동,서초2동제4투,2959,2117,358,1564,171,17,2,2112,5,842
서울특별시,서초구,서초2동,서초2동제5투,2653,2131,434,1473,198,13,0,2118,13,522
서울특별시,서초구,서초3동,관내사전투표,4773,4773,2682,1476,511,69,2,4740,33,0
서울특별시,서초구,서초3동,서초3동제1투,3584,2379,396,1753,189,23,3,2364,15,1205
서울특별시,서초구,서초3동,서초3동제2투,2346,1687,474,1035,149,16,1,1675,12,659
서울특별시,서초구,서초3동,서초3동제3투,2716,2052,444,1409,165,21,1,2040,12,664
서울특별시,서초구,서초3동,서초3동제4투,2565,1894,536,1129,189,25,0,1879,15,671
서울특별시,서초구,서초3동,서초3동제5투,2686,1895,517,1157,186,21,2,1883,12,791
서울특별시,서초구,서초3동,서초3동제6투,3712,2535,618,1607,261,33,0,2519,16,1177
서울특별시,서초구,서초3동,서초3동제7투,2339,1789,371,1241,138,28,0,1778,11,550
서울특별시,서초구,서초4동,관내사전투표,3561,3561,1664,1359,466,46,0,3535,26,0
서울특별시,서초구,서초4동,서초4동제1투,3232,2117,369,1488,226,23,0,2106,11,1115
서울특별시,서초구,서초4동,서초4동제2투,3275,2551,430,1854,229,26,2,2541,10,724
서울특별시,서초구,서초4동,서초4동제3투,3050,2368,307,1855,178,16,0,2356,12,682
서울특별시,서초구,서초4동,서초4동제4투,2674,2129,301,1631,163,27,1,2123,6,545
서울특별시,서초구,서초4동,서초4동제5투,3371,2521,446,1826,224,16,1,2513,8,850
서울특별시,서초구,서초4동,서초4동제6투,2715,2204,456,1479,239,19,0,2193,11,511
서울특별시,서초구,잠원동,관내사전투표,3698,3698,1854,1424,356,44,1,3679,19,0
서울특별시,서초구,잠원동,잠원동제1투,3024,2070,364,1491,181,24,0,2060,10,954
서울특별시,서초구,잠원동,잠원동제2투,2819,2064,330,1525,179,15,0,2049,15,755
서울특별시,서초구,잠원동,잠원동제3투,2430,1855,404,1236,179,24,0,1843,12,575
서울특별시,서초구,잠원동,잠원동제4투,2855,2190,391,1567,190,30,0,2178,12,665
서울특별시,서초구,잠원동,잠원동제5투,2212,1516,380,980,125,17,1,1503,13,696
서울특별시,서초구,잠원동,잠원동제6투,2620,2085,404,1452,198,21,1,2076,9,535
서울특별시,서초구,반포본동,관내사전투표,165,165,80,69,15,1,0,165,0,0
서울특별시,서초구,반포본동,반포본동투표소,135,55,11,39,4,0,0,54,1,80
서울특별시,서초구,반포1동,관내사전투표,4556,4556,2220,1823,451,48,0,4542,14,0
서울특별시,서초구,반포1동,반포1동제1투,3621,2858,498,2060,264,21,1,2844,14,763
서울특별시,서초구,반포1동,반포1동제2투,3240,2522,537,1706,235,27,2,2507,15,718
서울특별시,서초구,반포1동,반포1동제3투,2635,1622,499,931,162,17,0,1609,13,1013
서울특별시,서초구,반포1동,반포1동제4투,2226,1314,433,718,137,14,1,1303,11,912
서울특별시,서초구,반포1동,반포1동제5투,1994,965,285,553,102,14,1,955,10,1029
서울특별시,서초구,반포1동,반포1동제6투,3296,2272,307,1716,220,20,3,2266,6,1024
서울특별시,서초구,반포1동,반포1동제7투,2856,2293,414,1660,182,28,1,2285,8,563
서울특별시,서초구,반포2동,관내사전투표,4140,4140,1798,1813,436,58,1,4106,34,0
서울특별시,서초구,반포2동,반포2동제1투,4354,3439,471,2659,277,20,2,3429,10,915
서울특별시,서초구,반포2동,반포2동제2투,2795,2238,411,1563,230,24,1,2229,9,557
서울특별시,서초구,반포2동,반포2동제3투,2665,2117,260,1630,202,13,2,2107,10,548
서울특별시,서초구,반포2동,반포2동제4투,2764,2069,284,1601,153,19,1,2058,11,695
서울특별시,서초구,반포2동,반포2동제5투,2496,2020,321,1492,175,20,1,2009,11,476
서울특별시,서초구,반포3동,관내사전투표,3523,3523,1583,1545,354,29,0,3511,12,0
서울특별시,서초구,반포3동,반포3동제1투,2727,1984,302,1494,161,17,2,1976,8,743
서울특별시,서초구,반포3동,반포3동제2투,1891,1388,199,1063,99,16,2,1379,9,503
서울특별시,서초구,반포3동,반포3동제3투,3671,2938,512,2114,273,28,0,2927,11,733
서울특별시,서초구,반포3동,반포3동제4투,2351,1742,303,1273,135,18,0,1729,13,609
서울특별시,서초구,반포3동,반포3동제5투,3180,2483,493,1706,250,16,4,2469,14,697
서울특별시,서초구,반포4동,관내사전투표,2472,2472,1297,900,227,33,0,2457,15,0
서울특별시,서초구,반포4동,반포4동제1투,2243,1498,312,1057,101,18,2,1490,8,745
서울특별시,서초구,반포4동,반포4동제2투,2629,1691,317,1210,135,18,2,1682,9,938
서울특별시,서초구,반포4동,반포4동제3투,2513,2105,458,1438,177,20,2,2095,10,408
서울특별시,서초구,반포4동,반포4동제4투,1676,1273,288,841,124,11,1,1265,8,403
서울특별시,서초구,반포4동,반포4동제5투,1878,1375,241,994,110,20,0,1365,10,503
서울특별시,서초구,방배본동,관내사전투표,3345,3344,1856,1166,273,33,2,3330,14,1
서울특별시,서초구,방배본동,방배본동제1투,2585,1922,376,1366,153,14,1,1910,12,663
서울특별시,서초구,방배본동,방배본동제2투,2994,2212,352,1689,151,13,1,2206,6,782
서울특별시,서초구,방배본동,방배본동제3투,3532,2631,659,1694,225,36,0,2614,17,901
서울특별시,서초구,방배본동,방배본동제4투,2718,2067,648,1225,159,19,2,2053,14,651
서울특별시,서초구,방배1동,관내사전투표,3364,3364,1929,1048,309,48,2,3336,28,0
서울특별시,서초구,방배1동,방배1동제1투,2254,1572,400,992,156,14,1,1563,9,682
서울특별시,서초구,방배1동,방배1동제2투,2904,2084,613,1217,197,36,2,2065,19,820
서울특별시,서초구,방배1동,방배1동제3투,2067,1475,351,967,123,21,1,1463,12,592
서울특별시,서초구,방배1동,방배1동제4투,2249,1691,257,1277,128,17,1,1680,11,558
서울특별시,서초구,방배2동,관내사전투표,3297,3296,2032,912,287,34,2,3267,29,1
서울특별시,서초구,방배2동,방배2동제1투,1898,1296,353,819,101,10,0,1283,13,602
서울특별시,서초구,방배2동,방배2동제2투,1088,753,202,495,47,3,0,747,6,335
서울특별시,서초구,방배2동,방배2동제3투,527,371,97,218,52,2,1,370,1,156
서울특별시,서초구,방배2동,방배2동제4투,2376,1922,554,1145,187,17,1,1904,18,454
서울특별시,서초구,방배2동,방배2동제5투,1747,1260,373,732,132,14,1,1252,8,487
서울특별시,서초구,방배2동,방배2동제6투,1728,1403,376,852,150,19,1,1398,5,325
서울특별시,서초구,방배2동,방배2동제7투,1008,783,249,462,57,7,2,777,6,225
서울특별시,서초구,방배3동,관내사전투표,2587,2587,1311,995,240,35,1,2582,5,0
서울특별시,서초구,방배3동,방배3동제1투,3636,2764,523,2000,202,28,0,2753,11,872
서울특별시,서초구,방배3동,방배3동제2투,3243,2355,397,1724,205,20,1,2347,8,888
서울특별시,서초구,방배3동,방배3동제3투,2311,1787,530,1060,155,31,1,1777,10,524
서울특별시,서초구,방배4동,관내사전투표,3991,3991,2245,1322,337,62,3,3969,22,0
서울특별시,서초구,방배4동,방배4동제1투,2692,1908,328,1411,143,11,1,1894,14,784
서울특별시,서초구,방배4동,방배4동제2투,2244,1594,361,1080,118,23,0,1582,12,650
서울특별시,서초구,방배4동,방배4동제3투,1891,1259,380,750,106,11,1,1248,11,632
서울특별시,서초구,방배4동,방배4동제4투,2604,1943,647,1052,195,24,1,1919,24,661
서울특별시,서초구,방배4동,방배4동제5투,1134,809,252,476,56,15,1,800,9,325
서울특별시,서초구,방배4동,방배4동제6투,2641,2141,581,1322,191,31,1,2126,15,500
서울특별시,서초구,양재1동,관내사전투표,4647,4647,2898,1338,346,40,2,4624,23,0
서울특별시,서초구,양재1동,양재1동제1투,2025,1449,448,800,172,19,1,1440,9,576
서울특별시,서초구,양재1동,양재1동제2투,2446,1787,615,969,169,16,1,1770,17,659
서울특별시,서초구,양재1동,양재1동제3투,2114,1504,409,927,146,13,0,1495,9,610
서울특별시,서초구,양재1동,양재1동제4투,2423,1886,543,1170,134,24,2,1873,13,537
서울특별시,서초구,양재1동,양재1동제5투,2969,2196,769,1234,147,25,1,2176,20,773
서울특별시,서초구,양재1동,양재1동제6투,2147,1415,351,943,98,9,2,1403,12,732
서울특별시,서초구,양재1동,양재1동제7투,2192,1578,285,1132,120,21,1,1559,19,614
서울특별시,서초구,양재1동,양재1동제8투,2599,2031,787,1058,152,18,1,2016,15,568
서울특별시,서초구,양재1동,양재1동제9투,3261,2520,815,1397,262,32,3,2509,11,741
서울특별시,서초구,양재1동,양재1동제10투,2489,2008,845,946,174,22,2,1989,19,481
서울특별시,서초구,양재2동,관내사전투표,5246,5246,3353,1250,516,80,4,5203,43,0
서울특별시,서초구,양재2동,양재2동제1투,2174,1455,450,852,125,15,1,1443,12,719
서울특별시,서초구,양재2동,양재2동제2투,2085,1492,482,823,152,22,3,1482,10,593
서울특별시,서초구,양재2동,양재2동제3투,2661,1894,598,1065,196,22,1,1882,12,767
서울특별시,서초구,양재2동,양재2동제4투,2548,1790,611,964,182,19,3,1779,11,758
서울특별시,서초구,양재2동,양재2동제5투,2386,1628,515,868,195,29,3,1610,18,758
서울특별시,서초구,내곡동,관내사전투표,3242,3242,1993,959,232,36,1,3221,21,0
서울특별시,서초구,내곡동,내곡동제1투,1135,755,164,540,42,5,1,752,3,380
서울특별시,서초구,내곡동,내곡동제2투,2337,1808,475,1170,135,12,2,1794,14,529
서울특별시,서초구,내곡동,내곡동제3투,3026,2230,656,1405,137,21,1,2220,10,796
서울특별시,서초구,내곡동,내곡동제4투,2651,1910,496,1221,150,26,3,1896,14,741
서울특별시,강남구,거소·선상투표,,591,552,213,225,99,6,3,546,6,39
서울특별시,강남구,관외사전투표,,42972,42971,19865,15991,6181,531,36,42604,367,1
서울특별시,강남구,재외투표,,6809,5379,2668,1921,646,101,2,5338,41,1430
서울특별시,강남구,신사동,관내사전투표,2576,2576,1196,1094,254,24,2,2570,6,0
서울특별시,강남구,신사동,신사동제1투,1907,1235,210,904,95,18,1,1228,7,672
서울특별시,강남구,신사동,신사동제2투,1354,851,208,574,60,4,1,847,4,503
서울특별시,강남구,신사동,신사동제3투,1339,915,261,581,59,11,0,912,3,424
서울특별시,강남구,신사동,신사동제4투,2842,2070,172,1760,119,6,0,2057,13,772
서울특별시,강남구,신사동,신사동제5투,2484,1905,204,1553,130,9,1,1897,8,579
서울특별시,강남구,논현1동,관내사전투표,3390,3390,2063,973,307,29,2,3374,16,0
서울특별시,강남구,논현1동,논현1동제1투,2826,1381,343,862,148,12,2,1367,14,1445
서울특별시,강남구,논현1동,논현1동제2투,2584,1394,361,917,103,5,1,1387,7,1190
서울특별시,강남구,논현1동,논현1동제3투,3181,2049,460,1398,155,17,1,2031,18,1132
서울특별시,강남구,논현1동,논현1동제4투,2978,1611,470,945,163,10,2,1590,21,1367
서울특별시,강남구,논현1동,논현1동제5투,2579,1452,429,832,163,18,0,1442,10,1127
서울특별시,강남구,논현2동,관내사전투표,3354,3354,1731,1178,372,46,2,3329,25,0
서울특별시,강남구,논현2동,논현2동제1투,3133,1774,318,1302,125,13,2,1760,14,1359
서울특별시,강남구,논현2동,논현2동제2투,2075,1376,245,1001,106,15,2,1369,7,699
서울특별시,강남구,논현2동,논현2동제3투,1479,950,252,618,63,11,1,945,5,529
서울특별시,강남구,논현2동,논현2동제4투,3533,2333,531,1534,231,20,1,2317,16,1200
서울특별시,강남구,논현2동,논현2동제5투,3083,1767,424,1136,169,23,2,1754,13,1316
서울특별시,강남구,압구정동,관내사전투표,2567,2567,850,1445,232,21,0,2548,19,0
서울특별시,강남구,압구정동,압구정동제1투,3077,2082,138,1805,117,14,2,2076,6,995
서울특별시,강남구,압구정동,압구정동제2투,2137,1600,165,1327,91,14,0,1597,3,537
서울특별시,강남구,압구정동,압구정동제3투,2508,1899,134,1645,96,9,1,1885,14,609
서울특별시,강남구,압구정동,압구정동제4투,1956,1365,235,1027,80,13,1,1356,9,591
서울특별시,강남구,압구정동,압구정동제5투,3157,2424,274,1956,166,14,1,2411,13,733
서울특별시,강남구,압구정동,압구정동제6투,2927,2137,232,1730,150,17,0,2129,8,790
서울특별시,강남구,압구정동,압구정동제7투,1174,781,127,580,61,8,3,779,2,393
서울특별시,강남구,청담동,관내사전투표,2921,2921,1379,1212,277,32,2,2902,19,0
서울특별시,강남구,청담동,청담동제1투,2577,1655,229,1281,113,20,1,1644,11,922
서울특별시,강남구,청담동,청담동제2투,2401,1607,183,1314,98,7,1,1603,4,794
서울특별시,강남구,청담동,청담동제3투,2085,1520,233,1159,116,7,0,1515,5,565
서울특별시,강남구,청담동,청담동제4투,1821,1197,171,940,75,6,1,1193,4,624
서울특별시,강남구,청담동,청담동제5투,2734,1991,425,1365,164,23,0,1977,14,743
서울특별시,강남구,청담동,청담동제6투,2676,1869,458,1209,168,20,1,1856,13,807
서울특별시,강남구,청담동,청담동제7투,1389,863,151,638,65,2,0,856,7,526
서울특별시,강남구,삼성1동,관내사전투표,2407,2407,1193,935,236,24,1,2389,18,0
서울특별시,강남구,삼성1동,삼성1동제1투,2680,1776,340,1247,170,8,1,1766,10,904
서울특별시,강남구,삼성1동,삼성1동제2투,2685,2011,281,1565,140,13,2,2001,10,674
서울특별시,강남구,삼성1동,삼성1동제3투,2751,1926,385,1385,129,17,0,1916,10,825
서울특별시,강남구,삼성2동,관내사전투표,5794,5794,3157,1841,697,55,1,5751,43,0
서울특별시,강남구,삼성2동,삼성2동제1투,3133,1769,444,1124,171,21,0,1760,9,1364
서울특별시,강남구,삼성2동,삼성2동제2투,3956,3074,608,2137,285,35,0,3065,9,882
서울특별시,강남구,삼성2동,삼성2동제3투,4136,2864,602,2002,228,18,0,2850,14,1272
서울특별시,강남구,삼성2동,삼성2동제4투,3061,1989,545,1219,193,21,0,1978,11,1072
서울특별시,강남구,삼성2동,삼성2동제5투,4251,3283,553,2384,302,25,1,3265,18,968
서울특별시,강남구,대치1동,관내사전투표,3503,3502,1399,1619,428,41,2,3489,13,1
서울특별시,강남구,대치1동,대치1동제1투,3470,2666,353,1946,339,14,2,2654,12,804
서울특별시,강남구,대치1동,대치1동제2투,2520,1967,356,1382,211,11,1,1961,6,553
서울특별시,강남구,대치1동,대치1동제3투,2036,1620,213,1242,147,8,2,1612,8,416
서울특별시,강남구,대치1동,대치1동제4투,2201,1751,166,1409,152,16,0,1743,8,450
서울특별시,강남구,대치1동,대치1동제5투,3326,2498,340,1846,287,17,0,2490,8,828
서울특별시,강남구,대치2동,관내사전투표,3743,3743,1801,1502,391,32,1,3727,16,0
서울특별시,강남구,대치2동,대치2동제1투,3172,2453,510,1688,231,19,0,2448,5,719
서울특별시,강남구,대치2동,대치2동제2투,2491,1994,439,1348,182,15,1,1985,9,497
서울특별시,강남구,대치2동,대치2동제3투,2605,2053,391,1495,147,14,1,2048,5,552
서울특별시,강남구,대치2동,대치2동제4투,2453,1950,235,1498,187,21,2,1943,7,503
서울특별시,강남구,대치2동,대치2동제5투,2515,2049,251,1612,162,12,1,2038,11,466
서울특별시,강남구,대치2동,대치2동제6투,2818,2238,301,1734,185,9,0,2229,9,580
서울특별시,강남구,대치2동,대치2동제7투,3192,2238,402,1558,245,25,1,2231,7,954
서울특별시,강남구,대치2동,대치2동제8투,2957,2087,494,1329,224,29,1,2077,10,870
서울특별시,강남구,대치4동,관내사전투표,3989,3989,2297,1140,479,41,1,3958,31,0
서울특별시,강남구,대치4동,대치4동제1투,2432,1543,382,948,177,20,0,1527,16,889
서울특별시,강남구,대치4동,대치4동제2투,2863,1954,550,1192,167,26,0,1935,19,909
서울특별시,강남구,대치4동,대치4동제3투,2770,1707,343,1170,169,15,1,1698,9,1063
서울특별시,강남구,대치4동,대치4동제4투,2747,1588,438,976,138,19,1,1572,16,1159
서울특별시,강남구,역삼1동,관내사전투표,4939,4939,2786,1349,705,50,5,4895,44,0
서울특별시,강남구,역삼1동,역삼1동제1투,3103,1670,444,1012,182,13,2,1653,17,1433
서울특별시,강남구,역삼1동,역삼1동제2투,2326,1317,345,776,170,15,1,1307,10,1009
서울특별시,강남구,역삼1동,역삼1동제3투,3223,1759,497,1011,207,22,1,1738,21,1464
서울특별시,강남구,역삼1동,역삼1동제4투,3169,1761,457,1091,179,17,1,1745,16,1408
서울특별시,강남구,역삼1동,역삼1동제5투,3940,2003,518,1161,279,29,0,1987,16,1937
서울특별시,강남구,역삼1동,역삼1동제6투,2711,1637,461,971,171,14,5,1622,15,1074
서울특별시,강남구,역삼1동,역삼1동제7투,2581,1768,443,1079,210,18,1,1751,17,813
서울특별시,강남구,역삼1동,역삼1동제8투,1892,1094,282,644,136,15,2,1079,15,798
서울특별시,강남구,역삼2동,관내사전투표,6138,6138,3225,2156,655,60,0,6096,42,0
서울특별시,강남구,역삼2동,역삼2동제1투,3236,2157,394,1517,219,19,0,2149,8,1079
서울특별시,강남구,역삼2동,역삼2동제2투,4319,3151,634,2180,289,35,0,3138,13,1168
서울특별시,강남구,역삼2동,역삼2동제3투,3595,2124,610,1259,220,25,0,2114,10,1471
서울특별시,강남구,역삼2동,역삼2동제4투,3134,1996,584,1152,219,21,4,1980,16,1138
서울특별시,강남구,역삼2동,역삼2동제5투,2919,2212,568,1397,213,25,1,2204,8,707
서울특별시,강남구,역삼2동,역삼2동제6투,3506,2765,496,1987,237,31,0,2751,14,741
서울특별시,강남구,도곡1동,관내사전투표,3640,3640,1890,1284,392,40,2,3608,32,0
서울특별시,강남구,도곡1동,도곡1동제1투,1137,872,160,633,70,8,0,871,1,265
서울특별시,강남구,도곡1동,도곡1동제2투,3019,2247,476,1509,224,23,1,2233,14,772
서울특별시,강남구,도곡1동,도곡1동제3투,2856,2269,480,1527,216,29,1,2253,16,587
서울특별시,강남구,도곡1동,도곡1동제4투,2992,2179,552,1345,240,24,2,2163,16,813
서울특별시,강남구,도곡1동,도곡1동제5투,1852,1416,238,1040,116,14,0,1408,8,436
서울특별시,강남구,도곡2동,관내사전투표,2773,2773,1235,1181,305,32,1,2754,19,0
서울특별시,강남구,도곡2동,도곡2동제1투,1830,1145,217,791,116,13,1,1138,7,685
서울특별시,강남구,도곡2동,도곡2동제2투,2547,1913,233,1515,139,17,3,1907,6,634
서울특별시,강남구,도곡2동,도곡2동제3투,2519,1937,178,1645,102,5,0,1930,7,582
서울특별시,강남구,도곡2동,도곡2동제4투,3520,2702,230,2254,196,8,0,2688,14,818
서울특별시,강남구,도곡2동,도곡2동제5투,3349,2546,391,1905,207,26,2,2531,15,803
서울특별시,강남구,도곡2동,도곡2동제6투,3403,2719,429,1988,283,12,0,2712,7,684
서울특별시,강남구,도곡2동,도곡2동제7투,3327,2657,530,1802,284,27,1,2644,13,670
서울특별시,강남구,개포1동,관내사전투표,4384,4383,2172,1678,469,38,3,4360,23,1
서울특별시,강남구,개포1동,개포1동제1투,3488,2777,400,2129,209,23,1,2762,15,711
서울특별시,강남구,개포1동,개포1동제2투,2692,2076,367,1470,207,15,1,2060,16,616
서울특별시,강남구,개포1동,개포1동제3투,540,380,178,188,11,2,0,379,1,160
서울특별시,강남구,개포1동,개포1동제4투,2724,2102,297,1592,198,9,1,2097,5,622
서울특별시,강남구,개포1동,개포1동제5투,2926,2316,473,1564,239,29,1,2306,10,610
서울특별시,강남구,개포1동,개포1동제6투,3000,2395,438,1704,212,31,0,2385,10,605
서울특별시,강남구,개포2동,관내사전투표,4037,4037,1909,1626,428,55,0,4018,19,0
서울특별시,강남구,개포2동,개포2동제1투,2751,2001,379,1418,176,17,1,1991,10,750
서울특별시,강남구,개포2동,개포2동제2투,2208,1756,359,1253,125,12,0,1749,7,452
서울특별시,강남구,개포2동,개포2동제3투,2486,1984,445,1318,194,16,0,1973,11,502
서울특별시,강남구,개포2동,개포2동제4투,3377,2717,464,1953,268,18,1,2704,13,660
서울특별시,강남구,개포2동,개포2동제5투,1905,1394,263,1006,109,10,0,1388,6,511
서울특별시,강남구,개포2동,개포2동제6투,3332,2626,731,1492,361,33,0,2617,9,706
서울특별시,강남구,개포2동,개포2동제7투,3728,3003,533,2126,286,43,1,2989,14,725
서울특별시,강남구,개포2동,개포2동제8투,3887,3056,873,1726,396,33,0,3028,28,831
서울특별시,강남구,개포3동,관내사전투표,5046,5046,2890,1506,550,60,3,5009,37,0
서울특별시,강남구,개포3동,개포3동제1투,1374,821,247,525,34,3,0,809,12,553
서울특별시,강남구,개포3동,개포3동제2투,2026,1486,349,945,167,16,0,1477,9,540
서울특별시,강남구,개포3동,개포3동제3투,2079,1575,362,1024,164,15,1,1566,9,504
서울특별시,강남구,개포3동,개포3동제4투,1607,1271,235,903,111,19,0,1268,3,336
서울특별시,강남구,개포3동,개포3동제5투,2439,1968,435,1298,206,20,0,1959,9,471
서울특별시,강남구,개포4동,관내사전투표,4204,4204,2566,1172,397,37,2,4174,30,0
서울특별시,강남구,개포4동,개포4동제1투,2778,1944,617,1118,166,26,3,1930,14,834
서울특별시,강남구,개포4동,개포4동제2투,3929,3005,509,2210,229,28,5,2981,24,924
서울특별시,강남구,개포4동,개포4동제3투,3477,2527,643,1624,228,14,2,2511,16,950
서울특별시,강남구,개포4동,개포4동제4투,3159,2044,669,1140,188,30,1,2028,16,1115
서울특별시,강남구,일원본동,관내사전투표,4562,4562,2504,1490,487,56,1,4538,24,0
서울특별시,강남구,일원본동,일원본동제1투,3461,2390,532,1625,188,33,1,2379,11,1071
서울특별시,강남구,일원본동,일원본동제2투,2621,2078,512,1326,190,34,1,2063,15,543
서울특별시,강남구,일원본동,일원본동제3투,3367,2617,576,1731,255,37,1,2600,17,750
서울특별시,강남구,일원본동,일원본동제4투,2540,1892,496,1132,227,23,3,1881,11,648
서울특별시,강남구,일원1동,관내사전투표,2258,2258,1431,650,149,13,2,2245,13,0
서울특별시,강남구,일원1동,일원1동제1투,1750,1087,297,683,94,5,2,1081,6,663
서울특별시,강남구,일원1동,일원1동제2투,1839,1380,406,815,127,19,0,1367,13,459
서울특별시,강남구,일원1동,일원1동제3투,1708,1227,369,710,128,15,0,1222,5,481
서울특별시,강남구,일원1동,일원1동제4투,1830,1335,374,805,126,19,0,1324,11,495
서울특별시,강남구,일원1동,일원1동제5투,1471,967,311,598,47,4,0,960,7,504
서울특별시,강남구,수서동,관내사전투표,3485,3485,1965,1123,344,29,1,3462,23,0
서울특별시,강남구,수서동,수서동제1투,1804,1393,250,992,126,15,1,1384,9,411
서울특별시,강남구,수서동,수서동제2투,1156,825,299,481,28,4,5,817,8,331
서울특별시,강남구,수서동,수서동제3투,1446,871,292,537,30,1,2,862,9,575
서울특별시,강남구,수서동,수서동제4투,1329,901,346,505,32,6,4,893,8,428
서울특별시,강남구,수서동,수서동제5투,2795,2131,485,1432,172,22,0,2111,20,664
서울특별시,강남구,세곡동,관내사전투표,5935,5935,3852,1510,486,58,5,5911,24,0
서울특별시,강남구,세곡동,세곡동제1투,2321,1501,456,886,131,22,1,1496,5,820
서울특별시,강남구,세곡동,세곡동제2투,2228,1656,583,914,135,11,2,1645,11,572
서울특별시,강남구,세곡동,세곡동제3투,2623,1960,694,1115,119,18,2,1948,12,663
서울특별시,강남구,세곡동,세곡동제4투,3139,2302,709,1327,223,27,1,2287,15,837
서울특별시,강남구,세곡동,세곡동제5투,2390,1882,691,1029,131,18,0,1869,13,508
서울특별시,강남구,세곡동,세곡동제6투,2829,2083,814,1050,179,19,1,2063,20,746
서울특별시,강남구,세곡동,세곡동제7투,2756,2006,636,1138,201,17,1,1993,13,750
서울특별시,강남구,세곡동,세곡동제8투,2706,2002,787,1050,129,23,0,1989,13,704
서울특별시,강남구,세곡동,세곡동제9투,3064,2368,685,1422,210,34,1,2352,16,696
서울특별시,강남구,세곡동,세곡동제10투,2406,2019,806,825,345,20,1,1997,22,387
서울특별시,송파구,거소·선상투표,,607,580,230,233,94,7,2,566,14,27
서울특별시,송파구,관외사전투표,,54423,54418,28928,16287,8001,635,63,53914,504,5
서울특별시,송파구,재외투표,,6264,5015,2943,1407,541,83,3,4977,38,1249
서울특별시,송파구,풍납1동,관내사전투표,3270,3270,2039,956,222,26,2,3245,25,0
서울특별시,송파구,풍납1동,풍납1동제1투,2252,1406,464,832,92,11,1,1400,6,846
서울특별시,송파구,풍납1동,풍납1동제2투,1934,1213,374,729,94,7,2,1206,7,721
서울특별시,송파구,풍납1동,풍납1동제3투,1950,1448,484,827,109,10,4,1434,14,502
서울특별시,송파구,풍납2동,관내사전투표,5150,5150,3186,1441,436,59,0,5122,28,0
서울특별시,송파구,풍납2동,풍납2동제1투,1983,1370,385,786,161,18,1,1351,19,613
서울특별시,송파구,풍납2동,풍납2동제2투,2698,1935,566,1173,162,23,1,1925,10,763
서울특별시,송파구,풍납2동,풍납2동제3투,2003,1460,424,889,118,17,2,1450,10,543
서울특별시,송파구,풍납2동,풍납2동제4투,2124,1510,543,771,156,23,1,1494,16,614
서울특별시,송파구,풍납2동,풍납2동제5투,1522,1097,350,653,82,7,0,1092,5,425
서울특별시,송파구,풍납2동,풍납2동제6투,1908,1323,418,752,123,15,2,1310,13,585
서울특별시,송파구,거여1동,관내사전투표,2957,2957,2005,718,199,21,2,2945,12,0
서울특별시,송파구,거여1동,거여1동제1투,2378,1579,523,921,115,13,3,1575,4,799
서울특별시,송파구,거여1동,거여1동제2투,2143,1431,499,769,139,11,2,1420,11,712
서울특별시,송파구,거여1동,거여1동제3투,2315,1735,591,957,151,25,2,1726,9,580
서울특별시,송파구,거여2동,관내사전투표,5078,5078,3359,1220,428,39,7,5053,25,0
서울특별시,송파구,거여2동,거여2동제1투,2400,1712,487,1052,150,11,0,1700,12,688
서울특별시,송파구,거여2동,거여2동제2투,2777,1786,604,955,143,23,8,1733,53,991
서울특별시,송파구,거여2동,거여2동제3투,2810,2144,777,1167,167,23,0,2134,10,666
서울특별시,송파구,거여2동,거여2동제4투,2333,1724,656,884,146,21,1,1708,16,609
서울특별시,송파구,거여2동,거여2동제5투,3011,2388,858,1266,218,33,1,2376,12,623
서울특별시,송파구,마천1동,관내사전투표,3125,3125,2087,820,175,28,1,3111,14,0
서울특별시,송파구,마천1동,마천1동제1투,1828,1167,395,678,69,13,2,1157,10,661
서울특별시,송파구,마천1동,마천1동제2투,1202,763,294,405,55,7,0,761,2,439
서울특별시,송파구,마천1동,마천1동제3투,1639,1051,384,567,82,12,2,1047,4,588
서울특별시,송파구,마천1동,마천1동제4투,1739,1057,379,588,70,13,1,1051,6,682
서울특별시,송파구,마천1동,마천1동제5투,2809,2103,885,1020,160,25,1,2091,12,706
서울특별시,송파구,마천2동,관내사전투표,4654,4654,3141,1225,225,24,6,4621,33,0
서울특별시,송파구,마천2동,마천2동제1투,2355,1409,499,784,103,9,0,1395,14,946
서울특별시,송파구,마천2동,마천2동제2투,2477,1568,562,881,110,11,0,1564,4,909
서울특별시,송파구,마천2동,마천2동제3투,3182,2228,892,1156,147,17,3,2215,13,954
서울특별시,송파구,마천2동,마천2동제4투,2443,1623,626,871,93,13,2,1605,18,820
서울특별시,송파구,방이1동,관내사전투표,4209,4209,2680,1077,382,44,2,4185,24,0
서울특별시,송파구,방이1동,방이1동제1투,2687,1944,530,1200,173,20,3,1926,18,743
서울특별시,송파구,방이1동,방이1동제2투,2982,2050,820,1020,175,15,5,2035,15,932
서울특별시,송파구,방이1동,방이1동제3투,2602,2023,540,1267,169,27,2,2005,18,579
서울특별시,송파구,방이2동,관내사전투표,5003,5003,2986,1208,674,52,9,4929,74,0
서울특별시,송파구,방이2동,방이2동제1투,3041,1944,553,1049,284,28,3,1917,27,1097
서울특별시,송파구,방이2동,방이2동제2투,2654,1778,588,891,261,20,1,1761,17,876
서울특별시,송파구,방이2동,방이2동제3투,2478,1619,529,892,151,23,4,1599,20,859
서울특별시,송파구,방이2동,방이2동제4투,2997,2207,810,1160,184,23,4,2181,26,790
서울특별시,송파구,방이2동,방이2동제5투,2635,1849,679,953,181,20,1,1834,15,786
서울특별시,송파구,방이2동,방이2동제6투,2384,1630,561,865,168,14,2,1610,20,754
서울특별시,송파구,오륜동,관내사전투표,3412,3412,1752,1284,322,39,0,3397,15,0
서울특별시,송파구,오륜동,오륜동제1투,2061,1528,262,1118,122,18,0,1520,8,533
서울특별시,송파구,오륜동,오륜동제2투,2735,2148,407,1519,187,22,1,2136,12,587
서울특별시,송파구,오륜동,오륜동제3투,2454,1927,371,1344,189,14,2,1920,7,527
서울특별시,송파구,오륜동,오륜동제4투,2547,1922,302,1425,171,18,1,1917,5,625
서울특별시,송파구,오금동,관내사전투표,6138,6138,3888,1679,478,59,2,6106,32,0
서울특별시,송파구,오금동,오금동제1투,2937,2099,346,1566,164,17,0,2093,6,838
서울특별시,송파구,오금동,오금동제2투,2999,2248,653,1389,177,24,0,2243,5,751
서울특별시,송파구,오금동,오금동제3투,2565,1848,650,990,168,24,2,1834,14,717
서울특별시,송파구,오금동,오금동제4투,3329,2363,903,1234,188,22,2,2349,14,966
서울특별시,송파구,오금동,오금동제5투,3031,2167,793,1145,190,24,2,2154,13,864
서울특별시,송파구,오금동,오금동제6투,2363,1824,560,1081,155,19,0,1815,9,539
서울특별시,송파구,오금동,오금동제7투,3184,2267,827,1198,194,31,2,2252,15,917
서울특별시,송파구,오금동,오금동제8투,2494,1868,763,940,129,19,2,1853,15,626
서울특별시,송파구,송파1동,관내사전투표,6329,6328,3951,1517,712,75,8,6263,65,1
서울특별시,송파구,송파1동,송파1동제1투,2477,1667,560,843,223,16,1,1643,24,810
서울특별시,송파구,송파1동,송파1동제2투,2787,1867,575,1067,181,14,6,1843,24,920
서울특별시,송파구,송파1동,송파1동제3투,2867,2006,596,1172,195,24,0,1987,19,861
서울특별시,송파구,송파1동,송파1동제4투,2495,1668,571,855,198,17,4,1645,23,827
서울특별시,송파구,송파1동,송파1동제5투,2585,1811,482,1114,174,27,1,1798,13,774
서울특별시,송파구,송파2동,관내사전투표,4073,4073,2468,1158,387,38,2,4053,20,0
서울특별시,송파구,송파2동,송파2동제1투,2252,1638,396,1085,138,11,0,1630,8,614
서울특별시,송파구,송파2동,송파2동제2투,2495,1845,609,973,224,19,1,1826,19,650
서울특별시,송파구,송파2동,송파2동제3투,2911,2328,633,1444,215,21,1,2314,14,583
서울특별시,송파구,송파2동,송파2동제4투,3180,2441,653,1513,238,23,0,2427,14,739
서울특별시,송파구,석촌동,관내사전투표,6692,6692,4348,1604,621,69,4,6646,46,0
서울특별시,송파구,석촌동,석촌동제1투,2617,1719,540,967,174,15,2,1698,21,898
서울특별시,송파구,석촌동,석촌동제2투,2270,1456,500,757,174,10,0,1441,15,814
서울특별시,송파구,석촌동,석촌동제3투,2730,1712,600,902,168,22,2,1694,18,1018
서울특별시,송파구,석촌동,석촌동제4투,2549,1666,612,863,155,16,3,1649,17,883
서울특별시,송파구,석촌동,석촌동제5투,2456,1567,548,850,137,15,4,1554,13,889
서울특별시,송파구,석촌동,석촌동제6투,2421,1659,560,892,171,20,4,1647,12,762
서울특별시,송파구,석촌동,석촌동제7투,2301,1620,462,915,197,22,2,1598,22,681
서울특별시,송파구,삼전동,관내사전투표,6989,6989,4517,1669,683,62,4,6935,54,0
서울특별시,송파구,삼전동,삼전동제1투,2097,1359,465,716,145,18,3,1347,12,738
서울특별시,송파구,삼전동,삼전동제2투,2366,1413,454,785,150,17,1,1407,6,953
서울특별시,송파구,삼전동,삼전동제3투,2461,1708,594,901,174,16,3,1688,20,753
서울특별시,송파구,삼전동,삼전동제4투,2316,1536,537,811,147,17,5,1517,19,780
서울특별시,송파구,삼전동,삼전동제5투,2826,1953,740,968,201,19,3,1931,22,873
서울특별시,송파구,삼전동,삼전동제6투,2463,1597,550,831,180,21,0,1582,15,866
서울특별시,송파구,삼전동,삼전동제7투,2303,1472,564,737,135,18,0,1454,18,831
서울특별시,송파구,가락본동,관내사전투표,5517,5515,3395,1498,504,72,6,5475,40,2
서울특별시,송파구,가락본동,가락본동제1투,2252,1274,368,742,139,11,0,1260,14,978
서울특별시,송파구,가락본동,가락본동제2투,2916,2134,698,1185,206,31,1,2121,13,782
서울특별시,송파구,가락본동,가락본동제3투,2671,1758,562,1010,155,12,1,1740,18,913
서울특별시,송파구,가락본동,가락본동제4투,1823,1404,368,841,173,13,0,1395,9,419
서울특별시,송파구,가락본동,가락본동제5투,2216,1627,557,858,175,17,3,1610,17,589
서울특별시,송파구,가락본동,가락본동제6투,2197,1631,402,1054,156,12,1,1625,6,566
서울특별시,송파구,가락1동,관내사전투표,4874,4874,2673,1652,482,42,1,4850,24,0
서울특별시,송파구,가락1동,가락1동제1투,3268,2377,539,1549,250,25,3,2366,11,891
서울특별시,송파구,가락1동,가락1동제2투,3188,2501,593,1595,271,23,1,2483,18,687
서울특별시,송파구,가락1동,가락1동제3투,2557,2067,488,1366,191,15,0,2060,7,490
서울특별시,송파구,가락1동,가락1동제4투,2899,2311,524,1499,246,25,0,2294,17,588
서울특별시,송파구,가락1동,가락1동제5투,2670,2129,536,1341,215,17,2,2111,18,541
서울특별시,송파구,가락2동,관내사전투표,4607,4607,2949,1184,401,43,7,4584,23,0
서울특별시,송파구,가락2동,가락2동제1투,2477,1698,545,946,168,20,4,1683,15,779
서울특별시,송파구,가락2동,가락2동제2투,2216,1524,463,859,164,24,0,1510,14,692
서울특별시,송파구,가락2동,가락2동제3투,3032,2544,924,1310,262,34,0,2530,14,488
서울특별시,송파구,가락2동,가락2동제4투,2290,1773,518,1052,167,24,0,1761,12,517
서울특별시,송파구,가락2동,가락2동제5투,2549,1910,546,1165,172,13,0,1896,14,639
서울특별시,송파구,가락2동,가락2동제6투,2640,2014,699,1119,157,16,3,1994,20,626
서울특별시,송파구,가락2동,가락2동제7투,2443,1920,685,1047,153,19,3,1907,13,523
서울특별시,송파구,문정1동,관내사전투표,5865,5865,3645,1401,699,67,3,5815,50,0
서울특별시,송파구,문정1동,문정1동제1투,2794,1781,611,938,198,14,3,1764,17,1013
서울특별시,송파구,문정1동,문정1동제2투,2423,1852,582,1066,174,16,1,1839,13,571
서울특별시,송파구,문정1동,문정1동제3투,3012,2109,703,1093,262,28,4,2090,19,903
서울특별시,송파구,문정1동,문정1동제4투,3201,2573,594,1744,208,15,0,2561,12,628
서울특별시,송파구,문정2동,관내사전투표,3135,3135,1652,1144,296,24,0,3116,19,0
서울특별시,송파구,문정2동,문정2동제1투,2393,1885,283,1434,140,21,1,1879,6,508
서울특별시,송파구,문정2동,문정2동제2투,3145,2476,454,1792,198,24,0,2468,8,669
서울특별시,송파구,문정2동,문정2동제3투,2855,2148,340,1620,148,22,0,2130,18,707
서울특별시,송파구,문정2동,문정2동제4투,3258,2321,820,1120,329,32,1,2302,19,937
서울특별시,송파구,문정2동,문정2동제5투,3343,2519,881,1130,449,28,0,2488,31,824
서울특별시,송파구,문정2동,문정2동제6투,3435,2616,868,1347,348,27,2,2592,24,819
서울특별시,송파구,장지동,관내사전투표,6942,6942,4576,1701,570,57,1,6905,37,0
서울특별시,송파구,장지동,장지동제1투,2542,1765,579,950,195,24,0,1748,17,777
서울특별시,송파구,장지동,장지동제2투,1993,1436,463,787,154,21,1,1426,10,557
서울특별시,송파구,장지동,장지동제3투,2673,1793,644,942,163,17,1,1767,26,880
서울특별시,송파구,장지동,장지동제4투,2017,1497,493,828,157,16,0,1494,3,520
서울특별시,송파구,장지동,장지동제5투,2886,2188,762,1174,203,26,2,2167,21,698
서울특별시,송파구,장지동,장지동제6투,2887,2252,868,1134,218,18,2,2240,12,635
서울특별시,송파구,장지동,장지동제7투,2484,1917,722,992,181,13,1,1909,8,567
서울특별시,송파구,잠실본동,관내사전투표,5865,5865,3722,1445,574,72,5,5818,47,0
서울특별시,송파구,잠실본동,잠실본동제1투,2798,1702,513,972,191,19,2,1697,5,1096
서울특별시,송파구,잠실본동,잠실본동제2투,3035,1872,576,1022,225,33,1,1857,15,1163
서울특별시,송파구,잠실본동,잠실본동제3투,2373,1554,496,867,144,25,3,1535,19,819
서울특별시,송파구,잠실본동,잠실본동제4투,2659,1865,547,1086,189,24,1,1847,18,794
서울특별시,송파구,잠실본동,잠실본동제5투,2528,1757,532,1012,173,17,2,1736,21,771
서울특별시,송파구,잠실본동,잠실본동제6투,2669,1740,537,968,190,22,3,1720,20,929
서울특별시,송파구,잠실2동,관내사전투표,7216,7216,3951,2349,803,74,5,7182,34,0
서울특별시,송파구,잠실2동,잠실2동제1투,2081,1598,386,1028,165,11,0,1590,8,483
서울특별시,송파구,잠실2동,잠실2동제2투,2897,2254,530,1443,231,33,0,2237,17,643
서울특별시,송파구,잠실2동,잠실2동제3투,2662,1872,442,1220,190,11,1,1864,8,790
서울특별시,송파구,잠실2동,잠실2동제4투,2525,1902,390,1291,193,19,1,1894,8,623
서울특별시,송파구,잠실2동,잠실2동제5투,2833,2244,572,1381,246,35,1,2235,9,589
서울특별시,송파구,잠실2동,잠실2동제6투,2519,2002,512,1242,212,20,3,1989,13,517
서울특별시,송파구,잠실2동,잠실2동제7투,2918,2342,622,1437,243,20,4,2326,16,576
서울특별시,송파구,잠실3동,관내사전투표,3608,3608,1736,1537,295,23,3,3594,14,0
서울특별시,송파구,잠실3동,잠실3동제1투,1928,1470,230,1099,119,8,2,1458,12,458
서울특별시,송파구,잠실3동,잠실3동제2투,2552,1850,344,1349,131,14,2,1840,10,702
서울특별시,송파구,잠실3동,잠실3동제3투,1970,1539,270,1156,98,9,0,1533,6,431
서울특별시,송파구,잠실3동,잠실3동제4투,1895,1485,229,1155,87,4,2,1477,8,410
서울특별시,송파구,잠실3동,잠실3동제5투,2873,2309,485,1588,196,23,2,2294,15,564
서울특별시,송파구,잠실3동,잠실3동제6투,2218,1815,420,1223,140,26,0,1809,6,403
서울특별시,송파구,잠실3동,잠실3동제7투,3306,2560,518,1767,243,20,1,2549,11,746
서울특별시,송파구,잠실3동,잠실3동제8투,3288,2665,655,1701,251,36,1,2644,21,623
서울특별시,송파구,잠실4동,관내사전투표,3572,3572,1925,1263,334,31,3,3556,16,0
서울특별시,송파구,잠실4동,잠실4동제1투,2362,1732,394,1136,175,18,0,1723,9,630
서울특별시,송파구,잠실4동,잠실4동제2투,2876,2248,489,1491,225,30,2,2237,11,628
서울특별시,송파구,잠실4동,잠실4동제3투,3001,2361,532,1560,233,24,0,2349,12,640
서울특별시,송파구,잠실4동,잠실4동제4투,3069,2399,617,1491,236,35,3,2382,17,670
서울특별시,송파구,잠실6동,관내사전투표,4290,4290,2171,1601,450,44,2,4268,22,0
서울특별시,송파구,잠실6동,잠실6동제1투,3191,2263,428,1610,188,19,1,2246,17,928
서울특별시,송파구,잠실6동,잠실6동제2투,2927,2133,362,1571,164,18,2,2117,16,794
서울특별시,송파구,잠실6동,잠실6동제3투,2858,2201,409,1605,166,12,1,2193,8,657
서울특별시,송파구,잠실7동,관내사전투표,2070,2070,940,872,216,30,4,2062,8,0
서울특별시,송파구,잠실7동,잠실7동제1투,3096,2301,246,1851,180,12,2,2291,10,795
서울특별시,송파구,잠실7동,잠실7동제2투,2829,2275,425,1609,196,28,2,2260,15,554
서울특별시,송파구,위례동,관내사전투표,5662,5662,3654,1456,474,48,5,5637,25,0
서울특별시,송파구,위례동,위례동제1투,2912,2099,554,1323,195,18,1,2091,8,813
서울특별시,송파구,위례동,위례동제2투,3181,2510,967,1220,276,24,2,2489,21,671
서울특별시,송파구,위례동,위례동제3투,2428,1891,638,1018,196,24,4,1880,11,537
서울특별시,송파구,위례동,위례동제4투,2123,1603,424,964,187,12,5,1592,11,520
서울특별시,송파구,위례동,위례동제5투,2932,2290,1110,997,142,24,1,2274,16,642
서울특별시,송파구,위례동,위례동제6투,2627,2003,844,905,217,24,0,1990,13,624
서울특별시,송파구,위례동,위례동제7투,2583,1977,770,950,208,32,0,1960,17,606
서울특별시,송파구,위례동,위례동제8투,3292,2616,1317,1011,241,36,1,2606,10,676
부산광역시,중구,거소·선상투표,,82,77,28,34,12,1,0,75,2,5
부산광역시,중구,관외사전투표,,3420,3420,1750,1164,437,35,3,3389,31,0
부산광역시,중구,재외투표,,232,162,120,29,10,2,0,161,1,70
부산광역시,중구,중앙동,관내사전투표,732,732,404,222,90,6,0,722,10,0
부산광역시,중구,중앙동,중앙동제1투,898,532,140,313,64,4,3,524,8,366
부산광역시,중구,중앙동,중앙동제2투,988,590,157,334,89,3,2,585,5,398
부산광역시,중구,동광동,관내사전투표,768,768,404,295,55,3,0,757,11,0
부산광역시,중구,동광동,동광동제1투,690,367,97,246,19,4,0,366,1,323
부산광역시,중구,동광동,동광동제2투,693,413,93,297,18,3,0,411,2,280
부산광역시,중구,대청동,관내사전투표,1003,1003,554,372,60,9,1,996,7,0
부산광역시,중구,대청동,대청동제1투,1543,960,226,647,74,6,1,954,6,583
부산광역시,중구,대청동,대청동제2투,1114,657,195,413,39,2,1,650,7,457
부산광역시,중구,대청동,대청동제3투,907,589,201,366,13,2,2,584,5,318
부산광역시,중구,보수동,관내사전투표,1870,1870,956,776,114,11,1,1858,12,0
부산광역시,중구,보수동,보수동제1투,1369,877,217,613,39,2,0,871,6,492
부산광역시,중구,보수동,보수동제2투,1371,869,226,588,44,7,0,865,4,502
부산광역시,중구,보수동,보수동제3투,749,425,106,300,13,1,1,421,4,324
부산광역시,중구,보수동,보수동제4투,2801,1800,463,1172,129,19,2,1785,15,1001
부산광역시,중구,부평동,관내사전투표,1246,1246,603,575,57,5,2,1242,4,0
부산광역시,중구,부평동,부평동제1투,1071,685,122,536,24,0,0,682,3,386
부산광역시,중구,부평동,부평동제2투,1555,930,183,680,53,7,0,923,7,625
부산광역시,중구,광복동,관내사전투표,383,383,190,157,29,4,1,381,2,0
부산광역시,중구,광복동,광복동투표소,544,349,57,269,20,0,0,346,3,195
부산광역시,중구,남포동,관내사전투표,266,266,130,119,13,1,0,263,3,0
부산광역시,중구,남포동,남포동투표소,507,277,52,216,6,1,1,276,1,230
부산광역시,중구,영주제1동,관내사전투표,790,790,418,293,66,7,0,784,6,0
부산광역시,중구,영주제1동,영주제1동제1투,1888,1084,265,720,78,6,1,1070,14,804
부산광역시,중구,영주제1동,영주제1동제2투,758,424,121,274,24,1,1,421,3,334
부산광역시,중구,영주제2동,관내사전투표,927,927,510,373,31,4,3,921,6,0
부산광역시,중구,영주제2동,영주제2동제1투,902,515,132,346,31,4,0,513,2,387
부산광역시,중구,영주제2동,영주제2동제2투,982,586,140,409,27,9,0,585,1,396
부산광역시,중구,영주제2동,영주제2동제3투,1540,1132,356,684,74,11,0,1125,7,408
부산광역시,중구,영주제2동,영주제2동제4투,695,518,168,335,9,4,0,516,2,177
부산광역시,서구,거소·선상투표,,268,251,97,92,46,1,0,236,15,17
부산광역시,서구,관외사전투표,,9255,9255,4660,3287,1143,80,18,9188,67,0
부산광역시,서구,재외투표,,608,447,264,129,41,7,0,441,6,161
부산광역시,서구,동대신제1동,관내사전투표,1123,1123,561,476,68,12,0,1117,6,0
부산광역시,서구,동대신제1동,동대신제1동제1투,1528,1063,206,788,55,9,0,1058,5,465
부산광역시,서구,동대신제1동,동대신제1동제2투,1570,1100,329,687,70,5,3,1094,6,470
부산광역시,서구,동대신제2동,관내사전투표,1003,1003,550,402,39,4,1,996,7,0
부산광역시,서구,동대신제2동,동대신제2동제1투,1383,971,205,698,59,4,0,966,5,412
부산광역시,서구,동대신제2동,동대신제2동제2투,1267,820,210,570,30,2,2,814,6,447
부산광역시,서구,동대신제2동,동대신제2동제3투,1232,762,195,522,35,5,2,759,3,470
부산광역시,서구,동대신제3동,관내사전투표,1941,1941,1032,738,133,13,2,1918,23,0
부산광역시,서구,동대신제3동,동대신제3동제1투,2375,1637,472,994,135,20,2,1623,14,738
부산광역시,서구,동대신제3동,동대신제3동제2투,1767,1228,312,837,66,7,0,1222,6,539
부산광역시,서구,서대신제1동,관내사전투표,2544,2544,1438,908,156,21,3,2526,18,0
부산광역시,서구,서대신제1동,서대신제1동제1투,2650,1995,621,1161,184,16,2,1984,11,655
부산광역시,서구,서대신제1동,서대신제1동제2투,905,562,128,401,20,7,1,557,5,343
부산광역시,서구,서대신제1동,서대신제1동제3투,2227,1425,369,950,88,10,1,1418,7,802
부산광역시,서구,서대신제1동,서대신제1동제4투,2610,1998,656,1146,163,17,3,1985,13,612
부산광역시,서구,서대신제3동,관내사전투표,1659,1659,925,609,109,7,0,1650,9,0
부산광역시,서구,서대신제3동,서대신제3동제1투,2353,1645,414,1104,97,16,1,1632,13,708
부산광역시,서구,서대신제3동,서대신제3동제2투,1461,982,268,630,64,8,2,972,10,479
부산광역시,서구,서대신제4동,관내사전투표,1534,1534,912,507,85,17,2,1523,11,0
부산광역시,서구,서대신제4동,서대신제4동제1투,1187,854,262,501,78,7,0,848,6,333
부산광역시,서구,서대신제4동,서대신제4동제2투,2142,1550,437,989,104,14,2,1546,4,592
부산광역시,서구,서대신제4동,서대신제4동제3투,465,319,91,207,13,3,1,315,4,146
부산광역시,서구,부민동,관내사전투표,1931,1931,1045,635,206,25,3,1914,17,0
부산광역시,서구,부민동,부민동제1투,2305,1548,386,993,143,12,0,1534,14,757
부산광역시,서구,부민동,부민동제2투,1933,1292,302,860,101,11,0,1274,18,641
부산광역시,서구,아미동,관내사전투표,1019,1019,520,421,62,6,0,1009,10,0
부산광역시,서구,아미동,아미동제1투,1768,983,228,675,59,7,2,971,12,785
부산광역시,서구,아미동,아미동제2투,1051,550,136,390,18,1,0,545,5,501
부산광역시,서구,아미동,아미동제3투,1419,961,289,571,78,10,1,949,12,458
부산광역시,서구,초장동,관내사전투표,699,699,303,364,21,7,0,695,4,0
부산광역시,서구,초장동,초장동제1투,1347,740,163,540,29,3,0,735,5,607
부산광역시,서구,초장동,초장동제2투,922,492,110,357,17,4,0,488,4,430
부산광역시,서구,충무동,관내사전투표,2354,2354,1151,1014,144,22,4,2335,19,0
부산광역시,서구,충무동,충무동제1투,3243,2015,450,1402,135,14,0,2001,14,1228
부산광역시,서구,충무동,충무동제2투,2591,1594,344,1135,84,16,2,1581,13,997
부산광역시,서구,남부민제1동,관내사전투표,957,957,428,482,36,8,0,954,3,0
부산광역시,서구,남부민제1동,남부민제1동제1투,1950,1276,311,889,60,7,0,1267,9,674
부산광역시,서구,남부민제1동,남부민제1동제2투,957,551,131,391,21,1,1,545,6,406
부산광역시,서구,남부민제2동,관내사전투표,1270,1270,672,524,51,4,1,1252,18,0
부산광역시,서구,남부민제2동,남부민제2동제1투,1796,1099,297,736,49,8,0,1090,9,697
부산광역시,서구,남부민제2동,남부민제2동제2투,1021,593,155,414,19,1,0,589,4,428
부산광역시,서구,남부민제2동,남부민제2동제3투,1083,740,174,535,19,7,1,736,4,343
부산광역시,서구,남부민제2동,남부민제2동제4투,1126,735,212,490,25,2,1,730,5,391
부산광역시,서구,암남동,관내사전투표,2626,2626,1471,933,183,17,1,2605,21,0
부산광역시,서구,암남동,암남동제1투,2962,1919,458,1286,137,25,3,1909,10,1043
부산광역시,서구,암남동,암남동제2투,1038,731,252,407,44,12,0,715,16,307
부산광역시,서구,암남동,암남동제3투,1112,733,243,423,49,13,1,729,4,379
부산광역시,서구,암남동,암남동제4투,1952,1234,347,785,85,11,0,1228,6,718
부산광역시,서구,암남동,암남동제5투,3397,2281,608,1511,125,17,3,2264,17,1116
부산광역시,동구,거소·선상투표,,168,163,69,69,21,2,1,162,1,5
부산광역시,동구,관외사전투표,,7479,7478,3899,2584,813,75,6,7377,101,1
부산광역시,동구,재외투표,,425,306,220,57,25,3,0,305,1,119
부산광역시,동구,초량제1동,관내사전투표,1071,1071,601,388,74,5,0,1068,3,0
부산광역시,동구,초량제1동,초량제1동제1투,1976,1116,314,682,97,9,2,1104,12,860
부산광역시,동구,초량제1동,초량제1동제2투,834,539,122,387,20,4,0,533,6,295
부산광역시,동구,초량제2동,관내사전투표,1284,1284,629,554,81,9,1,1274,10,0
부산광역시,동구,초량제2동,초량제2동제1투,1841,1074,214,795,52,4,0,1065,9,767
부산광역시,동구,초량제2동,초량제2동제2투,1265,773,182,548,28,6,1,765,8,492
부산광역시,동구,초량제3동,관내사전투표,2517,2517,1445,809,236,17,1,2508,9,0
부산광역시,동구,초량제3동,초량제3동제1투,2409,1632,499,970,132,16,5,1622,10,777
부산광역시,동구,초량제3동,초량제3동제2투,1785,1286,458,675,133,5,4,1275,11,499
부산광역시,동구,초량제3동,초량제3동제3투,2620,1629,456,1020,122,18,3,1619,10,991
부산광역시,동구,초량제6동,관내사전투표,1217,1217,579,581,44,3,3,1210,7,0
부산광역시,동구,초량제6동,초량제6동제1투,1678,987,239,691,45,5,0,980,7,691
부산광역시,동구,초량제6동,초량제6동제2투,1517,920,220,653,36,3,0,912,8,597
부산광역시,동구,수정제1동,관내사전투표,1270,1270,603,562,92,6,1,1264,6,0
부산광역시,동구,수정제1동,수정제1동제1투,1013,593,149,381,47,6,1,584,9,420
부산광역시,동구,수정제1동,수정제1동제2투,1210,792,230,499,53,3,1,786,6,418
부산광역시,동구,수정제2동,관내사전투표,2500,2500,1342,976,148,17,2,2485,15,0
부산광역시,동구,수정제2동,수정제2동제1투,2501,1717,433,1132,129,11,3,1708,9,784
부산광역시,동구,수정제2동,수정제2동제2투,1333,803,207,542,36,8,2,795,8,530
부산광역시,동구,수정제2동,수정제2동제3투,1576,1059,284,716,47,4,2,1053,6,517
부산광역시,동구,수정제4동,관내사전투표,758,758,355,359,37,5,0,756,2,0
부산광역시,동구,수정제4동,수정제4동제1투,919,536,121,382,22,6,1,532,4,383
부산광역시,동구,수정제4동,수정제4동제2투,1067,679,156,495,21,3,2,677,2,388
부산광역시,동구,수정제5동,관내사전투표,1163,1163,570,524,52,9,0,1155,8,0
부산광역시,동구,수정제5동,수정제5동제1투,1298,835,222,566,37,5,2,832,3,463
부산광역시,동구,수정제5동,수정제5동제2투,1418,858,189,616,41,7,1,854,4,560
부산광역시,동구,좌천동,관내사전투표,2327,2327,1241,934,106,21,4,2306,21,0
부산광역시,동구,좌천동,좌천동제1투,2622,1701,456,1096,124,11,2,1689,12,921
부산광역시,동구,좌천동,좌천동제2투,1948,1276,285,916,59,8,0,1268,8,672
부산광역시,동구,좌천동,좌천동제3투,1992,1242,342,807,71,8,1,1229,13,750
부산광역시,동구,범일제1동,관내사전투표,1689,1689,783,810,68,15,2,1678,11,0
부산광역시,동구,범일제1동,범일제1동제1투,3195,2195,636,1405,126,11,3,2181,14,1000
부산광역시,동구,범일제1동,범일제1동제2투,1600,1002,235,689,57,6,3,990,12,598
부산광역시,동구,범일제1동,범일제1동제3투,2014,1167,262,849,39,6,2,1158,9,847
부산광역시,동구,범일제2동,관내사전투표,1926,1926,1084,696,122,10,1,1913,13,0
부산광역시,동구,범일제2동,범일제2동제1투,1115,619,117,468,26,1,1,613,6,496
부산광역시,동구,범일제2동,범일제2동제2투,1803,1147,302,723,101,12,0,1138,9,656
부산광역시,동구,범일제2동,범일제2동제3투,1492,1116,295,726,77,9,1,1108,8,376
부산광역시,동구,범일제5동,관내사전투표,957,957,559,333,56,7,0,955,2,0
부산광역시,동구,범일제5동,범일제5동제1투,4043,2988,945,1734,263,27,0,2969,19,1055
부산광역시,동구,범일제5동,범일제5동제2투,1058,725,195,476,45,3,1,720,5,333
부산광역시,영도구,거소·선상투표,,294,284,122,101,37,3,6,269,15,10
부산광역시,영도구,관외사전투표,,7317,7317,3927,2408,834,65,9,7243,74,0
부산광역시,영도구,재외투표,,531,411,301,76,31,3,0,411,0,120
부산광역시,영도구,남항동,관내사전투표,2485,2485,1325,1027,106,13,2,2473,12,0
부산광역시,영도구,남항동,남항동제1투,1989,1243,384,796,46,8,0,1234,9,746
부산광역시,영도구,남항동,남항동제2투,1607,1025,302,672,33,6,3,1016,9,582
부산광역시,영도구,남항동,남항동제3투,2715,1567,434,1028,79,10,2,1553,14,1148
부산광역시,영도구,영선제1동,관내사전투표,951,951,571,329,40,5,1,946,5,0
부산광역시,영도구,영선제1동,영선제1동투표소,1995,1207,326,802,59,13,0,1200,7,788
부산광역시,영도구,영선제2동,관내사전투표,2997,2997,1652,1192,122,16,2,2984,13,0
부산광역시,영도구,영선제2동,영선제2동제1투,2050,1371,384,880,85,9,1,1359,12,679
부산광역시,영도구,영선제2동,영선제2동제2투,2169,1341,368,886,62,11,2,1329,12,828
부산광역시,영도구,신선동,관내사전투표,1241,1241,686,502,40,6,0,1234,7,0
부산광역시,영도구,신선동,신선동제1투,1152,613,169,410,21,4,0,604,9,539
부산광역시,영도구,신선동,신선동제2투,1306,732,185,504,35,5,0,729,3,574
부산광역시,영도구,신선동,신선동제3투,933,556,193,328,25,4,1,551,5,377
부산광역시,영도구,신선동,신선동제4투,751,335,87,227,9,6,1,330,5,416
부산광역시,영도구,봉래제1동,관내사전투표,2054,2054,1104,844,77,11,0,2036,18,0
부산광역시,영도구,봉래제1동,봉래제1동제1투,1863,1237,357,808,52,10,1,1228,9,626
부산광역시,영도구,봉래제1동,봉래제1동제2투,1672,979,275,610,77,12,0,974,5,693
부산광역시,영도구,봉래제2동,관내사전투표,1465,1465,890,480,79,10,1,1460,5,0
부산광역시,영도구,봉래제2동,봉래제2동제1투,2166,1491,555,814,107,7,1,1484,7,675
부산광역시,영도구,봉래제2동,봉래제2동제2투,2034,1206,402,729,60,8,0,1199,7,828
부산광역시,영도구,청학제1동,관내사전투표,1070,1070,606,417,36,4,1,1064,6,0
부산광역시,영도구,청학제1동,청학제1동제1투,1857,1172,400,704,56,8,0,1168,4,685
부산광역시,영도구,청학제1동,청학제1동제2투,1268,750,242,468,29,4,0,743,7,518
부산광역시,영도구,청학제2동,관내사전투표,2509,2509,1568,775,132,15,3,2493,16,0
부산광역시,영도구,청학제2동,청학제2동제1투,1910,1290,446,776,59,6,0,1287,3,620
부산광역시,영도구,청학제2동,청학제2동제2투,1915,1210,384,740,71,6,0,1201,9,705
부산광역시,영도구,청학제2동,청학제2동제3투,1920,1141,366,703,56,8,1,1134,7,779
부산광역시,영도구,청학제2동,청학제2동제4투,2215,1423,480,856,72,9,0,1417,6,792
부산광역시,영도구,청학제2동,청학제2동제5투,1937,1270,387,794,60,16,1,1258,12,667
부산광역시,영도구,동삼제1동,관내사전투표,5460,5460,3188,1956,254,27,7,5432,28,0
부산광역시,영도구,동삼제1동,동삼제1동제1투,1667,1044,355,620,55,6,2,1038,6,623
부산광역시,영도구,동삼제1동,동삼제1동제2투,1901,1074,319,656,84,7,0,1066,8,827
부산광역시,영도구,동삼제1동,동삼제1동제3투,3032,2008,680,1166,130,15,2,1993,15,1024
부산광역시,영도구,동삼제1동,동삼제1동제4투,2761,1887,633,1091,132,14,3,1873,14,874
부산광역시,영도구,동삼제1동,동삼제1동제5투,1781,1169,359,713,78,10,2,1162,7,612
부산광역시,영도구,동삼제1동,동삼제1동제6투,1771,1130,327,735,49,14,0,1125,5,641
부산광역시,영도구,동삼제1동,동삼제1동제7투,1356,656,162,460,29,3,0,654,2,700
부산광역시,영도구,동삼제1동,동삼제1동제8투,1617,1019,336,624,50,4,2,1016,3,598
부산광역시,영도구,동삼제2동,관내사전투표,1707,1707,1024,470,188,12,5,1699,8,0
부산광역시,영도구,동삼제2동,동삼제2동투표소,2716,1657,458,1034,141,13,1,1647,10,1059
부산광역시,영도구,동삼제3동,관내사전투표,2391,2391,1344,899,106,22,4,2375,16,0
부산광역시,영도구,동삼제3동,동삼제3동제1투,1276,805,223,515,53,5,1,797,8,471
부산광역시,영도구,동삼제3동,동삼제3동제2투,1367,793,239,516,30,1,1,787,6,574
부산광역시,영도구,동삼제3동,동삼제3동제3투,1326,687,173,476,24,3,0,676,11,639
부산광역시,영도구,동삼제3동,동삼제3동제4투,1442,912,264,600,43,5,0,912,0,530
부산광역시,부산진구,거소·선상투표,,644,613,225,247,116,5,3,596,17,31
부산광역시,부산진구,관외사전투표,,29918,29915,15906,9450,3855,345,40,29596,319,3
부산광역시,부산진구,재외투표,,1398,1123,773,214,105,21,1,1114,9,275
부산광역시,부산진구,부전제1동,관내사전투표,3755,3755,1987,1440,281,25,4,3737,18,0
부산광역시,부산진구,부전제1동,부전제1동제1투,2732,1395,314,942,112,9,3,1380,15,1337
부산광역시,부산진구,부전제1동,부전제1동제2투,4257,2400,633,1420,288,24,5,2370,30,1857
부산광역시,부산진구,부전제1동,부전제1동제3투,2556,1759,460,1093,184,9,2,1748,11,797
부산광역시,부산진구,부전제2동,관내사전투표,2430,2430,1349,708,318,20,8,2403,27,0
부산광역시,부산진구,부전제2동,부전제2동제1투,3277,1867,497,1160,178,19,1,1855,12,1410
부산광역시,부산진구,부전제2동,부전제2동제2투,2626,1150,253,687,188,11,0,1139,11,1476
부산광역시,부산진구,부전제2동,부전제2동제3투,2529,2028,533,1355,127,6,0,2021,7,501
부산광역시,부산진구,연지동,관내사전투표,4502,4502,2637,1505,290,47,4,4483,19,0
부산광역시,부산진구,연지동,연지동제1투,2514,2005,727,1140,118,17,1,2003,2,509
부산광역시,부산진구,연지동,연지동제2투,2197,1530,348,1072,89,13,0,1522,8,667
부산광역시,부산진구,연지동,연지동제3투,1762,1144,236,839,51,9,2,1137,7,618
부산광역시,부산진구,연지동,연지동제4투,2576,1790,483,1160,110,21,1,1775,15,786
부산광역시,부산진구,연지동,연지동제5투,2318,1694,512,1055,106,12,3,1688,6,624
부산광역시,부산진구,연지동,연지동제6투,3468,2674,918,1505,215,22,2,2662,12,794
부산광역시,부산진구,초읍동,관내사전투표,4159,4159,2315,1557,229,27,5,4133,26,0
부산광역시,부산진구,초읍동,초읍동제1투,2939,2170,717,1289,131,15,1,2153,17,769
부산광역시,부산진구,초읍동,초읍동제2투,2213,1585,339,1174,52,5,1,1571,14,628
부산광역시,부산진구,초읍동,초읍동제3투,1565,990,197,752,34,3,0,986,4,575
부산광역시,부산진구,초읍동,초읍동제4투,1598,1103,280,752,57,8,0,1097,6,495
부산광역시,부산진구,초읍동,초읍동제5투,2377,1555,459,982,87,15,3,1546,9,822
부산광역시,부산진구,초읍동,초읍동제6투,2849,2020,579,1281,132,9,1,2002,18,829
부산광역시,부산진구,양정제1동,관내사전투표,4314,4314,2470,1440,336,26,2,4274,40,0
부산광역시,부산진구,양정제1동,양정제1동제1투,1477,956,246,631,68,5,0,950,6,521
부산광역시,부산진구,양정제1동,양정제1동제2투,2513,1976,582,1237,124,21,0,1964,12,537
부산광역시,부산진구,양정제1동,양정제1동제3투,2844,2271,654,1434,146,25,0,2259,12,573
부산광역시,부산진구,양정제1동,양정제1동제4투,2934,1904,458,1250,160,23,1,1892,12,1030
부산광역시,부산진구,양정제1동,양정제1동제5투,1940,1239,285,820,103,12,4,1224,15,701
부산광역시,부산진구,양정제2동,관내사전투표,2129,2129,1260,625,204,24,0,2113,16,0
부산광역시,부산진구,양정제2동,양정제2동제1투,2887,1688,505,958,188,16,1,1668,20,1199
부산광역시,부산진구,양정제2동,양정제2동제2투,3587,2309,684,1376,185,24,6,2275,34,1278
부산광역시,부산진구,양정제2동,양정제2동제3투,2234,1482,401,906,151,15,0,1473,9,752
부산광역시,부산진구,양정제2동,양정제2동제4투,3006,2306,794,1202,268,29,1,2294,12,700
부산광역시,부산진구,전포제1동,관내사전투표,3688,3688,2006,1219,389,31,3,3648,40,0
부산광역시,부산진구,전포제1동,전포제1동제1투,2838,1500,353,940,172,13,5,1483,17,1338
부산광역시,부산진구,전포제1동,전포제1동제2투,2109,1307,350,847,81,12,2,1292,15,802
부산광역시,부산진구,전포제1동,전포제1동제3투,2961,1667,478,929,219,18,1,1645,22,1294
부산광역시,부산진구,전포제1동,전포제1동제4투,2122,1313,341,859,94,11,0,1305,8,809
부산광역시,부산진구,전포제1동,전포제1동제5투,2647,2046,693,1068,240,22,3,2026,20,601
부산광역시,부산진구,전포제2동,관내사전투표,3563,3563,2026,1237,242,28,1,3534,29,0
부산광역시,부산진구,전포제2동,전포제2동제1투,2587,1604,389,1096,96,12,0,1593,11,983
부산광역시,부산진구,전포제2동,전포제2동제2투,3787,2832,956,1539,284,28,3,2810,22,955
부산광역시,부산진구,전포제2동,전포제2동제3투,2280,1616,465,1040,85,16,0,1606,10,664
부산광역시,부산진구,전포제2동,전포제2동제4투,1917,1232,295,850,71,5,1,1222,10,685
부산광역시,부산진구,전포제2동,전포제2동제5투,3933,2440,624,1548,222,25,3,2422,18,1493
부산광역시,부산진구,부암제1동,관내사전투표,3511,3511,2158,1067,245,29,2,3501,10,0
부산광역시,부산진구,부암제1동,부암제1동제1투,2093,1272,331,802,111,12,0,1256,16,821
부산광역시,부산진구,부암제1동,부암제1동제2투,2397,1810,686,945,142,22,2,1797,13,587
부산광역시,부산진구,부암제1동,부암제1동제3투,1975,1222,361,762,82,8,2,1215,7,753
부산광역시,부산진구,부암제1동,부암제1동제4투,3596,2471,725,1543,165,17,1,2451,20,1125
부산광역시,부산진구,부암제1동,부암제1동제5투,3539,2484,746,1531,175,20,2,2474,10,1055
부산광역시,부산진구,부암제3동,관내사전투표,4366,4366,2663,1401,244,36,4,4348,18,0
부산광역시,부산진구,부암제3동,부암제3동제1투,3346,2129,506,1503,95,8,2,2114,15,1217
부산광역시,부산진구,부암제3동,부암제3동제2투,2545,1954,613,1187,126,12,1,1939,15,591
부산광역시,부산진구,부암제3동,부암제3동제3투,1223,869,354,419,79,10,1,863,6,354
부산광역시,부산진구,부암제3동,부암제3동제4투,2630,2003,869,938,164,17,1,1989,14,627
부산광역시,부산진구,부암제3동,부암제3동제5투,3023,2321,909,1132,237,26,0,2304,17,702
부산광역시,부산진구,당감제1동,관내사전투표,3606,3606,2097,1281,183,24,2,3587,19,0
부산광역시,부산진구,당감제1동,당감제1동제1투,1738,1139,297,782,40,5,2,1126,13,599
부산광역시,부산진구,당감제1동,당감제1동제2투,2168,1477,374,1008,68,16,0,1466,11,691
부산광역시,부산진구,당감제1동,당감제1동제3투,1625,992,251,673,57,7,0,988,4,633
부산광역시,부산진구,당감제1동,당감제1동제4투,3193,2139,682,1266,153,23,2,2126,13,1054
부산광역시,부산진구,당감제1동,당감제1동제5투,2068,1627,620,890,92,14,1,1617,10,441
부산광역시,부산진구,당감제1동,당감제1동제6투,2326,1819,718,928,147,14,2,1809,10,507
부산광역시,부산진구,당감제2동,관내사전투표,2939,2939,1664,965,265,17,4,2915,24,0
부산광역시,부산진구,당감제2동,당감제2동제1투,2605,1719,445,1089,155,12,1,1702,17,886
부산광역시,부산진구,당감제2동,당감제2동제2투,2560,1914,671,1059,159,11,2,1902,12,646
부산광역시,부산진구,당감제2동,당감제2동제3투,1908,1535,524,909,86,11,1,1531,4,373
부산광역시,부산진구,당감제4동,관내사전투표,2554,2554,1574,816,132,18,4,2544,10,0
부산광역시,부산진구,당감제4동,당감제4동제1투,1091,669,174,456,29,9,0,668,1,422
부산광역시,부산진구,당감제4동,당감제4동제2투,1818,1124,324,727,56,6,1,1114,10,694
부산광역시,부산진구,당감제4동,당감제4동제3투,3071,2117,796,1158,137,16,1,2108,9,954
부산광역시,부산진구,가야제1동,관내사전투표,3521,3521,1897,1321,249,23,3,3493,28,0
부산광역시,부산진구,가야제1동,가야제1동제1투,1977,1295,377,835,60,10,1,1283,12,682
부산광역시,부산진구,가야제1동,가야제1동제2투,2062,1269,391,779,73,13,4,1260,9,793
부산광역시,부산진구,가야제1동,가야제1동제3투,1763,1171,337,757,65,10,0,1169,2,592
부산광역시,부산진구,가야제1동,가야제1동제4투,1826,1202,306,769,105,9,1,1190,12,624
부산광역시,부산진구,가야제1동,가야제1동제5투,1353,860,239,546,61,6,1,853,7,493
부산광역시,부산진구,가야제1동,가야제1동제6투,1320,725,176,441,93,7,1,718,7,595
부산광역시,부산진구,가야제2동,관내사전투표,3093,3093,1699,1114,236,18,5,3072,21,0
부산광역시,부산진구,가야제2동,가야제2동제1투,3607,2620,820,1574,186,19,3,2602,18,987
부산광역시,부산진구,가야제2동,가야제2동제2투,2344,1704,425,1136,120,13,1,1695,9,640
부산광역시,부산진구,가야제2동,가야제2동제3투,1887,1314,359,866,73,7,1,1306,8,573
부산광역시,부산진구,가야제2동,가야제2동제4투,2681,1982,533,1284,136,13,2,1968,14,699
부산광역시,부산진구,개금제1동,관내사전투표,4280,4280,2297,1536,385,21,3,4242,38,0
부산광역시,부산진구,개금제1동,개금제1동제1투,2651,1782,547,979,217,20,1,1764,18,869
부산광역시,부산진구,개금제1동,개금제1동제2투,2554,1650,462,1045,109,17,1,1634,16,904
부산광역시,부산진구,개금제1동,개금제1동제3투,2640,1665,452,1042,142,16,3,1655,10,975
부산광역시,부산진구,개금제1동,개금제1동제4투,3162,2386,858,1313,169,27,2,2369,17,776
부산광역시,부산진구,개금제2동,관내사전투표,2309,2309,1276,828,170,18,0,2292,17,0
부산광역시,부산진구,개금제2동,개금제2동제1투,1809,1148,325,747,58,9,1,1140,8,661
부산광역시,부산진구,개금제2동,개금제2동제2투,1529,931,246,613,53,8,1,921,10,598
부산광역시,부산진구,개금제2동,개금제2동제3투,2383,1793,531,1070,162,19,1,1783,10,590
부산광역시,부산진구,개금제3동,관내사전투표,3930,3930,2340,1345,192,19,5,3901,29,0
부산광역시,부산진구,개금제3동,개금제3동제1투,1469,917,221,635,47,8,1,912,5,552
부산광역시,부산진구,개금제3동,개금제3동제2투,2069,1410,439,855,97,11,2,1404,6,659
부산광역시,부산진구,개금제3동,개금제3동제3투,2425,1752,598,999,118,22,3,1740,12,673
부산광역시,부산진구,개금제3동,개금제3동제4투,2515,1960,760,1053,121,9,1,1944,16,555
부산광역시,부산진구,개금제3동,개금제3동제5투,1717,1151,347,745,43,9,1,1145,6,566
부산광역시,부산진구,개금제3동,개금제3동제6투,2096,1470,412,941,97,9,1,1460,10,626
부산광역시,부산진구,개금제3동,개금제3동제7투,2222,1798,581,1070,122,12,1,1786,12,424
부산광역시,부산진구,개금제3동,개금제3동제8투,2070,1646,548,950,116,18,2,1634,12,424
부산광역시,부산진구,범천제1동,관내사전투표,2935,2935,1650,906,317,31,5,2909,26,0
부산광역시,부산진구,범천제1동,범천제1동제1투,3972,2479,628,1623,193,16,2,2462,17,1493
부산광역시,부산진구,범천제1동,범천제1동제2투,4066,2279,588,1382,261,18,2,2251,28,1787
부산광역시,부산진구,범천제2동,관내사전투표,3264,3263,1656,1373,192,21,2,3244,19,1
부산광역시,부산진구,범천제2동,범천제2동제1투,2902,1880,533,1166,145,20,1,1865,15,1022
부산광역시,부산진구,범천제2동,범천제2동제2투,2323,1402,480,764,124,14,3,1385,17,921
부산광역시,부산진구,범천제2동,범천제2동제3투,1088,607,141,445,13,3,2,604,3,481
부산광역시,부산진구,범천제2동,범천제2동제4투,2277,1556,466,951,110,12,0,1539,17,721
부산광역시,부산진구,범천제2동,범천제2동제5투,2167,1529,489,913,100,10,4,1516,13,638
부산광역시,부산진구,범천제2동,범천제2동제6투,2435,1750,539,1024,162,13,2,1740,10,685
부산광역시,동래구,거소·선상투표,,428,410,153,167,70,3,1,394,16,18
부산광역시,동래구,관외사전투표,,24623,24623,13056,8030,3002,274,28,24390,233,0
부산광역시,동래구,재외투표,,1312,1060,695,246,95,14,3,1053,7,252
부산광역시,동래구,수민동,관내사전투표,4744,4744,2700,1628,344,41,6,4719,25,0
부산광역시,동래구,수민동,수민동제1투,2333,1515,399,986,100,12,2,1499,16,818
부산광역시,동래구,수민동,수민동제2투,3429,2492,768,1526,165,19,2,2480,12,937
부산광역시,동래구,수민동,수민동제3투,2445,1620,395,1121,81,8,1,1606,14,825
부산광역시,동래구,수민동,수민동제4투,2993,2257,739,1288,206,12,1,2246,11,736
부산광역시,동래구,수민동,수민동제5투,1616,1196,253,859,71,9,0,1192,4,420
부산광역시,동래구,수민동,수민동제6투,2539,1922,612,1124,147,21,2,1906,16,617
부산광역시,동래구,수민동,수민동제7투,2297,1764,524,1095,110,23,2,1754,10,533
부산광역시,동래구,복산동,관내사전투표,2721,2721,1478,1049,153,29,3,2712,9,0
부산광역시,동래구,복산동,복산동제1투,2913,2056,367,1577,71,24,1,2040,16,857
부산광역시,동래구,복산동,복산동제2투,2173,1426,331,1010,65,10,3,1419,7,747
부산광역시,동래구,명륜동,관내사전투표,4468,4468,2559,1466,368,45,6,4444,24,0
부산광역시,동래구,명륜동,명륜동제1투,3374,2354,646,1505,169,16,3,2339,15,1020
부산광역시,동래구,명륜동,명륜동제2투,2101,1578,514,885,162,9,0,1570,8,523
부산광역시,동래구,명륜동,명륜동제3투,3058,2274,594,1454,194,18,0,2260,14,784
부산광역시,동래구,명륜동,명륜동제4투,1806,1270,387,789,76,7,2,1261,9,536
부산광역시,동래구,명륜동,명륜동제5투,3291,2671,1033,1391,200,34,3,2661,10,620
부산광역시,동래구,온천제1동,관내사전투표,4327,4327,2436,1489,341,33,2,4301,26,0
부산광역시,동래구,온천제1동,온천제1동제1투,3137,2127,543,1429,136,13,1,2122,5,1010
부산광역시,동래구,온천제1동,온천제1동제2투,2169,1391,351,933,87,13,0,1384,7,778
부산광역시,동래구,온천제1동,온천제1동제3투,3542,2179,609,1368,160,21,2,2160,19,1363
부산광역시,동래구,온천제1동,온천제1동제4투,3433,2380,715,1370,259,22,0,2366,14,1053
부산광역시,동래구,온천제1동,온천제1동제5투,3124,2416,852,1292,244,21,0,2409,7,708
부산광역시,동래구,온천제1동,온천제1동제6투,3133,2354,755,1341,216,29,0,2341,13,779
부산광역시,동래구,온천제1동,온천제1동제7투,1513,1228,443,657,110,11,0,1221,7,285
부산광역시,동래구,온천제2동,관내사전투표,4272,4272,2405,1472,318,45,2,4242,30,0
부산광역시,동래구,온천제2동,온천제2동제1투,2608,1856,482,1179,158,18,3,1840,16,752
부산광역시,동래구,온천제2동,온천제2동제2투,2421,1735,423,1184,105,16,0,1728,7,686
부산광역시,동래구,온천제2동,온천제2동제3투,2344,1806,289,1396,97,15,1,1798,8,538
부산광역시,동래구,온천제2동,온천제2동제4투,2687,2227,846,1130,208,26,0,2210,17,460
부산광역시,동래구,온천제2동,온천제2동제5투,1546,1007,232,718,47,4,1,1002,5,539
부산광역시,동래구,온천제2동,온천제2동제6투,1763,1358,480,728,126,12,1,1347,11,405
부산광역시,동래구,온천제3동,관내사전투표,5340,5340,2876,1994,395,37,5,5307,33,0
부산광역시,동래구,온천제3동,온천제3동제1투,3629,2562,814,1534,169,29,3,2549,13,1067
부산광역시,동래구,온천제3동,온천제3동제2투,2917,1990,547,1282,124,20,1,1974,16,927
부산광역시,동래구,온천제3동,온천제3동제3투,3797,2502,635,1616,211,15,6,2483,19,1295
부산광역시,동래구,온천제3동,온천제3동제4투,2554,1782,527,1109,124,15,0,1775,7,772
부산광역시,동래구,온천제3동,온천제3동제5투,2772,1847,511,1180,130,10,2,1833,14,925
부산광역시,동래구,온천제3동,온천제3동제6투,2684,1936,528,1255,124,12,1,1920,16,748
부산광역시,동래구,온천제3동,온천제3동제7투,3475,2476,738,1529,179,13,0,2459,17,999
부산광역시,동래구,사직제1동,관내사전투표,2966,2966,1618,1090,212,24,1,2945,21,0
부산광역시,동래구,사직제1동,사직제1동제1투,3247,2218,550,1475,161,16,0,2202,16,1029
부산광역시,동래구,사직제1동,사직제1동제2투,3094,2197,655,1333,174,19,0,2181,16,897
부산광역시,동래구,사직제2동,관내사전투표,4601,4601,2846,1393,294,44,5,4582,19,0
부산광역시,동래구,사직제2동,사직제2동제1투,1739,1348,487,735,100,16,0,1338,10,391
부산광역시,동래구,사직제2동,사직제2동제2투,2707,1939,654,1103,151,19,1,1928,11,768
부산광역시,동래구,사직제2동,사직제2동제3투,2051,1513,492,870,121,21,1,1505,8,538
부산광역시,동래구,사직제2동,사직제2동제4투,2098,1490,433,931,99,15,3,1481,9,608
부산광역시,동래구,사직제2동,사직제2동제5투,1528,1156,405,662,77,5,0,1149,7,372
부산광역시,동래구,사직제2동,사직제2동제6투,2500,1906,650,1036,186,21,4,1897,9,594
부산광역시,동래구,사직제3동,관내사전투표,2979,2979,1696,1044,186,24,2,2952,27,0
부산광역시,동래구,사직제3동,사직제3동제1투,1983,1258,310,827,97,12,0,1246,12,725
부산광역시,동래구,사직제3동,사직제3동제2투,3306,2472,829,1385,218,24,1,2457,15,834
부산광역시,동래구,사직제3동,사직제3동제3투,1865,1329,323,901,91,9,0,1324,5,536
부산광역시,동래구,사직제3동,사직제3동제4투,2199,1530,376,1036,87,11,2,1512,18,669
부산광역시,동래구,안락제1동,관내사전투표,3693,3693,1999,1433,220,22,0,3674,19,0
부산광역시,동래구,안락제1동,안락제1동제1투,2318,1691,407,1179,82,9,2,1679,12,627
부산광역시,동래구,안락제1동,안락제1동제2투,1997,1484,439,918,100,18,1,1476,8,513
부산광역시,동래구,안락제1동,안락제1동제3투,1901,1168,266,818,68,8,2,1162,6,733
부산광역시,동래구,안락제1동,안락제1동제4투,1941,1220,292,846,64,10,2,1214,6,721
부산광역시,동래구,안락제2동,관내사전투표,3698,3698,2072,1355,223,25,1,3676,22,0
부산광역시,동래구,안락제2동,안락제2동제1투,1816,1196,258,846,73,10,3,1190,6,620
부산광역시,동래구,안락제2동,안락제2동제2투,1375,904,201,640,53,4,0,898,6,471
부산광역시,동래구,안락제2동,안락제2동제3투,3023,2387,612,1582,161,15,1,2371,16,636
부산광역시,동래구,안락제2동,안락제2동제4투,1894,1536,513,874,125,17,1,1530,6,358
부산광역시,동래구,안락제2동,안락제2동제5투,2139,1510,395,997,95,14,1,1502,8,629
부산광역시,동래구,안락제2동,안락제2동제6투,2602,1846,630,1072,119,16,1,1838,8,756
부산광역시,동래구,안락제2동,안락제2동제7투,2960,2377,925,1224,190,21,2,2362,15,583
부산광역시,동래구,명장제1동,관내사전투표,2687,2686,1427,1064,165,15,5,2676,10,1
부산광역시,동래구,명장제1동,명장제1동제1투,1919,1263,319,866,59,5,1,1250,13,656
부산광역시,동래구,명장제1동,명장제1동제2투,1864,1325,298,937,70,13,1,1319,6,539
부산광역시,동래구,명장제1동,명장제1동제3투,1587,1153,287,797,53,12,0,1149,4,434
부산광역시,동래구,명장제1동,명장제1동제4투,2663,2017,678,1152,150,23,3,2006,11,646
부산광역시,동래구,명장제2동,관내사전투표,2333,2333,1212,960,127,14,1,2314,19,0
부산광역시,동래구,명장제2동,명장제2동제1투,2336,1650,406,1130,88,12,3,1639,11,686
부산광역시,동래구,명장제2동,명장제2동제2투,1838,1264,299,883,63,9,1,1255,9,574
부산광역시,동래구,명장제2동,명장제2동제3투,1769,1205,297,843,45,8,0,1193,12,564
부산광역시,동래구,명장제2동,명장제2동제4투,2271,1573,449,1010,92,5,2,1558,15,698
부산광역시,남구,거소·선상투표,,532,488,184,183,94,6,2,469,19,44
부산광역시,남구,관외사전투표,,20283,20279,10619,6664,2565,226,10,20084,195,4
부산광역시,남구,재외투표,,1268,1035,660,249,108,8,0,1025,10,233
부산광역시,남구,대연제1동,관내사전투표,3706,3706,2046,1243,347,36,4,3676,30,0
부산광역시,남구,대연제1동,대연제1동제1투,3379,2072,451,1358,226,20,5,2060,12,1307
부산광역시,남구,대연제1동,대연제1동제2투,3298,2060,494,1302,237,12,1,2046,14,1238
부산광역시,남구,대연제1동,대연제1동제3투,3088,1930,487,1284,129,14,2,1916,14,1158
부산광역시,남구,대연제3동,관내사전투표,5397,5397,3094,1523,681,45,8,5351,46,0
부산광역시,남구,대연제3동,대연제3동제1투,2635,1765,403,1061,271,11,2,1748,17,870
부산광역시,남구,대연제3동,대연제3동제2투,2646,1909,607,1180,90,17,0,1894,15,737
부산광역시,남구,대연제3동,대연제3동제3투,3148,2001,501,1179,285,14,3,1982,19,1147
부산광역시,남구,대연제3동,대연제3동제4투,2866,2054,603,1222,199,17,4,2045,9,812
부산광역시,남구,대연제3동,대연제3동제5투,2569,1959,692,1133,104,19,3,1951,8,610
부산광역시,남구,대연제3동,대연제3동제6투,2842,2114,749,1164,180,9,2,2104,10,728
부산광역시,남구,대연제3동,대연제3동제7투,2384,1720,506,1042,145,15,0,1708,12,664
부산광역시,남구,대연제3동,대연제3동제8투,2126,1727,473,1076,161,8,1,1719,8,399
부산광역시,남구,대연제4동,관내사전투표,2416,2416,1370,894,126,12,2,2404,12,0
부산광역시,남구,대연제4동,대연제4동제1투,2849,2048,605,1256,155,20,0,2036,12,801
부산광역시,남구,대연제4동,대연제4동제2투,1440,923,185,687,36,6,2,916,7,517
부산광역시,남구,대연제4동,대연제4동제3투,1775,1179,343,770,52,5,1,1171,8,596
부산광역시,남구,대연제4동,대연제4동제4투,2088,1684,730,805,129,12,1,1677,7,404
부산광역시,남구,대연제5동,관내사전투표,3903,3903,2108,1433,297,27,5,3870,33,0
부산광역시,남구,대연제5동,대연제5동제1투,3136,2071,540,1342,148,22,2,2054,17,1065
부산광역시,남구,대연제5동,대연제5동제2투,2244,1408,330,936,115,16,3,1400,8,836
부산광역시,남구,대연제5동,대연제5동제3투,2032,1354,391,838,108,10,0,1347,7,678
부산광역시,남구,대연제5동,대연제5동제4투,2172,1571,474,913,159,17,0,1563,8,601
부산광역시,남구,대연제6동,관내사전투표,3863,3863,2275,1207,319,35,1,3837,26,0
부산광역시,남구,대연제6동,대연제6동제1투,2527,1756,430,1173,122,16,0,1741,15,771
부산광역시,남구,대연제6동,대연제6동제2투,1715,1176,315,771,72,9,2,1169,7,539
부산광역시,남구,대연제6동,대연제6동제3투,2294,1811,602,987,185,23,4,1801,10,483
부산광역시,남구,대연제6동,대연제6동제4투,1952,1539,520,875,121,16,1,1533,6,413
부산광역시,남구,용호제1동,관내사전투표,3122,3122,1657,1290,138,22,0,3107,15,0
부산광역시,남구,용호제1동,용호제1동제1투,1864,1020,243,717,42,9,0,1011,9,844
부산광역시,남구,용호제1동,용호제1동제2투,1983,1238,263,910,52,5,1,1231,7,745
부산광역시,남구,용호제1동,용호제1동제3투,2056,1290,315,899,58,8,3,1283,7,766
부산광역시,남구,용호제1동,용호제1동제4투,2983,2292,805,1300,152,22,1,2280,12,691
부산광역시,남구,용호제1동,용호제1동제5투,3154,2307,677,1441,148,28,2,2296,11,847
부산광역시,남구,용호제1동,용호제1동제6투,3075,2330,631,1518,155,16,2,2322,8,745
부산광역시,남구,용호제1동,용호제1동제7투,3305,2476,613,1675,160,17,0,2465,11,829
부산광역시,남구,용호제1동,용호제1동제8투,2272,1719,579,992,120,21,0,1712,7,553
부산광역시,남구,용호제1동,용호제1동제9투,2559,2063,509,1361,166,22,0,2058,5,496
부산광역시,남구,용호제1동,용호제1동제10투,2672,2139,488,1476,159,10,1,2134,5,533
부산광역시,남구,용호제2동,관내사전투표,2739,2739,1473,1119,115,12,1,2720,19,0
부산광역시,남구,용호제2동,용호제2동제1투,2543,1625,350,1173,87,3,1,1614,11,918
부산광역시,남구,용호제2동,용호제2동제2투,1868,1297,434,759,86,12,2,1293,4,571
부산광역시,남구,용호제2동,용호제2동제3투,2097,1581,501,963,100,11,2,1577,4,516
부산광역시,남구,용호제2동,용호제2동제4투,2727,2160,658,1368,114,12,1,2153,7,567
부산광역시,남구,용호제2동,용호제2동제5투,2472,1860,642,1038,146,22,0,1848,12,612
부산광역시,남구,용호제3동,관내사전투표,5087,5087,2791,1893,335,38,2,5059,28,0
부산광역시,남구,용호제3동,용호제3동제1투,1492,1014,272,669,56,7,0,1004,10,478
부산광역시,남구,용호제3동,용호제3동제2투,1119,723,183,488,43,4,0,718,5,396
부산광역시,남구,용호제3동,용호제3동제3투,1698,1023,255,715,41,4,1,1016,7,675
부산광역시,남구,용호제3동,용호제3동제4투,2015,1443,430,923,73,7,2,1435,8,572
부산광역시,남구,용호제4동,관내사전투표,2615,2615,1570,868,147,16,3,2604,11,0
부산광역시,남구,용호제4동,용호제4동제1투,2388,1605,526,966,75,18,0,1585,20,783
부산광역시,남구,용호제4동,용호제4동제2투,2055,1299,327,895,57,9,3,1291,8,756
부산광역시,남구,용당동,관내사전투표,1562,1562,957,472,110,16,2,1557,5,0
부산광역시,남구,용당동,용당동제1투,1026,731,210,487,22,5,0,724,7,295
부산광역시,남구,용당동,용당동제2투,1431,952,261,605,75,6,3,950,2,479
부산광역시,남구,용당동,용당동제3투,2111,1602,494,1010,77,9,0,1590,12,509
부산광역시,남구,감만제1동,관내사전투표,1512,1512,903,505,89,5,1,1503,9,0
부산광역시,남구,감만제1동,감만제1동제1투,1360,906,308,515,68,8,0,899,7,454
부산광역시,남구,감만제1동,감만제1동제2투,1253,747,195,491,49,6,0,741,6,506
부산광역시,남구,감만제1동,감만제1동제3투,2225,1717,630,960,99,15,3,1707,10,508
부산광역시,남구,감만제2동,관내사전투표,1803,1803,981,706,94,9,3,1793,10,0
부산광역시,남구,감만제2동,감만제2동제1투,1847,1160,340,740,57,12,2,1151,9,687
부산광역시,남구,감만제2동,감만제2동제2투,1983,1291,335,879,62,9,0,1285,6,692
부산광역시,남구,우암동,관내사전투표,1940,1940,1115,713,91,10,0,1929,11,0
부산광역시,남구,우암동,우암동제1투,1264,953,332,555,53,9,0,949,4,311
부산광역시,남구,우암동,우암동제2투,2114,1508,449,976,62,12,2,1501,7,606
부산광역시,남구,우암동,우암동제3투,2367,1782,557,1106,97,10,0,1770,12,585
부산광역시,남구,우암동,우암동제4투,1758,1125,289,787,30,6,3,1115,10,633
부산광역시,남구,문현제1동,관내사전투표,2633,2633,1434,1019,148,15,2,2618,15,0
부산광역시,남구,문현제1동,문현제1동제1투,1596,1050,291,677,68,7,0,1043,7,546
부산광역시,남구,문현제1동,문현제1동제2투,1339,942,287,585,61,3,0,936,6,397
부산광역시,남구,문현제1동,문현제1동제3투,1935,1287,370,826,73,14,1,1284,3,648
부산광역시,남구,문현제1동,문현제1동제4투,1235,748,196,509,34,5,0,744,4,487
부산광역시,남구,문현제2동,관내사전투표,1573,1573,845,589,117,9,1,1561,12,0
부산광역시,남구,문현제2동,문현제2동제1투,1622,1030,278,663,68,5,0,1014,16,592
부산광역시,남구,문현제2동,문현제2동제2투,1445,882,242,538,78,14,0,872,10,563
부산광역시,남구,문현제2동,문현제2동제3투,2061,1305,347,841,100,9,2,1299,6,756
부산광역시,남구,문현제3동,관내사전투표,2847,2847,1621,1022,172,16,0,2831,16,0
부산광역시,남구,문현제3동,문현제3동제1투,1723,1217,356,731,102,15,2,1206,11,506
부산광역시,남구,문현제3동,문현제3동제2투,2374,1592,430,1019,109,15,3,1576,16,782
부산광역시,남구,문현제3동,문현제3동제3투,2930,2151,678,1269,174,15,2,2138,13,779
부산광역시,남구,문현제3동,문현제3동제4투,2181,1545,496,935,89,16,1,1537,8,636
부산광역시,남구,문현제4동,관내사전투표,2048,2048,1128,755,139,14,2,2038,10,0
부산광역시,남구,문현제4동,문현제4동제1투,1159,824,219,560,34,5,2,820,4,335
부산광역시,남구,문현제4동,문현제4동제2투,2297,1547,350,1084,103,6,0,1543,4,750
부산광역시,남구,문현제4동,문현제4동제3투,1769,1133,311,742,67,6,1,1127,6,636
부산광역시,북구,거소·선상투표,,445,422,150,179,69,3,4,405,17,23
부산광역시,북구,관외사전투표,,20146,20138,10764,6460,2500,188,19,19931,207,8
부산광역시,북구,재외투표,,895,738,483,155,86,8,0,732,6,157
부산광역시,북구,구포제1동,관내사전투표,3370,3370,1722,1436,173,15,4,3350,20,0
부산광역시,북구,구포제1동,구포제1동제1투,1711,1001,284,631,67,6,3,991,10,710
부산광역시,북구,구포제1동,구포제1동제2투,2289,1480,462,897,104,8,3,1474,6,809
부산광역시,북구,구포제1동,구포제1동제3투,1734,1070,298,691,66,4,3,1062,8,664
부산광역시,북구,구포제1동,구포제1동제4투,1762,1145,414,649,64,11,0,1138,7,617
부산광역시,북구,구포제1동,구포제1동제5투,2179,1630,526,973,107,11,1,1618,12,549
부산광역시,북구,구포제2동,관내사전투표,3105,3105,1776,1107,181,24,2,3090,15,0
부산광역시,북구,구포제2동,구포제2동제1투,1985,1209,324,798,74,8,1,1205,4,776
부산광역시,북구,구포제2동,구포제2동제2투,1921,1142,356,691,76,11,8,1142,0,779
부산광역시,북구,구포제2동,구포제2동제3투,2869,1977,626,1177,141,20,1,1965,12,892
부산광역시,북구,구포제2동,구포제2동제4투,2550,1676,512,1033,103,17,1,1666,10,874
부산광역시,북구,구포제2동,구포제2동제5투,2922,2272,806,1286,155,12,2,2261,11,650
부산광역시,북구,구포제2동,구포제2동제6투,1127,658,191,415,39,6,1,652,6,469
부산광역시,북구,구포제2동,구포제2동제7투,2008,1587,633,809,120,15,0,1577,10,421
부산광역시,북구,구포제3동,관내사전투표,3232,3232,1863,1141,187,17,4,3212,20,0
부산광역시,북구,구포제3동,구포제3동제1투,1765,1047,312,665,58,7,1,1043,4,718
부산광역시,북구,구포제3동,구포제3동제2투,1764,1037,290,667,69,7,0,1033,4,727
부산광역시,북구,구포제3동,구포제3동제3투,1988,1171,372,702,81,10,0,1165,6,817
부산광역시,북구,구포제3동,구포제3동제4투,2068,1363,422,843,75,11,2,1353,10,705
부산광역시,북구,구포제3동,구포제3동제5투,1575,916,294,558,51,8,0,911,5,659
부산광역시,북구,구포제3동,구포제3동제6투,2012,1202,335,784,62,8,2,1191,11,810
부산광역시,북구,금곡동,관내사전투표,4912,4912,3045,1564,237,33,3,4882,30,0
부산광역시,북구,금곡동,금곡동제1투,1828,1372,415,866,60,15,2,1358,14,456
부산광역시,북구,금곡동,금곡동제2투,1821,1332,447,792,66,12,3,1320,12,489
부산광역시,북구,금곡동,금곡동제3투,1885,1375,423,863,72,7,1,1366,9,510
부산광역시,북구,금곡동,금곡동제4투,2084,1686,569,983,99,12,2,1665,21,398
부산광역시,북구,금곡동,금곡동제5투,1444,972,293,634,30,5,4,966,6,472
부산광역시,북구,금곡동,금곡동제6투,1466,1061,348,635,65,4,2,1054,7,405
부산광역시,북구,금곡동,금곡동제7투,2002,1473,470,883,97,13,1,1464,9,529
부산광역시,북구,금곡동,금곡동제8투,1443,927,272,613,28,2,4,919,8,516
부산광역시,북구,금곡동,금곡동제9투,1607,1206,362,731,94,8,2,1197,9,401
부산광역시,북구,금곡동,금곡동제10투,2097,1438,430,891,96,11,1,1429,9,659
부산광역시,북구,금곡동,금곡동제11투,2681,2077,834,1045,175,13,2,2069,8,604
부산광역시,북구,금곡동,금곡동제12투,2804,2191,904,1053,188,21,2,2168,23,613
부산광역시,북구,화명제1동,관내사전투표,5853,5853,3521,1804,441,45,4,5815,38,0
부산광역시,북구,화명제1동,화명제1동제1투,2048,1504,493,859,113,18,0,1483,21,544
부산광역시,북구,화명제1동,화명제1동제2투,2673,2037,661,1172,172,18,2,2025,12,636
부산광역시,북구,화명제1동,화명제1동제3투,1847,1424,510,784,112,10,0,1416,8,423
부산광역시,북구,화명제1동,화명제1동제4투,1853,1394,543,707,119,11,2,1382,12,459
부산광역시,북구,화명제1동,화명제1동제5투,3162,2499,874,1400,186,24,3,2487,12,663
부산광역시,북구,화명제1동,화명제1동제6투,2955,2395,719,1483,166,14,1,2383,12,560
부산광역시,북구,화명제1동,화명제1동제7투,2901,2396,774,1416,181,12,1,2384,12,505
부산광역시,북구,화명제1동,화명제1동제8투,3055,2425,708,1508,184,15,1,2416,9,630
부산광역시,북구,화명제1동,화명제1동제9투,1696,1285,431,717,123,8,0,1279,6,411
부산광역시,북구,화명제1동,화명제1동제10투,1135,901,349,456,81,11,0,897,4,234
부산광역시,북구,화명제2동,관내사전투표,2968,2968,1730,986,202,31,5,2954,14,0
부산광역시,북구,화명제2동,화명제2동제1투,2542,1907,623,1115,134,15,4,1891,16,635
부산광역시,북구,화명제2동,화명제2동제2투,2947,2083,645,1262,146,15,2,2070,13,864
부산광역시,북구,화명제2동,화명제2동제3투,2622,1831,583,1073,147,17,2,1822,9,791
부산광역시,북구,화명제2동,화명제2동제4투,1766,1433,514,808,87,18,1,1428,5,333
부산광역시,북구,화명제3동,관내사전투표,5386,5386,3415,1479,423,51,2,5370,16,0
부산광역시,북구,화명제3동,화명제3동제1투,3251,2580,901,1393,230,34,2,2560,20,671
부산광역시,북구,화명제3동,화명제3동제2투,1828,1467,576,750,124,9,3,1462,5,361
부산광역시,북구,화명제3동,화명제3동제3투,2355,1645,448,1038,125,20,1,1632,13,710
부산광역시,북구,화명제3동,화명제3동제4투,2113,1609,517,945,119,19,0,1600,9,504
부산광역시,북구,화명제3동,화명제3동제5투,1125,886,288,521,64,12,0,885,1,239
부산광역시,북구,화명제3동,화명제3동제6투,2680,2202,772,1237,159,16,3,2187,15,478
부산광역시,북구,화명제3동,화명제3동제7투,3048,2430,808,1395,190,15,2,2410,20,618
부산광역시,북구,덕천제1동,관내사전투표,2491,2491,1329,957,165,21,1,2473,18,0
부산광역시,북구,덕천제1동,덕천제1동제1투,2158,1561,458,999,87,7,1,1552,9,597
부산광역시,북구,덕천제1동,덕천제1동제2투,1975,1339,327,854,129,14,2,1326,13,636
부산광역시,북구,덕천제1동,덕천제1동제3투,2283,1574,471,924,143,16,2,1556,18,709
부산광역시,북구,덕천제1동,덕천제1동제4투,2309,1554,456,1009,63,8,2,1538,16,755
부산광역시,북구,덕천제2동,관내사전투표,2910,2910,1617,1017,232,26,1,2893,17,0
부산광역시,북구,덕천제2동,덕천제2동제1투,2065,1288,319,867,82,10,1,1279,9,777
부산광역시,북구,덕천제2동,덕천제2동제2투,1611,955,239,632,69,7,3,950,5,656
부산광역시,북구,덕천제2동,덕천제2동제3투,1934,1301,463,741,79,7,0,1290,11,633
부산광역시,북구,덕천제2동,덕천제2동제4투,1667,1096,294,723,67,6,2,1092,4,571
부산광역시,북구,덕천제3동,관내사전투표,1850,1850,1048,692,85,12,0,1837,13,0
부산광역시,북구,덕천제3동,덕천제3동제1투,1277,863,291,503,58,4,0,856,7,414
부산광역시,북구,덕천제3동,덕천제3동제2투,1788,1076,272,721,70,5,1,1069,7,712
부산광역시,북구,덕천제3동,덕천제3동제3투,1800,1176,333,744,81,5,2,1165,11,624
부산광역시,북구,덕천제3동,덕천제3동제4투,1254,731,213,488,18,5,0,724,7,523
부산광역시,북구,만덕제1동,관내사전투표,3615,3615,2003,1361,207,24,3,3598,17,0
부산광역시,북구,만덕제1동,만덕제1동제1투,1915,1327,371,839,90,11,2,1313,14,588
부산광역시,북구,만덕제1동,만덕제1동제2투,2598,1981,779,937,214,33,2,1965,16,617
부산광역시,북구,만덕제1동,만덕제1동제3투,2271,1558,442,1007,80,17,4,1550,8,713
부산광역시,북구,만덕제1동,만덕제1동제4투,2187,1695,576,932,156,20,2,1686,9,492
부산광역시,북구,만덕제2동,관내사전투표,4507,4507,2633,1563,243,31,2,4472,35,0
부산광역시,북구,만덕제2동,만덕제2동제1투,1436,972,211,703,48,6,0,968,4,464
부산광역시,북구,만덕제2동,만덕제2동제2투,1812,1218,378,715,101,12,0,1206,12,594
부산광역시,북구,만덕제2동,만덕제2동제3투,1968,1365,378,908,55,16,1,1358,7,603
부산광역시,북구,만덕제2동,만덕제2동제4투,1643,1183,315,774,77,6,0,1172,11,460
부산광역시,북구,만덕제2동,만덕제2동제5투,1523,1222,577,532,78,23,0,1210,12,301
부산광역시,북구,만덕제2동,만덕제2동제6투,2190,1626,580,916,107,11,4,1618,8,564
부산광역시,북구,만덕제2동,만덕제2동제7투,2933,2194,896,1073,194,11,1,2175,19,739
부산광역시,북구,만덕제2동,만덕제2동제8투,1986,1474,453,919,82,12,1,1467,7,512
부산광역시,북구,만덕제3동,관내사전투표,3394,3394,1885,1266,196,22,5,3374,20,0
부산광역시,북구,만덕제3동,만덕제3동제1투,2916,2034,543,1338,127,11,3,2022,12,882
부산광역시,북구,만덕제3동,만덕제3동제2투,2323,1775,558,1102,100,6,1,1767,8,548
부산광역시,북구,만덕제3동,만덕제3동제3투,2537,1724,458,1127,119,12,1,1717,7,813
부산광역시,북구,만덕제3동,만덕제3동제4투,2564,1903,662,1073,139,15,1,1890,13,661
부산광역시,해운대구,거소·선상투표,,660,629,214,282,100,5,3,604,25,31
부산광역시,해운대구,관외사전투표,,28450,28445,14190,10135,3603,248,32,28208,237,5
부산광역시,해운대구,재외투표,,2156,1694,1055,443,165,22,1,1686,8,462
부산광역시,해운대구,우제1동,관내사전투표,3264,3264,1830,1163,229,21,3,3246,18,0
부산광역시,해운대구,우제1동,우제1동제1투,1920,1128,276,779,59,4,1,1119,9,792
부산광역시,해운대구,우제1동,우제1동제2투,2571,1823,509,1184,96,20,2,1811,12,748
부산광역시,해운대구,우제1동,우제1동제3투,2201,1415,290,1041,64,12,2,1409,6,786
부산광역시,해운대구,우제1동,우제1동제4투,2980,1791,393,1241,135,10,0,1779,12,1189
부산광역시,해운대구,우제1동,우제1동제5투,2602,2039,503,1390,125,12,0,2030,9,563
부산광역시,해운대구,우제1동,우제1동제6투,2162,1469,402,924,123,14,2,1465,4,693
부산광역시,해운대구,우제2동,관내사전투표,4575,4575,2607,1616,298,29,5,4555,20,0
부산광역시,해운대구,우제2동,우제2동제1투,3435,2586,656,1721,175,19,2,2573,13,849
부산광역시,해운대구,우제2동,우제2동제2투,3146,2327,672,1439,183,15,3,2312,15,819
부산광역시,해운대구,우제2동,우제2동제3투,2656,1871,411,1292,141,15,2,1861,10,785
부산광역시,해운대구,우제2동,우제2동제4투,2605,1925,430,1354,109,13,7,1913,12,680
부산광역시,해운대구,우제2동,우제2동제5투,2988,2278,580,1508,161,16,0,2265,13,710
부산광역시,해운대구,우제2동,우제2동제6투,2581,1878,386,1342,135,9,0,1872,6,703
부산광역시,해운대구,우제3동,관내사전투표,4440,4440,2142,1864,386,25,3,4420,20,0
부산광역시,해운대구,우제3동,우제3동제1투,2817,2003,368,1488,127,9,3,1995,8,814
부산광역시,해운대구,우제3동,우제3동제2투,2720,2113,397,1581,118,9,2,2107,6,607
부산광역시,해운대구,우제3동,우제3동제3투,2237,1654,219,1360,56,9,3,1647,7,583
부산광역시,해운대구,우제3동,우제3동제4투,3286,2236,322,1757,150,5,0,2234,2,1050
부산광역시,해운대구,우제3동,우제3동제5투,3000,2199,362,1628,192,11,0,2193,6,801
부산광역시,해운대구,우제3동,우제3동제6투,2400,1816,316,1334,150,11,1,1812,4,584
부산광역시,해운대구,중제1동,관내사전투표,4863,4863,2658,1764,372,38,5,4837,26,0
부산광역시,해운대구,중제1동,중제1동제1투,3630,2341,404,1780,138,11,1,2334,7,1289
부산광역시,해운대구,중제1동,중제1동제2투,3598,2476,622,1649,177,16,0,2464,12,1122
부산광역시,해운대구,중제1동,중제1동제3투,2715,1847,555,1108,156,14,1,1834,13,868
부산광역시,해운대구,중제1동,중제1동제4투,2930,1974,561,1244,134,16,0,1955,19,956
부산광역시,해운대구,중제1동,중제1동제5투,2922,1972,527,1268,145,16,0,1956,16,950
부산광역시,해운대구,중제2동,관내사전투표,2950,2950,1723,972,213,25,1,2934,16,0
부산광역시,해운대구,중제2동,중제2동제1투,947,576,145,394,29,6,0,574,2,371
부산광역시,해운대구,중제2동,중제2동제2투,2429,1496,431,949,86,14,1,1481,15,933
부산광역시,해운대구,중제2동,중제2동제3투,2509,1562,332,1122,90,11,0,1555,7,947
부산광역시,해운대구,중제2동,중제2동제4투,3170,2285,581,1516,165,11,1,2274,11,885
부산광역시,해운대구,좌제1동,관내사전투표,4269,4269,2517,1320,363,29,2,4231,38,0
부산광역시,해운대구,좌제1동,좌제1동제1투,2531,1481,367,938,146,11,5,1467,14,1050
부산광역시,해운대구,좌제1동,좌제1동제2투,2184,1609,456,1028,102,10,2,1598,11,575
부산광역시,해운대구,좌제1동,좌제1동제3투,2374,1785,567,1062,130,17,1,1777,8,589
부산광역시,해운대구,좌제1동,좌제1동제4투,2826,2167,619,1366,150,15,1,2151,16,659
부산광역시,해운대구,좌제2동,관내사전투표,5439,5439,3323,1685,355,43,5,5411,28,0
부산광역시,해운대구,좌제2동,좌제2동제1투,2803,1770,477,1129,132,10,1,1749,21,1033
부산광역시,해운대구,좌제2동,좌제2동제2투,3514,2122,540,1312,230,19,2,2103,19,1392
부산광역시,해운대구,좌제2동,좌제2동제3투,2536,1772,490,1126,128,12,1,1757,15,764
부산광역시,해운대구,좌제2동,좌제2동제4투,2261,1633,536,944,131,11,2,1624,9,628
부산광역시,해운대구,좌제2동,좌제2동제5투,2634,2011,617,1241,117,24,1,2000,11,623
부산광역시,해운대구,좌제2동,좌제2동제6투,2155,1595,470,990,107,15,1,1583,12,560
부산광역시,해운대구,좌제2동,좌제2동제7투,2119,1523,384,1036,84,12,1,1517,6,596
부산광역시,해운대구,좌제3동,관내사전투표,3653,3653,2205,1140,264,27,1,3637,16,0
부산광역시,해운대구,좌제3동,좌제3동제1투,2379,1667,477,1037,133,9,1,1657,10,712
부산광역시,해운대구,좌제3동,좌제3동제2투,1800,1273,367,816,67,11,3,1264,9,527
부산광역시,해운대구,좌제3동,좌제3동제3투,2073,1487,420,946,101,11,0,1478,9,586
부산광역시,해운대구,좌제3동,좌제3동제4투,2145,1549,368,1057,102,13,3,1543,6,596
부산광역시,해운대구,좌제4동,관내사전투표,5244,5244,3278,1505,373,52,3,5211,33,0
부산광역시,해운대구,좌제4동,좌제4동제1투,1894,1374,410,845,102,9,2,1368,6,520
부산광역시,해운대구,좌제4동,좌제4동제2투,1277,935,304,520,100,7,1,932,3,342
부산광역시,해운대구,좌제4동,좌제4동제3투,2191,1630,515,957,124,19,3,1618,12,561
부산광역시,해운대구,좌제4동,좌제4동제4투,2356,1767,481,1127,122,23,1,1754,13,589
부산광역시,해운대구,좌제4동,좌제4동제5투,2232,1799,548,1117,108,12,0,1785,14,433
부산광역시,해운대구,좌제4동,좌제4동제6투,2190,1697,506,1055,113,17,0,1691,6,493
부산광역시,해운대구,송정동,관내사전투표,1994,1994,1106,737,124,14,2,1983,11,0
부산광역시,해운대구,송정동,송정동제1투,1969,1111,238,778,78,3,3,1100,11,858
부산광역시,해운대구,송정동,송정동제2투,2373,1591,445,1058,75,6,2,1586,5,782
부산광역시,해운대구,송정동,송정동제3투,1480,1003,297,645,48,5,1,996,7,477
부산광역시,해운대구,반여제1동,관내사전투표,5123,5123,3187,1561,304,37,7,5096,27,0
부산광역시,해운대구,반여제1동,반여제1동제1투,1476,1024,288,672,51,8,0,1019,5,452
부산광역시,해운대구,반여제1동,반여제1동제2투,2373,1656,479,1045,101,16,1,1642,14,717
부산광역시,해운대구,반여제1동,반여제1동제3투,2302,1806,554,1101,109,26,3,1793,13,496
부산광역시,해운대구,반여제1동,반여제1동제4투,3084,2249,667,1352,200,18,2,2239,10,835
부산광역시,해운대구,반여제1동,반여제1동제5투,2367,1813,604,1065,114,21,1,1805,8,554
부산광역시,해운대구,반여제1동,반여제1동제6투,1962,1553,637,793,104,13,1,1548,5,409
부산광역시,해운대구,반여제1동,반여제1동제7투,2802,2123,779,1133,180,17,3,2112,11,679
부산광역시,해운대구,반여제1동,반여제1동제8투,2309,1803,577,1092,108,15,0,1792,11,506
부산광역시,해운대구,반여제1동,반여제1동제9투,2851,2255,860,1219,147,21,2,2249,6,596
부산광역시,해운대구,반여제2동,관내사전투표,2781,2781,1449,1174,117,17,4,2761,20,0
부산광역시,해운대구,반여제2동,반여제2동제1투,1952,1226,320,814,77,6,0,1217,9,726
부산광역시,해운대구,반여제2동,반여제2동제2투,1554,925,288,569,52,4,3,916,9,629
부산광역시,해운대구,반여제2동,반여제2동제3투,2209,1219,294,850,61,6,0,1211,8,990
부산광역시,해운대구,반여제2동,반여제2동제4투,1480,933,273,596,47,7,3,926,7,547
부산광역시,해운대구,반여제3동,관내사전투표,1788,1788,924,749,94,7,1,1775,13,0
부산광역시,해운대구,반여제3동,반여제3동제1투,1621,914,227,628,42,9,1,907,7,707
부산광역시,해운대구,반여제3동,반여제3동제2투,1445,857,228,567,45,11,1,852,5,588
부산광역시,해운대구,반여제3동,반여제3동제3투,1694,1001,263,677,41,7,1,989,12,693
부산광역시,해운대구,반여제4동,관내사전투표,2313,2313,1300,846,130,13,3,2292,21,0
부산광역시,해운대구,반여제4동,반여제4동제1투,1992,1362,402,856,79,9,5,1351,11,630
부산광역시,해운대구,반여제4동,반여제4동제2투,1847,1239,307,837,86,3,0,1233,6,608
부산광역시,해운대구,반여제4동,반여제4동제3투,2456,1983,774,1042,135,22,4,1977,6,473
부산광역시,해운대구,반여제4동,반여제4동제4투,2463,1933,696,1059,149,17,0,1921,12,530
부산광역시,해운대구,반송제1동,관내사전투표,3322,3322,1627,1503,147,21,2,3300,22,0
부산광역시,해운대구,반송제1동,반송제1동제1투,1134,619,173,418,25,1,0,617,2,515
부산광역시,해운대구,반송제1동,반송제1동제2투,1166,684,173,469,35,3,0,680,4,482
부산광역시,해운대구,반송제1동,반송제1동제3투,1092,657,192,420,37,3,1,653,4,435
부산광역시,해운대구,반송제1동,반송제1동제4투,1150,674,165,464,34,3,3,669,5,476
부산광역시,해운대구,반송제1동,반송제1동제5투,1287,703,181,482,31,4,0,698,5,584
부산광역시,해운대구,반송제1동,반송제1동제6투,1357,764,215,492,43,8,1,759,5,593
부산광역시,해운대구,반송제1동,반송제1동제7투,179,122,24,92,4,0,0,120,2,57
부산광역시,해운대구,반송제2동,관내사전투표,4758,4758,2475,2051,174,24,7,4731,27,0
부산광역시,해운대구,반송제2동,반송제2동제1투,1720,1168,281,828,47,5,1,1162,6,552
부산광역시,해운대구,반송제2동,반송제2동제2투,2092,1297,393,816,77,5,1,1292,5,795
부산광역시,해운대구,반송제2동,반송제2동제3투,1206,657,171,448,33,1,1,654,3,549
부산광역시,해운대구,반송제2동,반송제2동제4투,2332,1491,446,966,60,6,3,1481,10,841
부산광역시,해운대구,반송제2동,반송제2동제5투,2220,1477,407,980,74,5,3,1469,8,743
부산광역시,해운대구,반송제2동,반송제2동제6투,1381,822,200,581,22,5,2,810,12,559
부산광역시,해운대구,반송제2동,반송제2동제7투,1969,1245,393,762,69,12,3,1239,6,724
부산광역시,해운대구,재송제1동,관내사전투표,5090,5090,2845,1814,364,30,4,5057,33,0
부산광역시,해운대구,재송제1동,재송제1동제1투,2982,1841,452,1185,170,14,2,1823,18,1141
부산광역시,해운대구,재송제1동,재송제1동제2투,2626,1724,429,1149,111,21,2,1712,12,902
부산광역시,해운대구,재송제1동,재송제1동제3투,2222,1470,425,945,80,13,1,1464,6,752
부산광역시,해운대구,재송제1동,재송제1동제4투,3351,2610,1036,1325,220,16,0,2597,13,741
부산광역시,해운대구,재송제1동,재송제1동제5투,3745,2831,717,1809,261,28,0,2815,16,914
부산광역시,해운대구,재송제1동,재송제1동제6투,3394,2511,630,1600,251,19,1,2501,10,883
부산광역시,해운대구,재송제1동,재송제1동제7투,2212,1800,681,951,137,20,1,1790,10,412
부산광역시,해운대구,재송제2동,관내사전투표,3751,3751,2200,1302,191,28,2,3723,28,0
부산광역시,해운대구,재송제2동,재송제2동제1투,1820,1100,303,698,81,9,1,1092,8,720
부산광역시,해운대구,재송제2동,재송제2동제2투,1543,903,254,573,61,11,0,899,4,640
부산광역시,해운대구,재송제2동,재송제2동제3투,2064,1304,400,802,78,11,1,1292,12,760
부산광역시,해운대구,재송제2동,재송제2동제4투,1918,1297,382,806,85,9,4,1286,11,621
부산광역시,해운대구,재송제2동,재송제2동제5투,833,538,183,314,32,7,1,537,1,295
부산광역시,해운대구,재송제2동,재송제2동제6투,1434,884,262,560,53,3,0,878,6,550
부산광역시,해운대구,재송제2동,재송제2동제7투,2147,1428,454,865,90,9,2,1420,8,719
부산광역시,해운대구,재송제2동,재송제2동제8투,2060,1466,543,839,62,7,2,1453,13,594
부산광역시,기장군,거소·선상투표,,417,397,101,225,46,3,2,377,20,20
부산광역시,기장군,관외사전투표,,14111,14111,7360,4842,1652,125,19,13998,113,0
부산광역시,기장군,재외투표,,630,499,320,116,52,9,0,497,2,131
부산광역시,기장군,기장읍,관내사전투표,8467,8467,4683,3228,450,52,2,8415,52,0
부산광역시,기장군,기장읍,기장읍제1투,2564,1594,512,958,93,15,2,1580,14,970
부산광역시,기장군,기장읍,기장읍제2투,3143,2068,628,1270,133,22,0,2053,15,1075
부산광역시,기장군,기장읍,기장읍제3투,2831,1992,738,1072,145,19,4,1978,14,839
부산광역시,기장군,기장읍,기장읍제4투,3714,2264,680,1411,130,20,5,2246,18,1450
부산광역시,기장군,기장읍,기장읍제5투,2506,1572,485,978,90,10,1,1564,8,934
부산광역시,기장군,기장읍,기장읍제6투,3422,2018,591,1241,151,19,2,2004,14,1404
부산광역시,기장군,기장읍,기장읍제7투,3417,2395,627,1629,113,14,4,2387,8,1022
부산광역시,기장군,기장읍,기장읍제8투,2862,1620,469,984,141,10,1,1605,15,1242
부산광역시,기장군,기장읍,기장읍제9투,1386,865,200,641,17,2,1,861,4,521
부산광역시,기장군,기장읍,기장읍제10투,2099,1434,391,939,83,9,3,1425,9,665
부산광역시,기장군,기장읍,기장읍제11투,446,292,49,233,7,1,0,290,2,154
부산광역시,기장군,기장읍,기장읍제12투,649,613,3,608,0,0,0,611,2,36
부산광역시,기장군,기장읍,기장읍제13투,2232,1152,294,740,99,8,1,1142,10,1080
부산광역시,기장군,기장읍,기장읍제14투,1731,1304,434,776,68,13,0,1291,13,427
부산광역시,기장군,장안읍,관내사전투표,1904,1904,998,727,154,14,1,1894,10,0
부산광역시,기장군,장안읍,장안읍제1투,1274,823,134,637,44,3,1,819,4,451
부산광역시,기장군,장안읍,장안읍제2투,794,511,100,393,16,0,0,509,2,283
부산광역시,기장군,장안읍,장안읍제3투,648,389,94,269,18,0,1,382,7,259
부산광역시,기장군,장안읍,장안읍제4투,996,633,141,444,36,4,1,626,7,363
부산광역시,기장군,장안읍,장안읍제5투,1060,716,166,517,28,4,0,715,1,344
부산광역시,기장군,장안읍,장안읍제6투,853,723,192,391,126,3,1,713,10,130
부산광역시,기장군,정관읍,관내사전투표,11233,11233,7697,2726,690,67,4,11184,49,0
부산광역시,기장군,정관읍,정관읍제1투,3379,1908,727,970,183,8,3,1891,17,1471
부산광역시,기장군,정관읍,정관읍제2투,2536,1724,666,912,116,19,0,1713,11,812
부산광역시,기장군,정관읍,정관읍제3투,521,375,81,278,12,2,1,374,1,146
부산광역시,기장군,정관읍,정관읍제4투,3075,2268,1015,1042,174,24,3,2258,10,807
부산광역시,기장군,정관읍,정관읍제5투,3965,2878,1425,1192,210,27,3,2857,21,1087
부산광역시,기장군,정관읍,정관읍제6투,3160,2144,806,1180,131,10,1,2128,16,1016
부산광역시,기장군,정관읍,정관읍제7투,3125,2200,1103,889,177,19,2,2190,10,925
부산광역시,기장군,정관읍,정관읍제8투,3957,2950,1392,1289,212,37,3,2933,17,1007
부산광역시,기장군,정관읍,정관읍제9투,2582,1744,685,938,90,17,2,1732,12,838
부산광역시,기장군,정관읍,정관읍제10투,3365,2555,1239,1066,208,18,3,2534,21,810
부산광역시,기장군,정관읍,정관읍제11투,1871,1291,493,723,60,8,1,1285,6,580
부산광역시,기장군,정관읍,정관읍제12투,2128,1410,603,690,102,9,0,1404,6,718
부산광역시,기장군,정관읍,정관읍제13투,1884,1248,507,613,104,17,0,1241,7,636
부산광역시,기장군,정관읍,정관읍제14투,2146,1380,605,664,90,11,0,1370,10,766
부산광역시,기장군,정관읍,정관읍제15투,1981,1360,512,760,64,11,1,1348,12,621
부산광역시,기장군,정관읍,정관읍제16투,2685,1973,803,1021,116,19,2,1961,12,712
부산광역시,기장군,일광읍,관내사전투표,4573,4573,2551,1645,329,25,2,4552,21,0
부산광역시,기장군,일광읍,일광읍제1투,969,562,97,443,16,1,2,559,3,407
부산광역시,기장군,일광읍,일광읍제2투,1236,809,147,629,23,2,1,802,7,427
부산광역시,기장군,일광읍,일광읍제3투,381,273,46,205,17,2,0,270,3,108
부산광역시,기장군,일광읍,일광읍제4투,514,360,51,292,16,1,0,360,0,154
부산광역시,기장군,일광읍,일광읍제5투,2820,1903,446,1305,128,10,1,1890,13,917
부산광역시,기장군,일광읍,일광읍제6투,2744,2019,840,930,215,18,3,2006,13,725
부산광역시,기장군,일광읍,일광읍제7투,3203,2327,882,1199,211,19,4,2315,12,876
부산광역시,기장군,일광읍,일광읍제8투,2667,2060,785,1006,237,18,2,2048,12,607
부산광역시,기장군,일광읍,일광읍제9투,2597,1930,735,1009,159,15,3,1921,9,667
부산광역시,기장군,철마면,관내사전투표,887,887,480,356,40,6,2,884,3,0
부산광역시,기장군,철마면,철마면제1투,1039,689,99,558,18,4,4,683,6,350
부산광역시,기장군,철마면,철마면제2투,749,537,129,365,34,2,0,530,7,212
부산광역시,기장군,철마면,철마면제3투,3100,2177,705,1329,107,22,2,2165,12,923
부산광역시,사하구,거소·선상투표,,618,585,225,231,94,8,5,563,22,33
부산광역시,사하구,관외사전투표,,19681,19680,10506,6397,2359,165,23,19450,230,1
부산광역시,사하구,재외투표,,1128,898,612,167,97,11,0,887,11,230
부산광역시,사하구,괴정제1동,관내사전투표,3701,3701,2069,1399,184,27,2,3681,20,0
부산광역시,사하구,괴정제1동,괴정제1동제1투,1943,1281,329,882,58,7,0,1276,5,662
부산광역시,사하구,괴정제1동,괴정제1동제2투,2206,1468,340,1044,58,13,4,1459,9,738
부산광역시,사하구,괴정제1동,괴정제1동제3투,2448,1653,439,1097,104,6,3,1649,4,795
부산광역시,사하구,괴정제1동,괴정제1동제4투,1753,1219,333,776,85,11,2,1207,12,534
부산광역시,사하구,괴정제1동,괴정제1동제5투,2016,1373,436,854,68,7,2,1367,6,643
부산광역시,사하구,괴정제2동,관내사전투표,2254,2254,1341,791,100,11,1,2244,10,0
부산광역시,사하구,괴정제2동,괴정제2동제1투,1826,1182,342,773,48,7,0,1170,12,644
부산광역시,사하구,괴정제2동,괴정제2동제2투,3006,2179,766,1220,157,19,1,2163,16,827
부산광역시,사하구,괴정제2동,괴정제2동제3투,2291,1391,336,940,88,17,1,1382,9,900
부산광역시,사하구,괴정제2동,괴정제2동제4투,1776,1192,343,781,44,15,4,1187,5,584
부산광역시,사하구,괴정제3동,관내사전투표,2831,2831,1512,1164,128,16,2,2822,9,0
부산광역시,사하구,괴정제3동,괴정제3동제1투,2254,1422,373,932,89,12,2,1408,14,832
부산광역시,사하구,괴정제3동,괴정제3동제2투,2207,1457,361,991,86,8,1,1447,10,750
부산광역시,사하구,괴정제3동,괴정제3동제3투,2682,1793,513,1144,101,19,1,1778,15,889
부산광역시,사하구,괴정제4동,관내사전투표,2733,2733,1561,984,165,8,0,2718,15,0
부산광역시,사하구,괴정제4동,괴정제4동제1투,2280,1563,431,1021,90,6,2,1550,13,717
부산광역시,사하구,괴정제4동,괴정제4동제2투,2255,1557,467,970,103,10,0,1550,7,698
부산광역시,사하구,괴정제4동,괴정제4동제3투,1038,682,169,461,36,6,2,674,8,356
부산광역시,사하구,괴정제4동,괴정제4동제4투,2951,2161,792,1175,164,19,1,2151,10,790
부산광역시,사하구,당리동,관내사전투표,5064,5064,2882,1790,326,34,5,5037,27,0
부산광역시,사하구,당리동,당리동제1투,2857,2153,776,1201,140,15,1,2133,20,704
부산광역시,사하구,당리동,당리동제2투,2140,1482,429,943,85,15,1,1473,9,658
부산광역시,사하구,당리동,당리동제3투,1817,1223,314,833,59,8,2,1216,7,594
부산광역시,사하구,당리동,당리동제4투,2043,1335,382,856,71,15,0,1324,11,708
부산광역시,사하구,당리동,당리동제5투,1604,1075,308,682,67,9,2,1068,7,529
부산광역시,사하구,당리동,당리동제6투,1949,1392,402,888,89,6,1,1386,6,557
부산광역시,사하구,당리동,당리동제7투,1844,1287,354,836,80,6,0,1276,11,557
부산광역시,사하구,하단제1동,관내사전투표,4351,4351,2454,1450,388,37,5,4334,17,0
부산광역시,사하구,하단제1동,하단제1동제1투,2156,1393,368,899,98,11,2,1378,15,763
부산광역시,사하구,하단제1동,하단제1동제2투,2747,1581,453,941,159,11,3,1567,14,1166
부산광역시,사하구,하단제1동,하단제1동제3투,3187,1967,582,1167,183,17,0,1949,18,1220
부산광역시,사하구,하단제1동,하단제1동제4투,2823,2229,772,1287,135,21,2,2217,12,594
부산광역시,사하구,하단제1동,하단제1동제5투,2360,1854,626,1084,122,12,1,1845,9,506
부산광역시,사하구,하단제2동,관내사전투표,3609,3609,2108,1135,317,27,2,3589,20,0
부산광역시,사하구,하단제2동,하단제2동제1투,2673,1859,535,1178,115,19,3,1850,9,814
부산광역시,사하구,하단제2동,하단제2동제2투,3796,2446,671,1495,241,19,3,2429,17,1350
부산광역시,사하구,하단제2동,하단제2동제3투,3394,1996,552,1189,222,14,1,1978,18,1398
부산광역시,사하구,하단제2동,하단제2동제4투,3852,2631,752,1547,273,27,4,2603,28,1221
부산광역시,사하구,하단제2동,하단제2동제5투,2619,1878,615,1080,163,8,1,1867,11,741
부산광역시,사하구,신평제1동,관내사전투표,3580,3580,2069,1247,215,27,1,3559,21,0
부산광역시,사하구,신평제1동,신평제1동제1투,3294,2207,790,1240,142,21,2,2195,12,1087
부산광역시,사하구,신평제1동,신평제1동제2투,2067,1258,375,811,46,12,4,1248,10,809
부산광역시,사하구,신평제1동,신평제1동제3투,2038,1168,330,749,69,8,1,1157,11,870
부산광역시,사하구,신평제1동,신평제1동제4투,2121,1361,423,858,67,5,1,1354,7,760
부산광역시,사하구,신평제2동,관내사전투표,3902,3902,2324,1234,267,44,4,3873,29,0
부산광역시,사하구,신평제2동,신평제2동제1투,1959,1094,317,681,73,10,4,1085,9,865
부산광역시,사하구,신평제2동,신평제2동제2투,2755,2043,675,1203,129,23,2,2032,11,712
부산광역시,사하구,신평제2동,신평제2동제3투,2117,1498,497,846,130,10,1,1484,14,619
부산광역시,사하구,신평제2동,신평제2동제4투,3181,2258,793,1248,183,23,2,2249,9,923
부산광역시,사하구,장림제1동,관내사전투표,3322,3322,2010,1068,199,23,2,3302,20,0
부산광역시,사하구,장림제1동,장림제1동제1투,2909,1965,655,1093,181,18,2,1949,16,944
부산광역시,사하구,장림제1동,장림제1동제2투,1829,1029,282,675,54,5,1,1017,12,800
부산광역시,사하구,장림제1동,장림제1동제3투,3093,2176,983,1029,138,17,2,2169,7,917
부산광역시,사하구,장림제2동,관내사전투표,3629,3628,2150,1263,170,28,1,3612,16,1
부산광역시,사하구,장림제2동,장림제2동제1투,1944,1050,273,696,66,8,1,1044,6,894
부산광역시,사하구,장림제2동,장림제2동제2투,2413,1628,613,865,113,24,2,1617,11,785
부산광역시,사하구,장림제2동,장림제2동제3투,2541,1712,614,969,108,15,2,1708,4,829
부산광역시,사하구,장림제2동,장림제2동제4투,2481,1651,512,1026,90,13,1,1642,9,830
부산광역시,사하구,장림제2동,장림제2동제5투,3581,2392,845,1315,199,20,1,2380,12,1189
부산광역시,사하구,장림제2동,장림제2동제6투,3230,2183,847,1170,131,18,0,2166,17,1047
부산광역시,사하구,다대제1동,관내사전투표,5293,5293,3319,1636,281,33,4,5273,20,0
부산광역시,사하구,다대제1동,다대제1동제1투,2407,1579,469,987,107,10,2,1575,4,828
부산광역시,사하구,다대제1동,다대제1동제2투,2201,1401,399,890,89,13,0,1391,10,800
부산광역시,사하구,다대제1동,다대제1동제3투,1540,992,301,622,58,6,0,987,5,548
부산광역시,사하구,다대제1동,다대제1동제4투,2044,1521,559,865,82,6,1,1513,8,523
부산광역시,사하구,다대제1동,다대제1동제5투,2141,1448,519,836,77,11,0,1443,5,693
부산광역시,사하구,다대제1동,다대제1동제6투,1661,1025,440,509,53,10,2,1014,11,636
부산광역시,사하구,다대제1동,다대제1동제7투,2352,1773,571,1075,109,10,2,1767,6,579
부산광역시,사하구,다대제1동,다대제1동제8투,2674,1690,536,1054,82,8,0,1680,10,984
부산광역시,사하구,다대제1동,다대제1동제9투,3099,2289,944,1155,156,12,5,2272,17,810
부산광역시,사하구,다대제1동,다대제1동제10투,2428,1886,827,928,108,9,4,1876,10,542
부산광역시,사하구,다대제2동,관내사전투표,5088,5088,2959,1774,296,31,1,5061,27,0
부산광역시,사하구,다대제2동,다대제2동제1투,1865,1422,527,779,89,16,4,1415,7,443
부산광역시,사하구,다대제2동,다대제2동제2투,2020,1582,518,940,99,13,0,1570,12,438
부산광역시,사하구,다대제2동,다대제2동제3투,2093,1367,358,920,63,15,2,1358,9,726
부산광역시,사하구,다대제2동,다대제2동제4투,2109,1393,495,804,73,8,2,1382,11,716
부산광역시,사하구,다대제2동,다대제2동제5투,3072,2129,632,1319,152,18,0,2121,8,943
부산광역시,사하구,다대제2동,다대제2동제6투,2591,1890,605,1132,131,13,1,1882,8,701
부산광역시,사하구,다대제2동,다대제2동제7투,1858,1102,294,746,35,9,3,1087,15,756
부산광역시,사하구,구평동,관내사전투표,2181,2181,1364,656,125,16,4,2165,16,0
부산광역시,사하구,구평동,구평동제1투,1586,1175,479,605,76,5,1,1166,9,411
부산광역시,사하구,구평동,구평동제2투,1733,1119,283,769,50,8,1,1111,8,614
부산광역시,사하구,구평동,구평동제3투,209,130,27,95,4,3,0,129,1,79
부산광역시,사하구,구평동,구평동제4투,3597,2416,877,1284,206,30,1,2398,18,1181
부산광역시,사하구,감천제1동,관내사전투표,3202,3202,1794,1208,151,27,4,3184,18,0
부산광역시,사하구,감천제1동,감천제1동제1투,1814,1082,288,724,49,10,2,1073,9,732
부산광역시,사하구,감천제1동,감천제1동제2투,1658,1019,260,698,46,7,2,1013,6,639
부산광역시,사하구,감천제1동,감천제1동제3투,1596,950,281,606,46,6,2,941,9,646
부산광역시,사하구,감천제1동,감천제1동제4투,1604,1229,481,656,67,9,4,1217,12,375
부산광역시,사하구,감천제1동,감천제1동제5투,1985,1396,463,820,84,14,2,1383,13,589
부산광역시,사하구,감천제1동,감천제1동제6투,2027,1454,428,941,68,7,1,1445,9,573
부산광역시,사하구,감천제2동,관내사전투표,776,776,381,353,27,5,2,768,8,0
부산광역시,사하구,감천제2동,감천제2동제1투,1312,700,181,477,31,4,2,695,5,612
부산광역시,사하구,감천제2동,감천제2동제2투,1184,735,196,501,25,3,3,728,7,449
부산광역시,사하구,감천제2동,감천제2동제3투,846,478,141,317,10,2,2,472,6,368
부산광역시,금정구,거소·선상투표,,382,354,128,148,60,2,2,340,14,28
부산광역시,금정구,관외사전투표,,16316,16316,8392,5445,2111,191,16,16155,161,0
부산광역시,금정구,재외투표,,1199,979,634,231,98,9,0,972,7,220
부산광역시,금정구,서제1동,관내사전투표,923,923,469,411,26,9,2,917,6,0
부산광역시,금정구,서제1동,서제1동제1투,1910,1188,278,843,45,8,3,1177,11,722
부산광역시,금정구,서제1동,서제1동제2투,895,562,166,353,33,2,0,554,8,333
부산광역시,금정구,서제2동,관내사전투표,1664,1664,784,783,80,9,0,1656,8,0
부산광역시,금정구,서제2동,서제2동제1투,1799,1237,366,796,60,6,0,1228,9,562
부산광역시,금정구,서제2동,서제2동제2투,1617,1009,222,732,43,4,1,1002,7,608
부산광역시,금정구,서제2동,서제2동제3투,1774,1109,305,730,59,8,1,1103,6,665
부산광역시,금정구,서제3동,관내사전투표,2426,2426,1154,1177,74,8,2,2415,11,0
부산광역시,금정구,서제3동,서제3동제1투,1584,973,231,695,32,8,2,968,5,611
부산광역시,금정구,서제3동,서제3동제2투,1551,988,265,647,67,4,1,984,4,563
부산광역시,금정구,서제3동,서제3동제3투,2913,1713,369,1238,81,12,2,1702,11,1200
부산광역시,금정구,금사회동동,관내사전투표,1913,1913,917,887,83,13,3,1903,10,0
부산광역시,금정구,금사회동동,금사회동동제1투,1287,783,174,568,34,4,1,781,2,504
부산광역시,금정구,금사회동동,금사회동동제2투,1694,1054,250,739,54,2,1,1046,8,640
부산광역시,금정구,금사회동동,금사회동동제3투,1328,891,217,611,47,7,1,883,8,437
부산광역시,금정구,부곡제1동,관내사전투표,2392,2392,1217,1011,125,20,3,2376,16,0
부산광역시,금정구,부곡제1동,부곡제1동제1투,3061,1920,390,1397,111,16,0,1914,6,1141
부산광역시,금정구,부곡제1동,부곡제1동제2투,1288,836,230,578,20,5,0,833,3,452
부산광역시,금정구,부곡제2동,관내사전투표,3112,3112,1714,1118,228,32,3,3095,17,0
부산광역시,금정구,부곡제2동,부곡제2동제1투,1448,973,285,609,69,5,1,969,4,475
부산광역시,금정구,부곡제2동,부곡제2동제2투,2374,1571,361,1065,122,11,3,1562,9,803
부산광역시,금정구,부곡제2동,부곡제2동제3투,3187,2265,626,1419,176,22,4,2247,18,922
부산광역시,금정구,부곡제2동,부곡제2동제4투,2908,2358,774,1406,149,18,1,2348,10,550
부산광역시,금정구,부곡제3동,관내사전투표,4351,4351,2457,1452,363,46,2,4320,31,0
부산광역시,금정구,부곡제3동,부곡제3동제1투,786,551,140,373,33,2,0,548,3,235
부산광역시,금정구,부곡제3동,부곡제3동제2투,1672,1054,244,714,70,17,2,1047,7,618
부산광역시,금정구,부곡제3동,부곡제3동제3투,3471,2498,621,1658,171,33,1,2484,14,973
부산광역시,금정구,부곡제3동,부곡제3동제4투,2621,2044,586,1299,127,18,1,2031,13,577
부산광역시,금정구,부곡제4동,관내사전투표,2966,2966,1495,1235,195,22,4,2951,15,0
부산광역시,금정구,부곡제4동,부곡제4동제1투,2250,1497,350,1002,119,13,3,1487,10,753
부산광역시,금정구,부곡제4동,부곡제4동제2투,1764,1239,293,853,80,5,1,1232,7,525
부산광역시,금정구,부곡제4동,부곡제4동제3투,1113,682,157,493,24,5,1,680,2,431
부산광역시,금정구,부곡제4동,부곡제4동제4투,1603,1056,256,722,65,8,0,1051,5,547
부산광역시,금정구,장전제1동,관내사전투표,4323,4323,2136,1212,863,62,6,4279,44,0
부산광역시,금정구,장전제1동,장전제1동제1투,2626,1770,418,1012,298,19,2,1749,21,856
부산광역시,금정구,장전제1동,장전제1동제2투,3318,2338,477,1353,459,20,2,2311,27,980
부산광역시,금정구,장전제1동,장전제1동제3투,1932,1284,294,838,134,5,0,1271,13,648
부산광역시,금정구,장전제1동,장전제1동제4투,2330,1732,560,980,157,23,3,1723,9,598
부산광역시,금정구,장전제2동,관내사전투표,4174,4174,2347,1400,364,30,3,4144,30,0
부산광역시,금정구,장전제2동,장전제2동제1투,1538,864,185,601,63,7,2,858,6,674
부산광역시,금정구,장전제2동,장전제2동제2투,2904,2039,487,1375,148,15,0,2025,14,865
부산광역시,금정구,장전제2동,장전제2동제3투,2502,1866,623,1059,150,22,0,1854,12,636
부산광역시,금정구,장전제2동,장전제2동제4투,1608,1042,202,712,111,8,2,1035,7,566
부산광역시,금정구,장전제2동,장전제2동제5투,2869,1802,471,1110,188,19,3,1791,11,1067
부산광역시,금정구,장전제2동,장전제2동제6투,2931,2433,818,1385,196,25,0,2424,9,498
부산광역시,금정구,선두구동,관내사전투표,861,861,449,376,27,6,0,858,3,0
부산광역시,금정구,선두구동,선두구동투표소,1193,820,111,664,37,3,0,815,5,373
부산광역시,금정구,청룡노포동,관내사전투표,2354,2354,1176,1032,115,19,2,2344,10,0
부산광역시,금정구,청룡노포동,청룡노포동제1투,2271,1584,412,1068,88,7,0,1575,9,687
부산광역시,금정구,청룡노포동,청룡노포동제2투,2504,1694,281,1319,78,7,1,1686,8,810
부산광역시,금정구,청룡노포동,청룡노포동제3투,463,329,53,260,11,4,0,328,1,134
부산광역시,금정구,남산동,관내사전투표,4662,4662,2385,1933,270,36,3,4627,35,0
부산광역시,금정구,남산동,남산동제1투,1918,1262,314,856,69,11,0,1250,12,656
부산광역시,금정구,남산동,남산동제2투,2109,1359,361,901,74,15,0,1351,8,750
부산광역시,금정구,남산동,남산동제3투,2332,1603,441,1015,126,12,1,1595,8,729
부산광역시,금정구,남산동,남산동제4투,2616,1756,402,1191,127,16,3,1739,17,860
부산광역시,금정구,남산동,남산동제5투,2476,1678,460,1095,102,12,0,1669,9,798
부산광역시,금정구,남산동,남산동제6투,3019,1889,454,1303,105,16,2,1880,9,1130
부산광역시,금정구,남산동,남산동제7투,1638,1170,315,767,65,17,0,1164,6,468
부산광역시,금정구,구서제1동,관내사전투표,4813,4813,2621,1779,351,43,4,4798,15,0
부산광역시,금정구,구서제1동,구서제1동제1투,2512,1758,462,1130,135,16,2,1745,13,754
부산광역시,금정구,구서제1동,구서제1동제2투,2993,1938,498,1258,156,15,1,1928,10,1055
부산광역시,금정구,구서제1동,구서제1동제3투,2309,1761,444,1177,121,15,1,1758,3,548
부산광역시,금정구,구서제1동,구서제1동제4투,2021,1456,419,943,73,14,0,1449,7,565
부산광역시,금정구,구서제2동,관내사전투표,5206,5206,2966,1820,346,38,1,5171,35,0
부산광역시,금정구,구서제2동,구서제2동제1투,2658,1872,520,1182,128,21,1,1852,20,786
부산광역시,금정구,구서제2동,구서제2동제2투,2410,1726,421,1173,111,13,2,1720,6,684
부산광역시,금정구,구서제2동,구서제2동제3투,2564,1655,413,1130,99,9,0,1651,4,909
부산광역시,금정구,구서제2동,구서제2동제4투,2307,1692,394,1170,103,17,0,1684,8,615
부산광역시,금정구,구서제2동,구서제2동제5투,2482,1876,509,1213,129,14,1,1866,10,606
부산광역시,금정구,구서제2동,구서제2동제6투,2946,2462,812,1446,173,21,0,2452,10,484
부산광역시,금정구,구서제2동,구서제2동제7투,3193,2601,655,1723,185,27,0,2590,11,592
부산광역시,금정구,금성동,관내사전투표,226,226,112,100,10,3,0,225,1,0
부산광역시,금정구,금성동,금성동투표소,495,338,75,238,20,0,1,334,4,157
부산광역시,강서구,거소·선상투표,,186,175,73,65,32,1,0,171,4,11
부산광역시,강서구,관외사전투표,,10622,10622,5548,3663,1218,80,13,10522,100,0
부산광역시,강서구,재외투표,,623,483,323,103,44,11,1,482,1,140
부산광역시,강서구,대저1동,관내사전투표,1086,1086,558,451,58,6,3,1076,10,0
부산광역시,강서구,대저1동,대저1동제1투,885,616,140,445,26,4,0,615,1,269
부산광역시,강서구,대저1동,대저1동제2투,699,466,98,347,12,5,1,463,3,233
부산광역시,강서구,대저1동,대저1동제3투,804,545,127,385,28,4,0,544,1,259
부산광역시,강서구,대저1동,대저1동제4투,637,432,117,295,15,1,1,429,3,205
부산광역시,강서구,대저1동,대저1동제5투,661,435,119,296,18,1,0,434,1,226
부산광역시,강서구,대저2동,관내사전투표,1372,1372,727,493,134,5,1,1360,12,0
부산광역시,강서구,대저2동,대저2동제1투,1355,948,290,541,105,5,0,941,7,407
부산광역시,강서구,대저2동,대저2동제2투,859,612,147,433,25,1,0,606,6,247
부산광역시,강서구,대저2동,대저2동제3투,1426,916,177,685,38,8,0,908,8,510
부산광역시,강서구,강동동,관내사전투표,904,904,450,400,50,0,1,901,3,0
부산광역시,강서구,강동동,강동동제1투,629,415,100,290,20,1,1,412,3,214
부산광역시,강서구,강동동,강동동제2투,1589,1183,543,487,130,10,2,1172,11,406
부산광역시,강서구,강동동,강동동제3투,1764,1185,262,873,39,6,1,1181,4,579
부산광역시,강서구,명지1동,관내사전투표,7795,7795,5134,1864,679,72,5,7754,41,0
부산광역시,강서구,명지1동,명지1동제1투,2400,1510,403,993,84,13,4,1497,13,890
부산광역시,강서구,명지1동,명지1동제2투,3596,2652,1132,1201,270,26,5,2634,18,944
부산광역시,강서구,명지1동,명지1동제3투,3995,2924,1162,1471,247,25,6,2911,13,1071
부산광역시,강서구,명지1동,명지1동제4투,3483,2676,1173,1240,216,29,3,2661,15,807
부산광역시,강서구,명지1동,명지1동제5투,3049,2268,877,1158,207,12,1,2255,13,781
부산광역시,강서구,명지1동,명지1동제6투,2969,2323,1081,1040,168,21,3,2313,10,646
부산광역시,강서구,명지1동,명지1동제7투,3069,2290,990,1031,223,25,3,2272,18,779
부산광역시,강서구,명지1동,명지1동제8투,2117,1689,669,827,161,18,2,1677,12,428
부산광역시,강서구,명지1동,명지1동제9투,3841,2626,989,1263,334,19,2,2607,19,1215
부산광역시,강서구,명지2동,관내사전투표,5293,5293,3531,1298,386,50,4,5269,24,0
부산광역시,강서구,명지2동,명지2동제1투,2938,2084,765,1133,162,15,0,2075,9,854
부산광역시,강서구,명지2동,명지2동제2투,1506,1109,437,577,76,12,1,1103,6,397
부산광역시,강서구,명지2동,명지2동제3투,1452,1018,450,485,64,14,1,1014,4,434
부산광역시,강서구,명지2동,명지2동제4투,1786,1452,579,698,160,10,1,1448,4,334
부산광역시,강서구,명지2동,명지2동제5투,1818,1430,526,795,89,11,0,1421,9,388
부산광역시,강서구,명지2동,명지2동제6투,1820,1456,551,773,115,8,0,1447,9,364
부산광역시,강서구,명지2동,명지2동제7투,1848,1459,351,995,98,8,1,1453,6,389
부산광역시,강서구,명지2동,명지2동제8투,1769,1322,567,640,89,15,2,1313,9,447
부산광역시,강서구,가락동,관내사전투표,548,548,297,224,21,4,1,547,1,0
부산광역시,강서구,가락동,가락동제1투,672,438,82,338,15,1,0,436,2,234
부산광역시,강서구,가락동,가락동제2투,545,364,64,283,9,5,0,361,3,181
부산광역시,강서구,녹산동,관내사전투표,1527,1527,965,444,102,8,2,1521,6,0
부산광역시,강서구,녹산동,녹산동제1투,978,552,106,388,50,3,1,548,4,426
부산광역시,강서구,녹산동,녹산동제2투,1604,947,282,587,64,5,0,938,9,657
부산광역시,강서구,녹산동,녹산동제3투,955,556,150,370,31,2,2,555,1,399
부산광역시,강서구,녹산동,녹산동제4투,3548,2366,1160,993,177,18,1,2349,17,1182
부산광역시,강서구,녹산동,녹산동제5투,2504,1777,784,838,113,23,2,1760,17,727
부산광역시,강서구,녹산동,녹산동제6투,1743,1231,476,632,105,8,2,1223,8,512
부산광역시,강서구,신호동,관내사전투표,3264,3264,2101,858,255,28,1,3243,21,0
부산광역시,강서구,신호동,신호동제1투,2878,1636,528,945,146,7,0,1626,10,1242
부산광역시,강서구,신호동,신호동제2투,2920,1967,894,925,118,16,2,1955,12,953
부산광역시,강서구,신호동,신호동제3투,3108,2037,775,1112,119,21,1,2028,9,1071
부산광역시,강서구,가덕도동,관내사전투표,803,803,414,334,49,3,0,800,3,0
부산광역시,강서구,가덕도동,가덕도동제1투,1103,659,153,462,36,3,1,655,4,444
부산광역시,강서구,가덕도동,가덕도동제2투,819,530,103,403,15,3,1,525,5,289
부산광역시,강서구,가덕도동,가덕도동제3투,454,284,80,195,9,0,0,284,0,170
부산광역시,연제구,거소·선상투표,,368,355,143,147,50,2,0,342,13,13
부산광역시,연제구,관외사전투표,,19350,19348,10348,6153,2408,220,22,19151,197,2
부산광역시,연제구,재외투표,,933,773,511,153,92,12,0,768,5,160
부산광역시,연제구,거제제1동,관내사전투표,3472,3472,2147,996,270,40,3,3456,16,0
부산광역시,연제구,거제제1동,거제제1동제1투,2490,1916,641,1127,121,14,2,1905,11,574
부산광역시,연제구,거제제1동,거제제1동제2투,2875,2242,670,1412,132,14,0,2228,14,633
부산광역시,연제구,거제제1동,거제제1동제3투,1939,1441,377,955,90,11,3,1436,5,498
부산광역시,연제구,거제제1동,거제제1동제4투,2062,1622,567,890,139,14,0,1610,12,440
부산광역시,연제구,거제제1동,거제제1동제5투,2425,1951,619,1122,176,25,1,1943,8,474
부산광역시,연제구,거제제1동,거제제1동제6투,2143,1533,430,932,152,11,2,1527,6,610
부산광역시,연제구,거제제1동,거제제1동제7투,2462,2029,593,1258,154,12,1,2018,11,433
부산광역시,연제구,거제제2동,관내사전투표,3284,3284,1928,1023,291,25,1,3268,16,0
부산광역시,연제구,거제제2동,거제제2동제1투,1850,1371,380,870,103,13,0,1366,5,479
부산광역시,연제구,거제제2동,거제제2동제2투,2292,1772,600,967,177,12,2,1758,14,520
부산광역시,연제구,거제제2동,거제제2동제3투,1601,1236,320,828,68,11,4,1231,5,365
부산광역시,연제구,거제제2동,거제제2동제4투,1162,878,277,530,63,6,0,876,2,284
부산광역시,연제구,거제제2동,거제제2동제5투,2973,2304,908,1132,237,17,0,2294,10,669
부산광역시,연제구,거제제2동,거제제2동제6투,3543,2740,986,1398,301,36,1,2722,18,803
부산광역시,연제구,거제제3동,관내사전투표,2198,2198,1186,888,95,20,2,2191,7,0
부산광역시,연제구,거제제3동,거제제3동제1투,2046,1422,389,922,93,7,0,1411,11,624
부산광역시,연제구,거제제3동,거제제3동제2투,1782,1218,275,860,74,4,2,1215,3,564
부산광역시,연제구,거제제3동,거제제3동제3투,1915,1384,336,953,73,13,1,1376,8,531
부산광역시,연제구,거제제4동,관내사전투표,1719,1719,993,599,106,10,0,1708,11,0
부산광역시,연제구,거제제4동,거제제4동제1투,2096,1390,325,978,68,6,1,1378,12,706
부산광역시,연제구,거제제4동,거제제4동제2투,1584,1138,373,679,63,11,1,1127,11,446
부산광역시,연제구,거제제4동,거제제4동제3투,1850,1332,364,877,72,10,1,1324,8,518
부산광역시,연제구,연산제1동,관내사전투표,3292,3292,1831,1212,209,20,4,3276,16,0
부산광역시,연제구,연산제1동,연산제1동제1투,2023,1379,337,944,69,13,1,1364,15,644
부산광역시,연제구,연산제1동,연산제1동제2투,2632,1893,578,1128,155,17,4,1882,11,739
부산광역시,연제구,연산제1동,연산제1동제3투,1861,1168,276,815,58,9,3,1161,7,693
부산광역시,연제구,연산제1동,연산제1동제4투,2574,2072,615,1299,127,21,4,2066,6,502
부산광역시,연제구,연산제2동,관내사전투표,4121,4121,2414,1273,362,35,3,4087,34,0
부산광역시,연제구,연산제2동,연산제2동제1투,3546,2517,730,1522,220,22,1,2495,22,1029
부산광역시,연제구,연산제2동,연산제2동제2투,2340,1870,609,1064,166,18,3,1860,10,470
부산광역시,연제구,연산제2동,연산제2동제3투,2781,1780,487,1140,125,15,1,1768,12,1001
부산광역시,연제구,연산제2동,연산제2동제4투,2759,2111,716,1226,134,20,3,2099,12,648
부산광역시,연제구,연산제2동,연산제2동제5투,1807,1536,500,867,147,10,2,1526,10,271
부산광역시,연제구,연산제3동,관내사전투표,1900,1900,1037,752,82,17,1,1889,11,0
부산광역시,연제구,연산제3동,연산제3동제1투,1490,978,233,693,39,4,1,970,8,512
부산광역시,연제구,연산제3동,연산제3동제2투,1777,1167,303,792,61,9,0,1165,2,610
부산광역시,연제구,연산제3동,연산제3동제3투,2942,2268,800,1251,180,23,4,2258,10,674
부산광역시,연제구,연산제4동,관내사전투표,3285,3285,1762,1305,175,25,3,3270,15,0
부산광역시,연제구,연산제4동,연산제4동제1투,1560,1193,346,763,65,9,1,1184,9,367
부산광역시,연제구,연산제4동,연산제4동제2투,2154,1367,292,967,81,15,1,1356,11,787
부산광역시,연제구,연산제4동,연산제4동제3투,2405,1544,387,1061,72,8,2,1530,14,861
부산광역시,연제구,연산제4동,연산제4동제4투,2595,1808,548,1082,146,17,1,1794,14,787
부산광역시,연제구,연산제4동,연산제4동제5투,1994,1256,402,712,119,6,3,1242,14,738
부산광역시,연제구,연산제5동,관내사전투표,3382,3382,1923,1068,326,28,5,3350,32,0
부산광역시,연제구,연산제5동,연산제5동제1투,2715,1644,357,1131,124,14,0,1626,18,1071
부산광역시,연제구,연산제5동,연산제5동제2투,2933,1770,455,1093,177,24,3,1752,18,1163
부산광역시,연제구,연산제5동,연산제5동제3투,2492,1455,386,905,141,7,2,1441,14,1037
부산광역시,연제구,연산제5동,연산제5동제4투,2816,1905,534,1150,180,21,1,1886,19,911
부산광역시,연제구,연산제6동,관내사전투표,2070,2070,1147,786,109,16,1,2059,11,0
부산광역시,연제구,연산제6동,연산제6동제1투,1766,1187,305,809,55,10,0,1179,8,579
부산광역시,연제구,연산제6동,연산제6동제2투,2244,1480,367,1020,74,9,1,1471,9,764
부산광역시,연제구,연산제6동,연산제6동제3투,2524,1545,396,1069,63,9,2,1539,6,979
부산광역시,연제구,연산제6동,연산제6동제4투,1710,1225,351,783,73,6,2,1215,10,485
부산광역시,연제구,연산제6동,연산제6동제5투,1650,1358,558,670,105,14,1,1348,10,292
부산광역시,연제구,연산제8동,관내사전투표,2324,2324,1285,888,124,10,1,2308,16,0
부산광역시,연제구,연산제8동,연산제8동제1투,1719,1043,245,739,40,6,0,1030,13,676
부산광역시,연제구,연산제8동,연산제8동제2투,1852,1293,367,837,62,14,1,1281,12,559
부산광역시,연제구,연산제8동,연산제8동제3투,1335,846,223,570,44,4,1,842,4,489
부산광역시,연제구,연산제8동,연산제8동제4투,2910,2389,948,1217,195,17,0,2377,12,521
부산광역시,연제구,연산제9동,관내사전투표,4018,4018,2416,1298,237,35,2,3988,30,0
부산광역시,연제구,연산제9동,연산제9동제1투,2834,2034,555,1306,135,21,2,2019,15,800
부산광역시,연제구,연산제9동,연산제9동제2투,2203,1531,431,988,89,9,3,1520,11,672
부산광역시,연제구,연산제9동,연산제9동제3투,2390,1780,589,1040,130,18,0,1777,3,610
부산광역시,연제구,연산제9동,연산제9동제4투,2764,2018,584,1277,124,12,8,2005,13,746
부산광역시,연제구,연산제9동,연산제9동제5투,2023,1284,316,888,68,5,2,1279,5,739
부산광역시,연제구,연산제9동,연산제9동제6투,1601,987,248,664,51,14,1,978,9,614
부산광역시,연제구,연산제9동,연산제9동제7투,2570,1910,624,1150,107,17,1,1899,11,660
부산광역시,연제구,연산제9동,연산제9동제8투,1087,915,233,616,58,5,0,912,3,172
부산광역시,연제구,연산제9동,연산제9동제9투,2724,2059,734,1115,179,18,1,2047,12,665
부산광역시,수영구,거소·선상투표,,316,293,98,121,62,1,0,282,11,23
부산광역시,수영구,관외사전투표,,15588,15588,8120,5248,1883,177,22,15450,138,0
부산광역시,수영구,재외투표,,1032,824,528,193,83,17,1,822,2,208
부산광역시,수영구,남천제1동,관내사전투표,2494,2494,1499,786,174,23,0,2482,12,0
부산광역시,수영구,남천제1동,남천제1동제1투,1788,1156,240,826,74,7,0,1147,9,632
부산광역시,수영구,남천제1동,남천제1동제2투,2616,1896,460,1293,125,7,1,1886,10,720
부산광역시,수영구,남천제1동,남천제1동제3투,3426,2557,811,1516,183,33,1,2544,13,869
부산광역시,수영구,남천제1동,남천제1동제4투,2124,1334,319,900,90,12,3,1324,10,790
부산광역시,수영구,남천제2동,관내사전투표,2776,2776,1578,956,201,26,0,2761,15,0
부산광역시,수영구,남천제2동,남천제2동제1투,2200,1485,338,1041,90,8,4,1481,4,715
부산광역시,수영구,남천제2동,남천제2동제2투,2393,1640,350,1190,84,12,0,1636,4,753
부산광역시,수영구,남천제2동,남천제2동제3투,3352,2601,486,1911,175,15,1,2588,13,751
부산광역시,수영구,수영동,관내사전투표,1691,1691,906,686,81,13,0,1686,5,0
부산광역시,수영구,수영동,수영동제1투,2474,1526,366,1043,95,10,4,1518,8,948
부산광역시,수영구,수영동,수영동제2투,2512,1685,403,1141,106,16,1,1667,18,827
부산광역시,수영구,수영동,수영동제3투,2337,1751,416,1231,82,9,0,1738,13,586
부산광역시,수영구,수영동,수영동제4투,2084,1612,422,1074,101,5,1,1603,9,472
부산광역시,수영구,망미제1동,관내사전투표,4557,4557,2542,1666,266,44,1,4519,38,0
부산광역시,수영구,망미제1동,망미제1동제1투,2685,1847,397,1306,114,16,0,1833,14,838
부산광역시,수영구,망미제1동,망미제1동제2투,1891,1366,331,954,62,9,0,1356,10,525
부산광역시,수영구,망미제1동,망미제1동제3투,2499,1758,491,1152,91,12,0,1746,12,741
부산광역시,수영구,망미제1동,망미제1동제4투,2006,1360,370,886,80,13,0,1349,11,646
부산광역시,수영구,망미제1동,망미제1동제5투,1468,992,223,704,47,10,1,985,7,476
부산광역시,수영구,망미제1동,망미제1동제6투,3094,2231,636,1397,168,11,1,2213,18,863
부산광역시,수영구,망미제1동,망미제1동제7투,1893,1309,348,877,62,13,0,1300,9,584
부산광역시,수영구,망미제2동,관내사전투표,1617,1617,908,589,97,13,2,1609,8,0
부산광역시,수영구,망미제2동,망미제2동제1투,1457,969,265,656,40,3,0,964,5,488
부산광역시,수영구,망미제2동,망미제2동제2투,2569,2004,738,1127,111,18,1,1995,9,565
부산광역시,수영구,망미제2동,망미제2동제3투,2248,1560,405,1055,76,10,2,1548,12,688
부산광역시,수영구,광안제1동,관내사전투표,4596,4596,2601,1540,370,39,6,4556,40,0
부산광역시,수영구,광안제1동,광안제1동제1투,3586,2118,514,1366,198,17,4,2099,19,1468
부산광역시,수영구,광안제1동,광안제1동제2투,2624,1861,562,1149,118,18,3,1850,11,763
부산광역시,수영구,광안제1동,광안제1동제3투,2620,1961,551,1223,149,17,2,1942,19,659
부산광역시,수영구,광안제1동,광안제1동제4투,3680,2339,596,1413,261,36,2,2308,31,1341
부산광역시,수영구,광안제1동,광안제1동제5투,3190,1928,519,1170,190,23,5,1907,21,1262
부산광역시,수영구,광안제2동,관내사전투표,4051,4051,2241,1441,297,39,1,4019,32,0
부산광역시,수영구,광안제2동,광안제2동제1투,3177,2023,493,1357,139,18,2,2009,14,1154
부산광역시,수영구,광안제2동,광안제2동제2투,2693,1581,380,1041,137,13,2,1573,8,1112
부산광역시,수영구,광안제2동,광안제2동제3투,2510,1633,432,1051,117,14,1,1615,18,877
부산광역시,수영구,광안제2동,광안제2동제4투,2454,1561,420,1001,114,10,2,1547,14,893
부산광역시,수영구,광안제3동,관내사전투표,2602,2602,1421,902,227,21,3,2574,28,0
부산광역시,수영구,광안제3동,광안제3동제1투,3277,1882,457,1181,198,22,1,1859,23,1395
부산광역시,수영구,광안제3동,광안제3동제2투,1772,1121,227,794,81,13,0,1115,6,651
부산광역시,수영구,광안제3동,광안제3동제3투,943,653,151,463,29,3,1,647,6,290
부산광역시,수영구,광안제4동,관내사전투표,2600,2600,1521,866,169,25,1,2582,18,0
부산광역시,수영구,광안제4동,광안제4동제1투,2891,1787,437,1179,131,19,3,1769,18,1104
부산광역시,수영구,광안제4동,광안제4동제2투,2621,1790,454,1167,134,27,0,1782,8,831
부산광역시,수영구,광안제4동,광안제4동제3투,2004,1420,472,827,89,14,0,1402,18,584
부산광역시,수영구,민락동,관내사전투표,4273,4273,2310,1645,255,29,3,4242,31,0
부산광역시,수영구,민락동,민락동제1투,2216,1307,282,921,82,6,0,1291,16,909
부산광역시,수영구,민락동,민락동제2투,2282,1285,310,863,85,17,0,1275,10,997
부산광역시,수영구,민락동,민락동제3투,3265,2064,520,1369,150,10,1,2050,14,1201
부산광역시,수영구,민락동,민락동제4투,2477,1612,396,1079,112,15,2,1604,8,865
부산광역시,수영구,민락동,민락동제5투,2702,2105,594,1380,115,6,1,2096,9,597
부산광역시,수영구,민락동,민락동제6투,3376,2699,703,1756,207,15,1,2682,17,677
부산광역시,사상구,거소·선상투표,,386,370,146,138,60,1,1,346,24,16
부산광역시,사상구,관외사전투표,,14430,14429,7683,4670,1768,135,18,14274,155,1
부산광역시,사상구,재외투표,,619,511,360,99,39,8,0,506,5,108
부산광역시,사상구,삼락동,관내사전투표,1733,1733,951,680,80,13,1,1725,8,0
부산광역시,사상구,삼락동,삼락동제1투,594,407,110,278,15,1,1,405,2,187
부산광역시,사상구,삼락동,삼락동제2투,1254,715,236,437,32,6,1,712,3,539
부산광역시,사상구,삼락동,삼락동제3투,1247,769,245,463,45,6,2,761,8,478
부산광역시,사상구,모라제1동,관내사전투표,5570,5570,3103,2139,248,41,7,5538,32,0
부산광역시,사상구,모라제1동,모라제1동제1투,2373,1568,474,957,104,18,2,1555,13,805
부산광역시,사상구,모라제1동,모라제1동제2투,2308,1729,561,1018,117,15,3,1714,15,579
부산광역시,사상구,모라제1동,모라제1동제3투,2524,1650,477,1044,97,14,1,1633,17,874
부산광역시,사상구,모라제1동,모라제1동제4투,2598,1838,636,1069,106,17,2,1830,8,760
부산광역시,사상구,모라제1동,모라제1동제5투,1876,1280,340,853,68,12,1,1274,6,596
부산광역시,사상구,모라제1동,모라제1동제6투,2326,1492,435,939,100,7,1,1482,10,834
부산광역시,사상구,모라제1동,모라제1동제7투,1979,1257,336,827,74,5,1,1243,14,722
부산광역시,사상구,모라제3동,관내사전투표,2512,2512,1281,1109,76,21,3,2490,22,0
부산광역시,사상구,모라제3동,모라제3동제1투,1614,995,278,640,56,13,2,989,6,619
부산광역시,사상구,모라제3동,모라제3동제2투,1151,646,158,453,24,3,0,638,8,505
부산광역시,사상구,모라제3동,모라제3동제3투,1349,800,243,526,22,6,0,797,3,549
부산광역시,사상구,모라제3동,모라제3동제4투,1554,1045,348,627,53,10,1,1039,6,509
부산광역시,사상구,덕포제1동,관내사전투표,2622,2622,1500,874,204,22,2,2602,20,0
부산광역시,사상구,덕포제1동,덕포제1동제1투,2759,1944,619,1082,206,20,5,1932,12,815
부산광역시,사상구,덕포제1동,덕포제1동제2투,1503,897,260,584,34,9,3,890,7,606
부산광역시,사상구,덕포제1동,덕포제1동제3투,2702,1828,638,1034,127,15,1,1815,13,874
부산광역시,사상구,덕포제2동,관내사전투표,2013,2013,1140,727,121,13,4,2005,8,0
부산광역시,사상구,덕포제2동,덕포제2동제1투,1440,934,267,598,53,8,1,927,7,506
부산광역시,사상구,덕포제2동,덕포제2동제2투,1651,1168,377,705,73,3,1,1159,9,483
부산광역시,사상구,덕포제2동,덕포제2동제3투,2295,1628,542,976,92,11,3,1624,4,667
부산광역시,사상구,덕포제2동,덕포제2동제4투,2213,1621,585,905,97,18,5,1610,11,592
부산광역시,사상구,괘법동,관내사전투표,3576,3576,1985,1208,338,23,4,3558,18,0
부산광역시,사상구,괘법동,괘법동제1투,3897,2366,661,1370,291,19,2,2343,23,1531
부산광역시,사상구,괘법동,괘법동제2투,2468,1523,486,875,132,15,4,1512,11,945
부산광역시,사상구,괘법동,괘법동제3투,4227,2562,784,1505,225,20,3,2537,25,1665
부산광역시,사상구,괘법동,괘법동제4투,3842,2757,913,1606,196,24,0,2739,18,1085
부산광역시,사상구,괘법동,괘법동제5투,2417,1740,580,1021,114,18,0,1733,7,677
부산광역시,사상구,감전동,관내사전투표,1894,1894,1025,701,140,17,3,1886,8,0
부산광역시,사상구,감전동,감전동제1투,2661,1632,464,1049,94,13,5,1625,7,1029
부산광역시,사상구,감전동,감전동제2투,2012,1312,362,864,64,8,1,1299,13,700
부산광역시,사상구,감전동,감전동제3투,1945,1276,427,780,53,6,0,1266,10,669
부산광역시,사상구,감전동,감전동제4투,1581,1078,314,691,52,10,0,1067,11,503
부산광역시,사상구,주례제1동,관내사전투표,2646,2646,1502,934,174,21,1,2632,14,0
부산광역시,사상구,주례제1동,주례제1동제1투,2378,1594,519,903,149,10,3,1584,10,784
부산광역시,사상구,주례제1동,주례제1동제2투,2789,2037,701,1182,124,17,0,2024,13,752
부산광역시,사상구,주례제1동,주례제1동제3투,2588,1916,631,1138,119,11,3,1902,14,672
부산광역시,사상구,주례제1동,주례제1동제4투,2303,1608,503,971,109,15,0,1598,10,695
부산광역시,사상구,주례제2동,관내사전투표,2501,2501,1369,847,237,27,1,2481,20,0
부산광역시,사상구,주례제2동,주례제2동제1투,1934,1106,316,644,118,16,1,1095,11,828
부산광역시,사상구,주례제2동,주례제2동제2투,2429,1406,354,861,168,14,3,1400,6,1023
부산광역시,사상구,주례제2동,주례제2동제3투,1580,1020,261,652,89,7,2,1011,9,560
부산광역시,사상구,주례제2동,주례제2동제4투,939,584,171,372,31,6,0,580,4,355
부산광역시,사상구,주례제2동,주례제2동제5투,2190,1709,627,935,123,14,1,1700,9,481
부산광역시,사상구,주례제2동,주례제2동제6투,2390,1850,690,1018,116,11,1,1836,14,540
부산광역시,사상구,주례제2동,주례제2동제7투,2695,2150,818,1179,122,15,1,2135,15,545
부산광역시,사상구,주례제3동,관내사전투표,2868,2868,1576,1102,153,22,5,2858,10,0
부산광역시,사상구,주례제3동,주례제3동제1투,1508,946,265,622,42,7,0,936,10,562
부산광역시,사상구,주례제3동,주례제3동제2투,2365,1698,445,1094,128,19,1,1687,11,667
부산광역시,사상구,주례제3동,주례제3동제3투,1726,1244,383,760,83,10,1,1237,7,482
부산광역시,사상구,주례제3동,주례제3동제4투,1299,849,222,559,51,7,3,842,7,450
부산광역시,사상구,학장동,관내사전투표,3600,3600,2124,1242,194,20,7,3587,13,0
부산광역시,사상구,학장동,학장동제1투,1959,1394,472,815,84,7,2,1380,14,565
부산광역시,사상구,학장동,학장동제2투,1293,740,204,495,30,5,1,735,5,553
부산광역시,사상구,학장동,학장동제3투,3055,2280,874,1210,153,25,3,2265,15,775
부산광역시,사상구,학장동,학장동제4투,1857,1329,471,758,76,13,3,1321,8,528
부산광역시,사상구,학장동,학장동제5투,2258,1587,476,973,109,14,0,1572,15,671
부산광역시,사상구,학장동,학장동제6투,1636,992,302,619,56,6,0,983,9,644
부산광역시,사상구,학장동,학장동제7투,2216,1660,609,941,81,20,0,1651,9,556
부산광역시,사상구,학장동,학장동제8투,2918,2238,878,1179,143,17,6,2223,15,680
부산광역시,사상구,엄궁동,관내사전투표,4456,4456,2596,1555,240,26,10,4427,29,0
부산광역시,사상구,엄궁동,엄궁동제1투,1976,1342,479,750,87,11,5,1332,10,634
부산광역시,사상구,엄궁동,엄궁동제2투,1088,661,171,443,37,4,1,656,5,427
부산광역시,사상구,엄궁동,엄궁동제3투,2134,1450,403,923,98,13,0,1437,13,684
부산광역시,사상구,엄궁동,엄궁동제4투,1103,740,235,435,59,4,0,733,7,363
부산광역시,사상구,엄궁동,엄궁동제5투,2978,2305,948,1148,157,30,3,2286,19,673
부산광역시,사상구,엄궁동,엄궁동제6투,2135,1624,630,838,118,23,3,1612,12,511
부산광역시,사상구,엄궁동,엄궁동제7투,2846,2218,752,1278,149,26,3,2208,10,628
대구광역시,중구,거소·선상투표,,127,121,34,67,16,1,0,118,3,6
대구광역시,중구,관외사전투표,,8229,8225,2921,3811,1311,90,11,8144,81,4
대구광역시,중구,재외투표,,455,330,172,106,44,6,0,328,2,125
대구광역시,중구,동인동,관내사전투표,1355,1355,495,683,158,6,2,1344,11,0
대구광역시,중구,동인동,동인동제1투,1857,1190,146,946,78,6,1,1177,13,667
대구광역시,중구,동인동,동인동제2투,2304,1603,224,1227,129,16,1,1597,6,701
대구광역시,중구,동인동,동인동제3투,2465,1810,291,1274,212,17,1,1795,15,655
대구광역시,중구,삼덕동,관내사전투표,1148,1148,469,499,155,16,0,1139,9,0
대구광역시,중구,삼덕동,삼덕동제1투,2197,1578,238,1148,170,11,2,1569,9,619
대구광역시,중구,삼덕동,삼덕동제2투,2289,1454,224,1056,147,16,1,1444,10,835
대구광역시,중구,성내1동,관내사전투표,737,737,285,332,110,4,1,732,5,0
대구광역시,중구,성내1동,성내1동제1투,2277,1331,165,1009,134,12,1,1321,10,946
대구광역시,중구,성내1동,성내1동제2투,1303,869,104,670,79,7,1,861,8,434
대구광역시,중구,성내2동,관내사전투표,1484,1484,559,701,180,19,2,1461,23,0
대구광역시,중구,성내2동,성내2동제1투,2014,1343,198,997,134,10,0,1339,4,671
대구광역시,중구,성내2동,성내2동제2투,3102,2250,419,1542,250,18,2,2231,19,852
대구광역시,중구,성내3동,관내사전투표,1874,1874,754,884,218,8,1,1865,9,0
대구광역시,중구,성내3동,성내3동제1투,3208,2488,432,1786,237,15,1,2471,17,720
대구광역시,중구,성내3동,성내3동제2투,2024,1584,253,1152,161,9,3,1578,6,440
대구광역시,중구,성내3동,성내3동제3투,2329,1790,387,1171,215,11,0,1784,6,539
대구광역시,중구,대신동,관내사전투표,1611,1611,583,860,142,14,0,1599,12,0
대구광역시,중구,대신동,대신동제1투,2794,2174,334,1645,151,19,1,2150,24,620
대구광역시,중구,대신동,대신동제2투,1560,1150,130,952,53,7,0,1142,8,410
대구광역시,중구,남산1동,관내사전투표,731,731,297,365,52,10,1,725,6,0
대구광역시,중구,남산1동,남산1동제1투,1595,1094,162,821,90,16,0,1089,5,501
대구광역시,중구,남산1동,남산1동제2투,1673,1202,194,877,103,13,1,1188,14,471
대구광역시,중구,남산2동,관내사전투표,1117,1117,445,530,130,5,1,1111,6,0
대구광역시,중구,남산2동,남산2동제1투,2020,1488,211,1149,108,11,1,1480,8,532
대구광역시,중구,남산2동,남산2동제2투,2194,1703,336,1153,184,18,4,1695,8,491
대구광역시,중구,남산3동,관내사전투표,1006,1006,424,494,74,7,0,999,7,0
대구광역시,중구,남산3동,남산3동제1투,2162,1651,288,1213,133,13,0,1647,4,511
대구광역시,중구,남산3동,남산3동제2투,1422,963,121,774,49,10,1,955,8,459
대구광역시,중구,남산4동,관내사전투표,2200,2200,859,1098,199,27,2,2185,15,0
대구광역시,중구,남산4동,남산4동제1투,3315,2383,393,1795,172,15,0,2375,8,932
대구광역시,중구,남산4동,남산4동제2투,3364,2673,463,1975,203,13,1,2655,18,691
대구광역시,중구,남산4동,남산4동제3투,3123,2463,443,1789,187,22,0,2441,22,660
대구광역시,중구,대봉1동,관내사전투표,1136,1136,432,533,144,15,5,1129,7,0
대구광역시,중구,대봉1동,대봉1동제1투,2281,1685,197,1330,136,13,0,1676,9,596
대구광역시,중구,대봉1동,대봉1동제2투,2452,1831,255,1429,128,13,0,1825,6,621
대구광역시,중구,대봉2동,관내사전투표,1204,1203,521,549,117,8,0,1195,8,1
대구광역시,중구,대봉2동,대봉2동제1투,2409,1837,315,1359,148,7,1,1830,7,572
대구광역시,중구,대봉2동,대봉2동제2투,1034,821,143,572,93,6,2,816,5,213
대구광역시,동구,거소·선상투표,,544,504,121,251,81,7,4,464,40,40
대구광역시,동구,관외사전투표,,24102,24098,8689,11363,3528,257,28,23865,233,4
대구광역시,동구,재외투표,,1151,912,533,248,111,14,0,906,6,239
대구광역시,동구,신암1동,관내사전투표,1909,1909,629,1095,154,15,1,1894,15,0
대구광역시,동구,신암1동,신암1동제1투,2240,1547,238,1152,141,6,2,1539,8,693
대구광역시,동구,신암1동,신암1동제2투,1928,1441,185,1172,65,7,0,1429,12,487
대구광역시,동구,신암1동,신암1동제3투,2693,2069,396,1454,184,23,2,2059,10,624
대구광역시,동구,신암2동,관내사전투표,2306,2306,823,1232,205,27,0,2287,19,0
대구광역시,동구,신암2동,신암2동제1투,2043,1530,216,1204,82,19,2,1523,7,513
대구광역시,동구,신암2동,신암2동제2투,2912,2228,454,1523,226,11,3,2217,11,684
대구광역시,동구,신암2동,신암2동제3투,2067,1616,259,1237,97,9,0,1602,14,451
대구광역시,동구,신암3동,관내사전투표,2057,2057,726,1078,221,13,0,2038,19,0
대구광역시,동구,신암3동,신암3동제1투,2662,1944,363,1373,182,10,1,1929,15,718
대구광역시,동구,신암3동,신암3동제2투,3683,2724,445,2013,234,13,3,2708,16,959
대구광역시,동구,신암4동,관내사전투표,2566,2566,900,1392,244,16,1,2553,13,0
대구광역시,동구,신암4동,신암4동제1투,2491,1470,194,1169,89,10,3,1465,5,1021
대구광역시,동구,신암4동,신암4동제2투,3266,2443,423,1788,198,15,4,2428,15,823
대구광역시,동구,신암4동,신암4동제3투,3926,2760,462,2021,229,19,2,2733,27,1166
대구광역시,동구,신암4동,신암4동제4투,2242,1778,357,1217,175,17,2,1768,10,464
대구광역시,동구,신암5동,관내사전투표,2351,2351,824,1310,178,19,2,2333,18,0
대구광역시,동구,신암5동,신암5동제1투,2703,2078,360,1527,156,17,1,2061,17,625
대구광역시,동구,신암5동,신암5동제2투,2244,1553,194,1277,69,8,0,1548,5,691
대구광역시,동구,신천1·2동,관내사전투표,1682,1682,604,964,95,11,0,1674,8,0
대구광역시,동구,신천1·2동,신천1·2동제1투,1862,1427,243,1084,78,10,3,1418,9,435
대구광역시,동구,신천1·2동,신천1·2동제2투,1808,1338,196,1034,87,9,3,1329,9,470
대구광역시,동구,신천1·2동,신천1·2동제3투,1544,1085,128,884,55,9,1,1077,8,459
대구광역시,동구,신천1·2동,신천1·2동제4투,2565,2071,373,1510,150,22,1,2056,15,494
대구광역시,동구,신천3동,관내사전투표,2598,2598,1031,1234,290,28,2,2585,13,0
대구광역시,동구,신천3동,신천3동제1투,3167,2355,428,1670,225,16,1,2340,15,812
대구광역시,동구,신천3동,신천3동제2투,3042,2330,489,1625,184,17,3,2318,12,712
대구광역시,동구,신천3동,신천3동제3투,2361,1782,233,1419,106,15,0,1773,9,579
대구광역시,동구,신천4동,관내사전투표,1906,1906,730,886,249,22,4,1891,15,0
대구광역시,동구,신천4동,신천4동제1투,2749,2109,323,1555,202,14,1,2095,14,640
대구광역시,동구,신천4동,신천4동제2투,2100,1360,229,987,125,7,2,1350,10,740
대구광역시,동구,신천4동,신천4동제3투,1832,1290,182,1027,65,6,1,1281,9,542
대구광역시,동구,효목1동,관내사전투표,1370,1370,439,850,72,4,1,1366,4,0
대구광역시,동구,효목1동,효목1동제1투,1432,1003,150,787,45,11,0,993,10,429
대구광역시,동구,효목1동,효목1동제2투,1518,1124,143,927,39,6,0,1115,9,394
대구광역시,동구,효목1동,효목1동제3투,1482,985,131,803,42,4,0,980,5,497
대구광역시,동구,효목1동,효목1동제4투,2330,1785,242,1402,119,9,0,1772,13,545
대구광역시,동구,효목1동,효목1동제5투,1649,1092,132,893,51,3,2,1081,11,557
대구광역시,동구,효목2동,관내사전투표,2241,2241,828,1224,160,11,1,2224,17,0
대구광역시,동구,효목2동,효목2동제1투,1658,1194,188,908,84,8,0,1188,6,464
대구광역시,동구,효목2동,효목2동제2투,2045,1339,163,1078,86,5,0,1332,7,706
대구광역시,동구,효목2동,효목2동제3투,1129,786,89,660,31,3,1,784,2,343
대구광역시,동구,효목2동,효목2동제4투,1796,1396,244,1005,126,11,1,1387,9,400
대구광역시,동구,효목2동,효목2동제5투,2736,2154,398,1589,143,11,1,2142,12,582
대구광역시,동구,도평동,관내사전투표,848,848,305,463,67,8,0,843,5,0
대구광역시,동구,도평동,도평동제1투,1516,1063,123,893,40,1,0,1057,6,453
대구광역시,동구,도평동,도평동제2투,749,523,53,431,34,3,0,521,2,226
대구광역시,동구,불로·봉무동,관내사전투표,2254,2254,831,1236,161,10,1,2239,15,0
대구광역시,동구,불로·봉무동,불로·봉무동제1투,1871,1300,165,1054,62,7,1,1289,11,571
대구광역시,동구,불로·봉무동,불로·봉무동제2투,3492,2656,468,1988,165,17,1,2639,17,836
대구광역시,동구,불로·봉무동,불로·봉무동제3투,1759,1165,126,977,52,6,0,1161,4,594
대구광역시,동구,불로·봉무동,불로·봉무동제4투,2899,2384,613,1550,187,22,3,2375,9,515
대구광역시,동구,불로·봉무동,불로·봉무동제5투,2550,2098,443,1461,167,18,0,2089,9,452
대구광역시,동구,지저동,관내사전투표,2250,2250,743,1343,143,10,2,2241,9,0
대구광역시,동구,지저동,지저동제1투,2417,1727,198,1413,87,14,2,1714,13,690
대구광역시,동구,지저동,지저동제2투,2246,1509,152,1270,70,12,0,1504,5,737
대구광역시,동구,지저동,지저동제3투,2150,1562,193,1272,75,9,2,1551,11,588
대구광역시,동구,지저동,지저동제4투,2006,1496,239,1152,88,9,1,1489,7,510
대구광역시,동구,동촌동,관내사전투표,2608,2608,890,1487,195,12,1,2585,23,0
대구광역시,동구,동촌동,동촌동제1투,2324,1518,185,1247,76,7,0,1515,3,806
대구광역시,동구,동촌동,동촌동제2투,2315,1521,197,1221,90,4,1,1513,8,794
대구광역시,동구,동촌동,동촌동제3투,2597,1967,314,1516,113,9,3,1955,12,630
대구광역시,동구,동촌동,동촌동제4투,2336,1549,237,1208,89,8,0,1542,7,787
대구광역시,동구,방촌동,관내사전투표,2874,2874,939,1674,227,20,4,2864,10,0
대구광역시,동구,방촌동,방촌동제1투,1968,1514,201,1201,82,12,0,1496,18,454
대구광역시,동구,방촌동,방촌동제2투,2216,1537,185,1244,81,10,2,1522,15,679
대구광역시,동구,방촌동,방촌동제3투,1753,1213,156,951,91,7,2,1207,6,540
대구광역시,동구,방촌동,방촌동제4투,2355,1933,297,1522,100,4,1,1924,9,422
대구광역시,동구,방촌동,방촌동제5투,1814,1462,239,1107,87,18,2,1453,9,352
대구광역시,동구,방촌동,방촌동제6투,1595,1198,165,966,52,0,0,1183,15,397
대구광역시,동구,해안동,관내사전투표,2663,2663,789,1602,243,11,4,2649,14,0
대구광역시,동구,해안동,해안동제1투,2376,1557,217,1248,72,11,2,1550,7,819
대구광역시,동구,해안동,해안동제2투,2135,1491,214,1188,76,7,1,1486,5,644
대구광역시,동구,해안동,해안동제3투,1774,1183,144,961,64,6,2,1177,6,591
대구광역시,동구,해안동,해안동제4투,1119,799,110,615,72,1,0,798,1,320
대구광역시,동구,해안동,해안동제5투,1710,1211,126,993,77,9,0,1205,6,499
대구광역시,동구,안심1동,관내사전투표,4956,4956,1879,2637,366,31,4,4917,39,0
대구광역시,동구,안심1동,안심1동제1투,2351,1531,200,1236,72,9,1,1518,13,820
대구광역시,동구,안심1동,안심1동제2투,1662,1088,183,809,79,4,2,1077,11,574
대구광역시,동구,안심1동,안심1동제3투,2619,1650,266,1241,117,13,1,1638,12,969
대구광역시,동구,안심1동,안심1동제4투,2429,1682,269,1290,91,12,1,1663,19,747
대구광역시,동구,안심1동,안심1동제5투,2245,1547,314,1118,84,11,2,1529,18,698
대구광역시,동구,안심1동,안심1동제6투,1918,1360,241,1028,72,7,4,1352,8,558
대구광역시,동구,안심1동,안심1동제7투,2599,1989,403,1459,103,14,1,1980,9,610
대구광역시,동구,안심1동,안심1동제8투,3106,2335,572,1573,148,26,2,2321,14,771
대구광역시,동구,안심1동,안심1동제9투,3020,2424,596,1590,193,30,2,2411,13,596
대구광역시,동구,안심1동,안심1동제10투,3163,2480,569,1648,230,17,1,2465,15,683
대구광역시,동구,안심2동,관내사전투표,2150,2150,835,1112,175,15,2,2139,11,0
대구광역시,동구,안심2동,안심2동제1투,2798,1995,335,1475,164,13,3,1990,5,803
대구광역시,동구,안심2동,안심2동제2투,2276,1750,231,1396,107,11,0,1745,5,526
대구광역시,동구,안심2동,안심2동제3투,2837,2012,324,1546,124,6,3,2003,9,825
대구광역시,동구,안심2동,안심2동제4투,2873,2200,468,1478,212,24,3,2185,15,673
대구광역시,동구,안심3동,관내사전투표,4275,4275,1856,1903,430,56,4,4249,26,0
대구광역시,동구,안심3동,안심3동제1투,2166,1594,329,1054,179,19,2,1583,11,572
대구광역시,동구,안심3동,안심3동제2투,2973,2254,503,1517,190,23,4,2237,17,719
대구광역시,동구,안심3동,안심3동제3투,2329,1771,446,1144,152,20,1,1763,8,558
대구광역시,동구,안심3동,안심3동제4투,2393,1831,509,1161,138,12,2,1822,9,562
대구광역시,동구,안심3동,안심3동제5투,1760,1301,220,948,114,8,0,1290,11,459
대구광역시,동구,안심4동,관내사전투표,2378,2378,918,1221,193,17,3,2352,26,0
대구광역시,동구,안심4동,안심4동제1투,2121,1439,259,1080,86,7,1,1433,6,682
대구광역시,동구,안심4동,안심4동제2투,2353,1535,218,1170,118,16,2,1524,11,818
대구광역시,동구,안심4동,안심4동제3투,2068,1506,250,1121,105,12,1,1489,17,562
대구광역시,동구,안심4동,안심4동제4투,2230,1723,349,1240,117,7,0,1713,10,507
대구광역시,동구,안심4동,안심4동제5투,2898,2159,497,1464,170,18,0,2149,10,739
대구광역시,동구,안심4동,안심4동제6투,2715,1925,285,1514,104,8,1,1912,13,790
대구광역시,동구,안심4동,안심4동제7투,2742,2209,417,1568,193,13,1,2192,17,533
대구광역시,동구,혁신동,관내사전투표,3701,3701,1864,1317,410,48,5,3644,57,0
대구광역시,동구,혁신동,혁신동제1투,2392,1832,607,1024,169,20,3,1823,9,560
대구광역시,동구,혁신동,혁신동제2투,2475,1698,375,1129,170,7,2,1683,15,777
대구광역시,동구,혁신동,혁신동제3투,2114,1663,448,994,185,17,2,1646,17,451
대구광역시,동구,혁신동,혁신동제4투,2422,1809,500,1127,146,26,3,1802,7,613
대구광역시,동구,공산동,관내사전투표,2932,2932,1144,1544,202,19,3,2912,20,0
대구광역시,동구,공산동,공산동제1투,1998,1361,134,1171,45,3,2,1355,6,637
대구광역시,동구,공산동,공산동제2투,2539,1833,224,1505,84,11,3,1827,6,706
대구광역시,동구,공산동,공산동제3투,2648,1975,317,1522,111,13,0,1963,12,673
대구광역시,동구,공산동,공산동제4투,1314,840,63,747,24,3,1,838,2,474
대구광역시,동구,공산동,공산동제5투,2307,1797,378,1264,128,18,1,1789,8,510
대구광역시,동구,공산동,공산동제6투,2647,2069,515,1360,166,22,1,2064,5,578
대구광역시,서구,거소·선상투표,,193,178,34,106,31,0,0,171,7,15
대구광역시,서구,관외사전투표,,10676,10675,3404,5720,1326,109,16,10575,100,1
대구광역시,서구,재외투표,,426,323,194,83,40,4,0,321,2,103
대구광역시,서구,내당1동,관내사전투표,1778,1778,561,1045,144,15,3,1768,10,0
대구광역시,서구,내당1동,내당1동제1투,2849,1999,231,1632,107,12,4,1986,13,850
대구광역시,서구,내당1동,내당1동제2투,2992,2019,334,1481,176,14,3,2008,11,973
대구광역시,서구,내당2·3동,관내사전투표,1219,1219,315,811,72,6,5,1209,10,0
대구광역시,서구,내당2·3동,내당2·3동제1투,2067,1422,165,1169,73,6,2,1415,7,645
대구광역시,서구,내당2·3동,내당2·3동제2투,1828,1259,139,1048,50,12,0,1249,10,569
대구광역시,서구,내당2·3동,내당2·3동제3투,1883,1322,167,1069,68,7,3,1314,8,561
대구광역시,서구,내당4동,관내사전투표,2441,2441,665,1558,184,11,0,2418,23,0
대구광역시,서구,내당4동,내당4동제1투,1677,1093,159,843,76,7,0,1085,8,584
대구광역시,서구,내당4동,내당4동제2투,2129,1568,220,1234,93,9,2,1558,10,561
대구광역시,서구,내당4동,내당4동제3투,2378,1782,269,1396,98,9,0,1772,10,596
대구광역시,서구,내당4동,내당4동제4투,1762,1247,162,1001,67,6,2,1238,9,515
대구광역시,서구,내당4동,내당4동제5투,1954,1331,179,1061,81,4,1,1326,5,623
대구광역시,서구,비산1동,관내사전투표,1586,1586,364,1126,81,3,2,1576,10,0
대구광역시,서구,비산1동,비산1동제1투,1581,1051,111,879,50,4,0,1044,7,530
대구광역시,서구,비산1동,비산1동제2투,1440,901,111,743,40,3,0,897,4,539
대구광역시,서구,비산1동,비산1동제3투,1338,913,137,729,36,5,0,907,6,425
대구광역시,서구,비산1동,비산1동제4투,1289,875,115,723,28,5,0,871,4,414
대구광역시,서구,비산2·3동,관내사전투표,1160,1160,266,807,65,9,2,1149,11,0
대구광역시,서구,비산2·3동,비산2·3동제1투,1931,1384,174,1128,72,5,0,1379,5,547
대구광역시,서구,비산2·3동,비산2·3동제2투,1958,1307,131,1110,47,8,2,1298,9,651
대구광역시,서구,비산2·3동,비산2·3동제3투,1788,1119,126,932,47,6,2,1113,6,669
대구광역시,서구,비산4동,관내사전투표,1278,1278,383,800,75,4,4,1266,12,0
대구광역시,서구,비산4동,비산4동제1투,2057,1401,179,1148,59,5,1,1392,9,656
대구광역시,서구,비산4동,비산4동제2투,1926,1292,148,1056,62,7,1,1274,18,634
대구광역시,서구,비산4동,비산4동제3투,2265,1689,215,1378,78,6,0,1677,12,576
대구광역시,서구,비산5동,관내사전투표,1259,1259,287,908,50,7,0,1252,7,0
대구광역시,서구,비산5동,비산5동제1투,1508,1002,102,845,43,6,1,997,5,506
대구광역시,서구,비산5동,비산5동제2투,1756,1142,141,940,45,9,2,1137,5,614
대구광역시,서구,비산6동,관내사전투표,1430,1429,363,968,75,9,0,1415,14,1
대구광역시,서구,비산6동,비산6동제1투,2295,1571,194,1275,77,8,5,1559,12,724
대구광역시,서구,비산6동,비산6동제2투,2268,1601,191,1322,64,8,1,1586,15,667
대구광역시,서구,비산7동,관내사전투표,1082,1082,266,756,46,4,2,1074,8,0
대구광역시,서구,비산7동,비산7동제1투,1493,888,97,741,42,5,0,885,3,605
대구광역시,서구,비산7동,비산7동제2투,1559,1132,136,941,46,4,0,1127,5,427
대구광역시,서구,비산7동,비산7동제3투,1736,1106,143,890,59,7,4,1103,3,630
대구광역시,서구,비산7동,비산7동제4투,1376,998,125,828,30,6,1,990,8,378
대구광역시,서구,평리1동,관내사전투표,1244,1244,316,851,65,7,0,1239,5,0
대구광역시,서구,평리1동,평리1동제1투,2872,1900,263,1529,83,7,1,1883,17,972
대구광역시,서구,평리1동,평리1동제2투,1644,1112,142,900,53,3,1,1099,13,532
대구광역시,서구,평리2동,관내사전투표,1685,1685,562,988,121,7,0,1678,7,0
대구광역시,서구,평리2동,평리2동제1투,2743,2014,309,1571,114,7,1,2002,12,729
대구광역시,서구,평리2동,평리2동제2투,1791,1203,162,983,44,7,1,1197,6,588
대구광역시,서구,평리3동,관내사전투표,1810,1810,540,1101,133,19,3,1796,14,0
대구광역시,서구,평리3동,평리3동제1투,1306,894,122,726,36,4,1,889,5,412
대구광역시,서구,평리3동,평리3동제2투,1854,1209,140,997,58,4,0,1199,10,645
대구광역시,서구,평리3동,평리3동제3투,1684,1174,121,995,45,3,1,1165,9,510
대구광역시,서구,평리3동,평리3동제4투,3279,2481,444,1777,221,16,3,2461,20,798
대구광역시,서구,평리4동,관내사전투표,2374,2374,761,1431,156,13,1,2362,12,0
대구광역시,서구,평리4동,평리4동제1투,3018,2220,343,1693,155,16,1,2208,12,798
대구광역시,서구,평리4동,평리4동제2투,2278,1481,172,1214,78,6,0,1470,11,797
대구광역시,서구,평리4동,평리4동제3투,2554,1840,218,1486,112,11,1,1828,12,714
대구광역시,서구,평리4동,평리4동제4투,2783,1945,245,1568,102,14,1,1930,15,838
대구광역시,서구,평리5동,관내사전투표,1633,1633,621,786,192,16,2,1617,16,0
대구광역시,서구,평리5동,평리5동제1투,3059,2308,419,1652,206,11,5,2293,15,751
대구광역시,서구,평리5동,평리5동제2투,2804,2169,411,1482,247,11,4,2155,14,635
대구광역시,서구,평리6동,관내사전투표,936,936,296,568,70,0,1,935,1,0
대구광역시,서구,평리6동,평리6동투표소,3508,2477,355,1927,159,16,4,2461,16,1031
대구광역시,서구,상중이동,관내사전투표,2682,2682,853,1616,174,18,3,2664,18,0
대구광역시,서구,상중이동,상중이동제1투,1034,566,51,485,26,2,0,564,2,468
대구광역시,서구,상중이동,상중이동제2투,2328,1617,231,1288,76,10,1,1606,11,711
대구광역시,서구,상중이동,상중이동제3투,2194,1592,203,1275,96,7,3,1584,8,602
대구광역시,서구,상중이동,상중이동제4투,1987,1465,176,1183,89,9,0,1457,8,522
대구광역시,서구,상중이동,상중이동제5투,3123,2526,439,1892,164,14,1,2510,16,597
대구광역시,서구,상중이동,상중이동제6투,445,287,28,246,8,1,1,284,3,158
대구광역시,서구,상중이동,상중이동제7투,558,362,29,311,14,0,0,354,8,196
대구광역시,서구,원대동,관내사전투표,1742,1742,516,1052,146,13,1,1728,14,0
대구광역시,서구,원대동,원대동제1투,3168,2275,365,1701,177,17,1,2261,14,893
대구광역시,서구,원대동,원대동제2투,1914,1394,163,1137,81,7,0,1388,6,520
대구광역시,서구,원대동,원대동제3투,1736,1128,121,947,50,4,1,1123,5,608
대구광역시,남구,거소·선상투표,,157,147,36,78,23,3,2,142,5,10
대구광역시,남구,관외사전투표,,10730,10729,3781,5304,1398,107,13,10603,126,1
대구광역시,남구,재외투표,,520,384,236,96,45,4,0,381,3,136
대구광역시,남구,이천동,관내사전투표,1808,1808,761,840,176,16,1,1794,14,0
대구광역시,남구,이천동,이천동제1투,2006,1399,210,1049,115,13,0,1387,12,607
대구광역시,남구,이천동,이천동제2투,1901,1417,232,1082,81,8,2,1405,12,484
대구광역시,남구,이천동,이천동제3투,3313,2543,514,1787,193,24,3,2521,22,770
대구광역시,남구,이천동,이천동제4투,2196,1636,237,1279,98,11,2,1627,9,560
대구광역시,남구,봉덕1동,관내사전투표,1335,1335,467,762,79,17,2,1327,8,0
대구광역시,남구,봉덕1동,봉덕1동제1투,1436,922,129,743,44,4,0,920,2,514
대구광역시,남구,봉덕1동,봉덕1동제2투,2096,1502,179,1228,72,16,2,1497,5,594
대구광역시,남구,봉덕1동,봉덕1동제3투,2002,1199,179,935,65,8,0,1187,12,803
대구광역시,남구,봉덕2동,관내사전투표,1766,1766,626,974,137,21,0,1758,8,0
대구광역시,남구,봉덕2동,봉덕2동제1투,2413,1735,272,1323,119,13,1,1728,7,678
대구광역시,남구,봉덕2동,봉덕2동제2투,1918,1462,238,1076,117,23,1,1455,7,456
대구광역시,남구,봉덕2동,봉덕2동제3투,2047,1476,219,1187,58,4,2,1470,6,571
대구광역시,남구,봉덕2동,봉덕2동제4투,2219,1747,249,1371,106,11,1,1738,9,472
대구광역시,남구,봉덕3동,관내사전투표,1943,1943,625,1171,121,10,1,1928,15,0
대구광역시,남구,봉덕3동,봉덕3동제1투,2692,1571,176,1289,79,10,4,1558,13,1121
대구광역시,남구,봉덕3동,봉덕3동제2투,2418,1525,192,1245,74,7,0,1518,7,893
대구광역시,남구,봉덕3동,봉덕3동제3투,2297,1626,230,1291,91,5,0,1617,9,671
대구광역시,남구,봉덕3동,봉덕3동제4투,2319,1791,268,1411,88,14,0,1781,10,528
대구광역시,남구,대명1동,관내사전투표,1618,1618,598,910,87,10,3,1608,10,0
대구광역시,남구,대명1동,대명1동제1투,2344,1583,201,1258,101,9,2,1571,12,761
대구광역시,남구,대명1동,대명1동제2투,1626,1063,138,846,61,5,0,1050,13,563
대구광역시,남구,대명1동,대명1동제3투,2606,1837,260,1436,126,8,0,1830,7,769
대구광역시,남구,대명2동,관내사전투표,1723,1723,710,751,229,15,2,1707,16,0
대구광역시,남구,대명2동,대명2동제1투,2100,1450,232,1028,160,17,0,1437,13,650
대구광역시,남구,대명2동,대명2동제2투,2747,2058,374,1487,166,20,1,2048,10,689
대구광역시,남구,대명2동,대명2동제3투,1563,1118,173,861,68,9,2,1113,5,445
대구광역시,남구,대명2동,대명2동제4투,1532,1093,165,852,61,5,0,1083,10,439
대구광역시,남구,대명3동,관내사전투표,1520,1520,538,848,101,20,3,1510,10,0
대구광역시,남구,대명3동,대명3동제1투,1453,912,117,714,62,8,1,902,10,541
대구광역시,남구,대명3동,대명3동제2투,1877,1162,172,897,73,9,0,1151,11,715
대구광역시,남구,대명3동,대명3동제3투,1240,892,109,729,43,5,1,887,5,348
대구광역시,남구,대명3동,대명3동제4투,1901,1209,164,975,56,6,2,1203,6,692
대구광역시,남구,대명4동,관내사전투표,1538,1538,488,915,109,17,0,1529,9,0
대구광역시,남구,대명4동,대명4동제1투,2167,1440,168,1184,67,5,0,1424,16,727
대구광역시,남구,대명4동,대명4동제2투,1820,1254,185,981,67,10,1,1244,10,566
대구광역시,남구,대명4동,대명4동제3투,1590,1135,118,962,42,6,0,1128,7,455
대구광역시,남구,대명4동,대명4동제4투,1002,643,85,492,62,0,1,640,3,359
대구광역시,남구,대명5동,관내사전투표,1106,1106,425,497,161,14,0,1097,9,0
대구광역시,남구,대명5동,대명5동제1투,1468,1040,197,715,113,6,2,1033,7,428
대구광역시,남구,대명5동,대명5동제2투,2007,1379,219,1061,76,12,0,1368,11,628
대구광역시,남구,대명5동,대명5동제3투,1343,887,108,679,81,6,0,874,13,456
대구광역시,남구,대명6동,관내사전투표,1812,1812,636,1016,134,14,4,1804,8,0
대구광역시,남구,대명6동,대명6동제1투,2827,1832,307,1364,128,18,1,1818,14,995
대구광역시,남구,대명6동,대명6동제2투,2282,1760,294,1331,114,7,0,1746,14,522
대구광역시,남구,대명6동,대명6동제3투,1821,1182,158,927,79,5,1,1170,12,639
대구광역시,남구,대명9동,관내사전투표,2411,2411,942,1260,170,20,1,2393,18,0
대구광역시,남구,대명9동,대명9동제1투,2356,1512,208,1188,90,12,1,1499,13,844
대구광역시,남구,대명9동,대명9동제2투,2248,1551,214,1231,89,10,2,1546,5,697
대구광역시,남구,대명9동,대명9동제3투,1943,1228,179,957,78,9,1,1224,4,715
대구광역시,남구,대명9동,대명9동제4투,2280,1463,240,1115,87,14,1,1457,6,817
대구광역시,남구,대명10동,관내사전투표,1401,1401,446,840,90,9,2,1387,14,0
대구광역시,남구,대명10동,대명10동제1투,2132,1430,181,1144,92,5,0,1422,8,702
대구광역시,남구,대명10동,대명10동제2투,1623,1118,131,924,51,9,1,1116,2,505
대구광역시,남구,대명10동,대명10동제3투,1932,1318,164,1069,72,4,1,1310,8,614
대구광역시,남구,대명11동,관내사전투표,1474,1474,428,940,82,8,6,1464,10,0
대구광역시,남구,대명11동,대명11동제1투,1917,1262,165,1003,77,7,1,1253,9,655
대구광역시,남구,대명11동,대명11동제2투,1540,1047,110,882,46,3,0,1041,6,493
대구광역시,남구,대명11동,대명11동제3투,1657,1116,137,897,66,5,1,1106,10,541
대구광역시,북구,거소·선상투표,,567,530,130,259,109,3,6,507,23,37
대구광역시,북구,관외사전투표,,27377,27375,9413,13110,4201,323,34,27081,294,2
대구광역시,북구,재외투표,,1130,888,492,232,143,13,5,885,3,242
대구광역시,북구,고성동,관내사전투표,2886,2886,1258,1235,339,30,1,2863,23,0
대구광역시,북구,고성동,고성동제1투,2293,1758,305,1280,148,12,5,1750,8,535
대구광역시,북구,고성동,고성동제2투,2423,1738,317,1268,132,10,1,1728,10,685
대구광역시,북구,고성동,고성동제3투,2839,2366,564,1488,286,18,2,2358,8,473
대구광역시,북구,칠성동,관내사전투표,2154,2154,807,1136,177,20,2,2142,12,0
대구광역시,북구,칠성동,칠성동제1투,1778,1141,132,941,57,4,0,1134,7,637
대구광역시,북구,칠성동,칠성동제2투,3277,2506,527,1729,216,24,1,2497,9,771
대구광역시,북구,칠성동,칠성동제3투,1764,1281,187,995,86,6,1,1275,6,483
대구광역시,북구,칠성동,칠성동제4투,3281,2443,342,1890,176,23,2,2433,10,838
대구광역시,북구,칠성동,칠성동제5투,3824,2940,613,2042,245,25,1,2926,14,884
대구광역시,북구,침산1동,관내사전투표,589,589,161,388,32,6,1,588,1,0
대구광역시,북구,침산1동,침산1동제1투,1329,966,112,793,42,8,3,958,8,363
대구광역시,북구,침산1동,침산1동제2투,1175,811,102,675,29,2,0,808,3,364
대구광역시,북구,침산2동,관내사전투표,2510,2510,994,1244,232,21,0,2491,19,0
대구광역시,북구,침산2동,침산2동제1투,2090,1639,233,1261,110,23,0,1627,12,451
대구광역시,북구,침산2동,침산2동제2투,2396,1701,297,1285,93,14,1,1690,11,695
대구광역시,북구,침산2동,침산2동제3투,3408,2705,539,1906,223,20,1,2689,16,703
대구광역시,북구,침산2동,침산2동제4투,2603,2097,413,1421,233,14,3,2084,13,506
대구광역시,북구,침산3동,관내사전투표,3314,3314,1169,1821,261,34,3,3288,26,0
대구광역시,북구,침산3동,침산3동제1투,2432,1769,300,1344,102,13,2,1761,8,663
대구광역시,북구,침산3동,침산3동제2투,2659,1944,324,1483,107,13,1,1928,16,715
대구광역시,북구,침산3동,침산3동제3투,2867,2166,357,1635,147,11,2,2152,14,701
대구광역시,북구,침산3동,침산3동제4투,3245,2618,533,1870,182,23,2,2610,8,627
대구광역시,북구,노원동,관내사전투표,2262,2262,697,1399,139,12,0,2247,15,0
대구광역시,북구,노원동,노원동제1투,1903,1384,203,1075,94,4,2,1378,6,519
대구광역시,북구,노원동,노원동제2투,1117,795,84,676,29,3,1,793,2,322
대구광역시,북구,노원동,노원동제3투,1474,1081,111,924,36,3,1,1075,6,393
대구광역시,북구,노원동,노원동제4투,953,586,68,492,20,1,0,581,5,367
대구광역시,북구,노원동,노원동제5투,2338,1883,363,1374,121,11,4,1873,10,455
대구광역시,북구,산격1동,관내사전투표,1518,1518,405,1005,84,5,1,1500,18,0
대구광역시,북구,산격1동,산격1동제1투,1908,1344,174,1100,50,10,1,1335,9,564
대구광역시,북구,산격1동,산격1동제2투,1924,1310,150,1080,59,5,2,1296,14,614
대구광역시,북구,산격1동,산격1동제3투,1630,1037,104,878,35,12,3,1032,5,593
대구광역시,북구,산격2동,관내사전투표,2435,2435,822,1384,197,12,0,2415,20,0
대구광역시,북구,산격2동,산격2동제1투,1879,1357,199,1063,77,5,3,1347,10,522
대구광역시,북구,산격2동,산격2동제2투,1844,1279,162,1018,76,7,1,1264,15,565
대구광역시,북구,산격2동,산격2동제3투,2516,1939,267,1513,139,10,0,1929,10,577
대구광역시,북구,산격3동,관내사전투표,1767,1767,679,689,356,21,3,1748,19,0
대구광역시,북구,산격3동,산격3동제1투,2859,1901,309,1295,259,17,2,1882,19,958
대구광역시,북구,산격3동,산격3동제2투,2817,1902,242,1506,124,14,3,1889,13,915
대구광역시,북구,산격4동,관내사전투표,1513,1513,495,846,148,11,0,1500,13,0
대구광역시,북구,산격4동,산격4동제1투,1714,1174,143,934,75,10,1,1163,11,540
대구광역시,북구,산격4동,산격4동제2투,1712,1171,138,955,66,8,0,1167,4,541
대구광역시,북구,산격4동,산격4동제3투,1663,1175,149,943,67,9,1,1169,6,488
대구광역시,북구,복현1동,관내사전투표,1556,1556,549,619,344,23,2,1537,19,0
대구광역시,북구,복현1동,복현1동제1투,2238,1429,198,1057,154,12,1,1422,7,809
대구광역시,북구,복현1동,복현1동제2투,2569,1665,249,1177,202,23,3,1654,11,904
대구광역시,북구,복현2동,관내사전투표,3293,3293,1306,1611,314,36,1,3268,25,0
대구광역시,북구,복현2동,복현2동제1투,3159,2127,332,1602,159,10,2,2105,22,1032
대구광역시,북구,복현2동,복현2동제2투,3114,2277,415,1612,218,19,1,2265,12,837
대구광역시,북구,복현2동,복현2동제3투,3360,2579,534,1762,236,27,2,2561,18,781
대구광역시,북구,복현2동,복현2동제4투,3076,2409,394,1843,136,17,4,2394,15,667
대구광역시,북구,복현2동,복현2동제5투,3232,2463,470,1746,200,28,2,2446,17,769
대구광역시,북구,복현2동,복현2동제6투,2526,1819,325,1322,145,12,0,1804,15,707
대구광역시,북구,대현동,관내사전투표,3010,3010,978,1670,313,19,2,2982,28,0
대구광역시,북구,대현동,대현동제1투,2113,1344,173,1019,134,4,0,1330,14,769
대구광역시,북구,대현동,대현동제2투,2275,1553,203,1144,179,13,1,1540,13,722
대구광역시,북구,대현동,대현동제3투,1513,1073,177,805,77,11,0,1070,3,440
대구광역시,북구,대현동,대현동제4투,2337,1763,233,1403,98,13,2,1749,14,574
대구광역시,북구,대현동,대현동제5투,1774,1394,279,987,111,8,2,1387,7,380
대구광역시,북구,검단동,관내사전투표,1055,1055,383,600,62,7,0,1052,3,0
대구광역시,북구,검단동,검단동제1투,1864,1308,163,1056,78,3,0,1300,8,556
대구광역시,북구,검단동,검단동제2투,2239,1635,263,1280,66,16,0,1625,10,604
대구광역시,북구,무태조야동,관내사전투표,4588,4588,1862,2311,357,33,3,4566,22,0
대구광역시,북구,무태조야동,무태조야동제1투,2991,2049,372,1508,137,17,2,2036,13,942
대구광역시,북구,무태조야동,무태조야동제2투,2069,1466,240,1118,88,12,0,1458,8,603
대구광역시,북구,무태조야동,무태조야동제3투,2611,1896,346,1404,119,14,3,1886,10,715
대구광역시,북구,무태조야동,무태조야동제4투,1640,933,187,673,60,10,0,930,3,707
대구광역시,북구,무태조야동,무태조야동제5투,1946,1500,293,1079,100,16,1,1489,11,446
대구광역시,북구,무태조야동,무태조야동제6투,3068,2416,502,1713,167,24,1,2407,9,652
대구광역시,북구,무태조야동,무태조야동제7투,967,742,73,623,33,5,0,734,8,225
대구광역시,북구,무태조야동,무태조야동제8투,3205,2558,659,1629,227,24,5,2544,14,647
대구광역시,북구,무태조야동,무태조야동제9투,2724,2120,461,1457,175,12,5,2110,10,604
대구광역시,북구,관문동,관내사전투표,2851,2851,1055,1526,236,21,4,2842,9,0
대구광역시,북구,관문동,관문동제1투,1207,777,104,627,36,4,2,773,4,430
대구광역시,북구,관문동,관문동제2투,2659,2098,445,1462,151,27,2,2087,11,561
대구광역시,북구,관문동,관문동제3투,2207,1677,268,1272,115,9,1,1665,12,530
대구광역시,북구,관문동,관문동제4투,1988,1588,271,1199,99,13,0,1582,6,400
대구광역시,북구,관문동,관문동제5투,597,436,70,339,20,0,0,429,7,161
대구광역시,북구,관문동,관문동제6투,2511,1837,463,1233,122,10,1,1829,8,674
대구광역시,북구,관문동,관문동제7투,2087,1546,306,1132,95,8,0,1541,5,541
대구광역시,북구,관문동,관문동제8투,3466,2678,697,1787,156,17,6,2663,15,788
대구광역시,북구,관문동,관문동제9투,2314,1801,481,1105,188,16,2,1792,9,513
대구광역시,북구,관문동,관문동제10투,2526,1972,363,1415,161,22,1,1962,10,554
대구광역시,북구,태전1동,관내사전투표,1841,1841,671,931,199,19,4,1824,17,0
대구광역시,북구,태전1동,태전1동제1투,3348,2397,372,1838,150,13,3,2376,21,951
대구광역시,북구,태전1동,태전1동제2투,2326,1781,298,1336,125,8,2,1769,12,545
대구광역시,북구,태전1동,태전1동제3투,2179,1402,202,1069,117,9,0,1397,5,777
대구광역시,북구,태전1동,태전1동제4투,2830,1885,267,1432,145,21,1,1866,19,945
대구광역시,북구,태전1동,태전1동제5투,2414,1816,292,1394,112,9,0,1807,9,598
대구광역시,북구,태전1동,태전1동제6투,2104,1653,286,1235,112,14,3,1650,3,451
대구광역시,북구,태전2동,관내사전투표,4096,4096,1515,2230,291,25,4,4065,31,0
대구광역시,북구,태전2동,태전2동제1투,2607,1906,256,1524,105,10,1,1896,10,701
대구광역시,북구,태전2동,태전2동제2투,2907,1956,312,1513,104,11,4,1944,12,951
대구광역시,북구,태전2동,태전2동제3투,3059,2243,371,1659,187,16,1,2234,9,816
대구광역시,북구,태전2동,태전2동제4투,3117,2287,400,1684,160,19,2,2265,22,830
대구광역시,북구,태전2동,태전2동제5투,3054,2258,468,1637,117,17,3,2242,16,796
대구광역시,북구,구암동,관내사전투표,4398,4398,1937,2002,383,42,3,4367,31,0
대구광역시,북구,구암동,구암동제1투,1770,1258,194,960,87,7,4,1252,6,512
대구광역시,북구,구암동,구암동제2투,2675,2118,356,1606,133,14,0,2109,9,557
대구광역시,북구,구암동,구암동제3투,2375,1774,351,1299,101,14,1,1766,8,601
대구광역시,북구,구암동,구암동제4투,2358,1883,365,1371,121,14,2,1873,10,475
대구광역시,북구,구암동,구암동제5투,2770,2069,430,1409,201,11,5,2056,13,701
대구광역시,북구,구암동,구암동제6투,2714,1949,403,1344,161,22,3,1933,16,765
대구광역시,북구,구암동,구암동제7투,2502,1863,382,1278,173,13,3,1849,14,639
대구광역시,북구,구암동,구암동제8투,2827,2143,488,1435,190,12,2,2127,16,684
대구광역시,북구,관음동,관내사전투표,3151,3149,1097,1759,248,29,3,3136,13,2
대구광역시,북구,관음동,관음동제1투,2504,1680,235,1308,101,12,2,1658,22,824
대구광역시,북구,관음동,관음동제2투,2318,1633,274,1247,92,8,0,1621,12,685
대구광역시,북구,관음동,관음동제3투,2158,1522,242,1169,87,12,2,1512,10,636
대구광역시,북구,관음동,관음동제4투,2770,2033,279,1592,130,15,3,2019,14,737
대구광역시,북구,읍내동,관내사전투표,3457,3457,1173,1979,247,22,3,3424,33,0
대구광역시,북구,읍내동,읍내동제1투,2521,1685,263,1305,93,11,0,1672,13,836
대구광역시,북구,읍내동,읍내동제2투,2497,1809,253,1401,127,15,1,1797,12,688
대구광역시,북구,읍내동,읍내동제3투,2738,1876,328,1394,121,14,0,1857,19,862
대구광역시,북구,읍내동,읍내동제4투,3185,2277,402,1649,190,22,1,2264,13,908
대구광역시,북구,읍내동,읍내동제5투,3000,2246,361,1727,126,13,1,2228,18,754
대구광역시,북구,읍내동,읍내동제6투,2549,1966,306,1510,132,9,2,1959,7,583
대구광역시,북구,동천동,관내사전투표,4980,4980,2118,2302,478,43,1,4942,38,0
대구광역시,북구,동천동,동천동제1투,2388,1702,318,1240,123,9,1,1691,11,686
대구광역시,북구,동천동,동천동제2투,2026,1514,288,1110,99,6,2,1505,9,512
대구광역시,북구,동천동,동천동제3투,2445,2001,426,1367,166,29,1,1989,12,444
대구광역시,북구,동천동,동천동제4투,2467,1839,403,1224,177,15,4,1823,16,628
대구광역시,북구,동천동,동천동제5투,3334,2658,645,1725,241,28,1,2640,18,676
대구광역시,북구,동천동,동천동제6투,3124,2351,411,1694,200,26,1,2332,19,773
대구광역시,북구,국우동,관내사전투표,3534,3534,1530,1579,366,33,1,3509,25,0
대구광역시,북구,국우동,국우동제1투,2925,2072,398,1498,148,17,2,2063,9,853
대구광역시,북구,국우동,국우동제2투,2123,1477,283,1099,71,13,3,1469,8,646
대구광역시,북구,국우동,국우동제3투,2845,2230,443,1562,187,28,2,2222,8,615
대구광역시,북구,국우동,국우동제4투,2450,1845,432,1214,166,17,0,1829,16,605
대구광역시,북구,국우동,국우동제5투,2932,2151,520,1396,193,23,3,2135,16,781
대구광역시,북구,국우동,국우동제6투,3614,2860,682,1847,294,25,2,2850,10,754
대구광역시,북구,국우동,국우동제7투,1837,1219,217,884,99,7,0,1207,12,618
대구광역시,수성구,거소·선상투표,,483,468,85,287,71,4,5,452,16,15
대구광역시,수성구,관외사전투표,,32327,32324,10888,15693,5065,353,33,32032,292,3
대구광역시,수성구,재외투표,,1966,1525,779,499,216,22,0,1516,9,441
대구광역시,수성구,범어1동,관내사전투표,2893,2893,1058,1421,369,25,0,2873,20,0
대구광역시,수성구,범어1동,범어1동제1투,2189,1659,283,1177,175,16,1,1652,7,530
대구광역시,수성구,범어1동,범어1동제2투,2427,1921,185,1531,179,15,0,1910,11,506
대구광역시,수성구,범어1동,범어1동제3투,2987,2424,348,1877,178,14,1,2418,6,563
대구광역시,수성구,범어1동,범어1동제4투,2116,1660,290,1192,157,12,0,1651,9,456
대구광역시,수성구,범어1동,범어1동제5투,2612,2160,376,1518,236,17,3,2150,10,452
대구광역시,수성구,범어2동,관내사전투표,1121,1121,423,567,118,9,0,1117,4,0
대구광역시,수성구,범어2동,범어2동제1투,2071,1404,222,1055,110,10,1,1398,6,667
대구광역시,수성구,범어2동,범어2동제2투,1514,1167,207,845,100,9,0,1161,6,347
대구광역시,수성구,범어2동,범어2동제3투,2398,1622,221,1244,133,14,1,1613,9,776
대구광역시,수성구,범어2동,범어2동제4투,2858,2425,204,1955,249,12,0,2420,5,433
대구광역시,수성구,범어3동,관내사전투표,2730,2730,1088,1277,323,27,1,2716,14,0
대구광역시,수성구,범어3동,범어3동제1투,2998,2464,485,1721,225,18,0,2449,15,534
대구광역시,수성구,범어3동,범어3동제2투,3424,2549,374,1882,259,15,0,2530,19,875
대구광역시,수성구,범어3동,범어3동제3투,3307,2559,425,1871,235,20,1,2552,7,748
대구광역시,수성구,범어4동,관내사전투표,2388,2388,997,1067,270,33,4,2371,17,0
대구광역시,수성구,범어4동,범어4동제1투,1819,1365,185,1073,93,9,1,1361,4,454
대구광역시,수성구,범어4동,범어4동제2투,2782,2181,455,1461,229,23,3,2171,10,601
대구광역시,수성구,범어4동,범어4동제3투,2395,1815,322,1276,185,15,4,1802,13,580
대구광역시,수성구,범어4동,범어4동제4투,2555,1992,304,1472,190,17,0,1983,9,563
대구광역시,수성구,만촌1동,관내사전투표,3351,3351,1307,1715,279,26,0,3327,24,0
대구광역시,수성구,만촌1동,만촌1동제1투,2210,1707,225,1355,112,10,2,1704,3,503
대구광역시,수성구,만촌1동,만촌1동제2투,2700,2175,460,1510,182,14,1,2167,8,525
대구광역시,수성구,만촌1동,만촌1동제3투,2107,1637,252,1271,98,10,0,1631,6,470
대구광역시,수성구,만촌1동,만촌1동제4투,2614,1855,296,1409,127,7,1,1840,15,759
대구광역시,수성구,만촌1동,만촌1동제5투,3172,2437,305,1961,147,14,1,2428,9,735
대구광역시,수성구,만촌2동,관내사전투표,2010,2010,830,938,212,18,1,1999,11,0
대구광역시,수성구,만촌2동,만촌2동제1투,2923,2151,384,1504,228,19,2,2137,14,772
대구광역시,수성구,만촌2동,만촌2동제2투,2230,1567,189,1252,106,8,0,1555,12,663
대구광역시,수성구,만촌2동,만촌2동제3투,2426,1850,267,1424,135,13,0,1839,11,576
대구광역시,수성구,만촌3동,관내사전투표,2431,2431,956,1176,261,24,2,2419,12,0
대구광역시,수성구,만촌3동,만촌3동제1투,3576,2627,426,1919,243,21,1,2610,17,949
대구광역시,수성구,만촌3동,만촌3동제2투,2924,2306,485,1559,235,16,4,2299,7,618
대구광역시,수성구,만촌3동,만촌3동제3투,2087,1644,271,1201,146,18,0,1636,8,443
대구광역시,수성구,만촌3동,만촌3동제4투,3037,2416,416,1743,226,18,2,2405,11,621
대구광역시,수성구,수성1가동,관내사전투표,2742,2742,1020,1455,219,25,6,2725,17,0
대구광역시,수성구,수성1가동,수성1가동제1투,2512,1965,363,1448,131,13,0,1955,10,547
대구광역시,수성구,수성1가동,수성1가동제2투,2958,2286,335,1778,150,15,3,2281,5,672
대구광역시,수성구,수성1가동,수성1가동제3투,2653,2020,225,1637,138,11,1,2012,8,633
대구광역시,수성구,수성1가동,수성1가동제4투,2234,1609,207,1297,82,12,1,1599,10,625
대구광역시,수성구,수성2·3가동,관내사전투표,2415,2415,811,1342,230,16,0,2399,16,0
대구광역시,수성구,수성2·3가동,수성2·3가동제1투,2346,1863,231,1437,184,6,2,1860,3,483
대구광역시,수성구,수성2·3가동,수성2·3가동제2투,1982,1529,191,1202,123,10,2,1528,1,453
대구광역시,수성구,수성2·3가동,수성2·3가동제3투,1756,1247,124,1042,64,8,2,1240,7,509
대구광역시,수성구,수성4가동,관내사전투표,2549,2549,863,1376,267,24,2,2532,17,0
대구광역시,수성구,수성4가동,수성4가동제1투,2347,1767,249,1386,110,12,2,1759,8,580
대구광역시,수성구,수성4가동,수성4가동제2투,2412,1771,219,1439,95,8,2,1763,8,641
대구광역시,수성구,수성4가동,수성4가동제3투,1821,1386,153,1130,86,11,0,1380,6,435
대구광역시,수성구,수성4가동,수성4가동제4투,1712,1288,161,1012,103,9,2,1287,1,424
대구광역시,수성구,황금1동,관내사전투표,2815,2814,1177,1294,298,30,1,2800,14,1
대구광역시,수성구,황금1동,황금1동제1투,2785,2146,219,1746,156,12,1,2134,12,639
대구광역시,수성구,황금1동,황금1동제2투,1372,1025,165,786,55,12,0,1018,7,347
대구광역시,수성구,황금1동,황금1동제3투,3371,2673,434,1959,245,18,3,2659,14,698
대구광역시,수성구,황금1동,황금1동제4투,2878,2314,461,1570,249,25,1,2306,8,564
대구광역시,수성구,황금1동,황금1동제5투,2140,1707,267,1254,161,17,1,1700,7,433
대구광역시,수성구,황금2동,관내사전투표,2111,2111,810,1084,193,15,0,2102,9,0
대구광역시,수성구,황금2동,황금2동제1투,2705,1956,291,1486,160,9,0,1946,10,749
대구광역시,수성구,황금2동,황금2동제2투,2397,1596,253,1230,94,6,2,1585,11,801
대구광역시,수성구,황금2동,황금2동제3투,1962,1271,158,1033,70,5,0,1266,5,691
대구광역시,수성구,중동,관내사전투표,1925,1925,727,992,177,16,2,1914,11,0
대구광역시,수성구,중동,중동제1투,1614,994,112,808,59,9,0,988,6,620
대구광역시,수성구,중동,중동제2투,2458,1907,303,1425,166,8,0,1902,5,551
대구광역시,수성구,중동,중동제3투,2185,1466,179,1173,92,9,0,1453,13,719
대구광역시,수성구,중동,중동제4투,3036,2398,405,1729,241,14,3,2392,6,638
대구광역시,수성구,상동,관내사전투표,1677,1677,615,914,121,19,0,1669,8,0
대구광역시,수성구,상동,상동제1투,2370,1475,194,1161,88,16,2,1461,14,895
대구광역시,수성구,상동,상동제2투,3501,2628,304,2111,191,9,2,2617,11,873
대구광역시,수성구,상동,상동제3투,2166,1678,214,1351,101,5,0,1671,7,488
대구광역시,수성구,상동,상동제4투,2049,1416,214,1119,60,12,1,1406,10,633
대구광역시,수성구,파동,관내사전투표,2565,2565,933,1397,206,17,1,2554,11,0
대구광역시,수성구,파동,파동제1투,2936,2120,276,1654,163,14,1,2108,12,816
대구광역시,수성구,파동,파동제2투,3298,2517,433,1887,166,18,1,2505,12,781
대구광역시,수성구,파동,파동제3투,3410,2511,361,1968,160,10,0,2499,12,899
대구광역시,수성구,두산동,관내사전투표,2054,2054,786,1047,190,12,4,2039,15,0
대구광역시,수성구,두산동,두산동제1투,2158,1382,186,1067,120,5,0,1378,4,776
대구광역시,수성구,두산동,두산동제2투,2271,1492,230,1120,124,9,0,1483,9,779
대구광역시,수성구,두산동,두산동제3투,3112,2550,282,2040,199,9,7,2537,13,562
대구광역시,수성구,두산동,두산동제4투,2258,1470,177,1174,102,9,1,1463,7,788
대구광역시,수성구,지산1동,관내사전투표,3405,3405,1256,1862,247,16,4,3385,20,0
대구광역시,수성구,지산1동,지산1동제1투,1998,1482,168,1221,84,4,2,1479,3,516
대구광역시,수성구,지산1동,지산1동제2투,1447,1012,137,800,64,4,0,1005,7,435
대구광역시,수성구,지산1동,지산1동제3투,1708,1175,170,935,57,6,0,1168,7,533
대구광역시,수성구,지산1동,지산1동제4투,2456,1823,224,1456,121,11,2,1814,9,633
대구광역시,수성구,지산1동,지산1동제5투,2708,1937,299,1466,144,12,3,1924,13,771
대구광역시,수성구,지산1동,지산1동제6투,2781,1919,272,1523,106,12,1,1914,5,862
대구광역시,수성구,지산2동,관내사전투표,2806,2806,1013,1512,232,32,2,2791,15,0
대구광역시,수성구,지산2동,지산2동제1투,2326,1541,202,1251,70,9,1,1533,8,785
대구광역시,수성구,지산2동,지산2동제2투,3364,2579,357,2029,163,17,0,2566,13,785
대구광역시,수성구,지산2동,지산2동제3투,3280,2392,367,1867,129,17,4,2384,8,888
대구광역시,수성구,지산2동,지산2동제4투,2832,2132,326,1620,169,6,3,2124,8,700
대구광역시,수성구,범물1동,관내사전투표,2211,2211,602,1442,145,7,0,2196,15,0
대구광역시,수성구,범물1동,범물1동제1투,1577,1032,125,856,38,4,0,1023,9,545
대구광역시,수성구,범물1동,범물1동제2투,1172,737,81,631,19,2,0,733,4,435
대구광역시,수성구,범물1동,범물1동제3투,2033,1584,234,1275,61,5,2,1577,7,449
대구광역시,수성구,범물1동,범물1동제4투,1995,1484,206,1199,64,4,0,1473,11,511
대구광역시,수성구,범물2동,관내사전투표,2561,2561,998,1318,202,26,1,2545,16,0
대구광역시,수성구,범물2동,범물2동제1투,3101,2382,384,1793,175,17,1,2370,12,719
대구광역시,수성구,범물2동,범물2동제2투,1759,1265,215,943,87,12,0,1257,8,494
대구광역시,수성구,범물2동,범물2동제3투,2321,1793,288,1340,144,9,3,1784,9,528
대구광역시,수성구,범물2동,범물2동제4투,2451,1898,325,1440,101,22,0,1888,10,553
대구광역시,수성구,고산1동,관내사전투표,5196,5196,2267,2328,507,60,4,5166,30,0
대구광역시,수성구,고산1동,고산1동제1투,3138,2420,572,1576,228,31,4,2411,9,718
대구광역시,수성구,고산1동,고산1동제2투,2078,1552,242,1201,98,6,0,1547,5,526
대구광역시,수성구,고산1동,고산1동제3투,2954,2205,352,1642,176,20,1,2191,14,749
대구광역시,수성구,고산1동,고산1동제4투,1953,1470,228,1114,106,13,1,1462,8,483
대구광역시,수성구,고산1동,고산1동제5투,2351,1904,327,1415,139,12,2,1895,9,447
대구광역시,수성구,고산1동,고산1동제6투,3343,2663,591,1817,211,32,3,2654,9,680
대구광역시,수성구,고산1동,고산1동제7투,2630,2075,517,1322,207,20,0,2066,9,555
대구광역시,수성구,고산2동,관내사전투표,3967,3967,1659,1879,358,42,5,3943,24,0
대구광역시,수성구,고산2동,고산2동제1투,2405,1822,268,1380,146,16,1,1811,11,583
대구광역시,수성구,고산2동,고산2동제2투,2449,2003,399,1395,169,30,1,1994,9,446
대구광역시,수성구,고산2동,고산2동제3투,2354,1646,256,1250,118,15,0,1639,7,708
대구광역시,수성구,고산2동,고산2동제4투,2747,2158,427,1546,157,20,1,2151,7,589
대구광역시,수성구,고산2동,고산2동제5투,2960,2375,498,1659,193,13,0,2363,12,585
대구광역시,수성구,고산2동,고산2동제6투,2710,2117,465,1453,165,24,0,2107,10,593
대구광역시,수성구,고산3동,관내사전투표,4730,4730,1919,2295,455,34,4,4707,23,0
대구광역시,수성구,고산3동,고산3동제1투,2398,1735,248,1345,116,12,1,1722,13,663
대구광역시,수성구,고산3동,고산3동제2투,2052,1519,211,1194,90,10,4,1509,10,533
대구광역시,수성구,고산3동,고산3동제3투,2266,1667,300,1212,124,23,2,1661,6,599
대구광역시,수성구,고산3동,고산3동제4투,1952,1512,271,1109,117,12,1,1510,2,440
대구광역시,수성구,고산3동,고산3동제5투,2744,2226,421,1611,161,21,3,2217,9,518
대구광역시,수성구,고산3동,고산3동제6투,3019,2366,439,1693,204,21,0,2357,9,653
대구광역시,수성구,고산3동,고산3동제7투,3574,2843,607,1949,246,30,1,2833,10,731
서울특별시,서대문구,거소·선상투표,,329,315,145,109,53,4,0,311,4,14
서울특별시,서대문구,관외사전투표,,33737,33730,20238,7825,4585,700,23,33371,359,7
서울특별시,서대문구,재외투표,,3020,2403,1655,457,219,58,1,2390,13,617
서울특별시,서대문구,충현동,관내사전투표,2529,2529,1711,593,180,27,3,2514,15,0
서울특별시,서대문구,충현동,충현동제1투,2312,1410,495,777,118,12,0,1402,8,902
서울특별시,서대문구,충현동,충현동제2투,1686,1119,344,642,107,15,1,1109,10,567
서울특별시,서대문구,충현동,충현동제3투,2492,1882,701,944,194,31,1,1871,11,610
서울특별시,서대문구,충현동,충현동제4투,2346,1636,623,796,171,24,3,1617,19,710
서울특별시,서대문구,충현동,충현동제5투,2387,1636,603,797,194,33,0,1627,9,751
서울특별시,서대문구,천연동,관내사전투표,3759,3759,2444,930,288,70,1,3733,26,0
서울특별시,서대문구,천연동,천연동제1투,1909,1285,396,738,115,19,1,1269,16,624
서울특별시,서대문구,천연동,천연동제2투,2273,1650,668,808,146,17,0,1639,11,623
서울특별시,서대문구,천연동,천연동제3투,2105,1508,585,756,137,20,0,1498,10,597
서울특별시,서대문구,천연동,천연동제4투,443,335,144,153,22,13,0,332,3,108
서울특별시,서대문구,천연동,천연동제5투,2498,1912,694,990,169,41,4,1898,14,586
서울특별시,서대문구,북아현동,관내사전투표,4113,4113,2628,1043,356,64,0,4091,22,0
서울특별시,서대문구,북아현동,북아현동제1투,3185,1996,712,1068,178,23,1,1982,14,1189
서울특별시,서대문구,북아현동,북아현동제2투,2455,1804,625,920,214,26,2,1787,17,651
서울특별시,서대문구,북아현동,북아현동제3투,2770,2060,685,1073,247,41,1,2047,13,710
서울특별시,서대문구,신촌동,관내사전투표,3690,3689,2189,686,654,118,3,3650,39,1
서울특별시,서대문구,신촌동,신촌동제1투,1764,1150,402,588,114,31,0,1135,15,614
서울특별시,서대문구,신촌동,신촌동제2투,3138,2206,836,1023,271,53,0,2183,23,932
서울특별시,서대문구,신촌동,신촌동제3투,2447,1375,424,686,222,23,0,1355,20,1072
서울특별시,서대문구,신촌동,신촌동제4투,2762,1817,497,853,395,38,1,1784,33,945
서울특별시,서대문구,신촌동,신촌동제5투,2403,1501,520,741,183,32,2,1478,23,902
서울특별시,서대문구,연희동,관내사전투표,5032,5032,3186,1182,483,133,3,4987,45,0
서울특별시,서대문구,연희동,연희동제1투,2531,1482,450,846,131,34,1,1462,20,1049
서울특별시,서대문구,연희동,연희동제2투,1671,1173,406,642,86,27,1,1162,11,498
서울특별시,서대문구,연희동,연희동제3투,2184,1440,488,752,141,42,2,1425,15,744
서울특별시,서대문구,연희동,연희동제4투,1068,721,331,324,45,14,1,715,6,347
서울특별시,서대문구,연희동,연희동제5투,2187,1582,693,728,116,27,4,1568,14,605
서울특별시,서대문구,연희동,연희동제6투,2124,1471,574,749,109,25,7,1464,7,653
서울특별시,서대문구,연희동,연희동제7투,2457,1657,488,958,157,41,0,1644,13,800
서울특별시,서대문구,연희동,연희동제8투,3055,2025,601,969,364,54,1,1989,36,1030
서울특별시,서대문구,연희동,연희동제9투,2679,1805,626,834,290,32,1,1783,22,874
서울특별시,서대문구,홍제제1동,관내사전투표,3115,3115,2072,755,218,52,1,3098,17,0
서울특별시,서대문구,홍제제1동,홍제제1동제1투,1933,1310,540,634,106,23,2,1305,5,623
서울특별시,서대문구,홍제제1동,홍제제1동제2투,2414,1803,715,881,161,33,3,1793,10,611
서울특별시,서대문구,홍제제1동,홍제제1동제3투,2246,1632,727,767,106,23,1,1624,8,614
서울특별시,서대문구,홍제제1동,홍제제1동제4투,1769,1203,551,546,79,17,0,1193,10,566
서울특별시,서대문구,홍제제1동,홍제제1동제5투,2253,1672,661,819,153,28,1,1662,10,581
서울특별시,서대문구,홍제제1동,홍제제1동제6투,1886,1386,437,766,146,25,3,1377,9,500
서울특별시,서대문구,홍제제1동,홍제제1동제7투,1978,1516,547,774,161,28,0,1510,6,462
서울특별시,서대문구,홍제제2동,관내사전투표,4338,4338,2855,1045,346,55,1,4302,36,0
서울특별시,서대문구,홍제제2동,홍제제2동제1투,1610,1072,413,544,92,11,1,1061,11,538
서울특별시,서대문구,홍제제2동,홍제제2동제2투,2138,1613,569,859,146,29,2,1605,8,525
서울특별시,서대문구,홍제제2동,홍제제2동제3투,1716,1224,390,708,111,12,0,1221,3,492
서울특별시,서대문구,홍제제2동,홍제제2동제4투,1217,901,306,504,70,16,1,897,4,316
서울특별시,서대문구,홍제제3동,관내사전투표,3412,3411,2347,805,200,37,4,3393,18,1
서울특별시,서대문구,홍제제3동,홍제제3동제1투,1594,984,384,512,70,13,1,980,4,610
서울특별시,서대문구,홍제제3동,홍제제3동제2투,1997,1362,534,686,111,18,0,1349,13,635
서울특별시,서대문구,홍제제3동,홍제제3동제3투,1886,1280,485,627,132,20,3,1267,13,606
서울특별시,서대문구,홍제제3동,홍제제3동제4투,2180,1446,589,691,125,26,2,1433,13,734
서울특별시,서대문구,홍제제3동,홍제제3동제5투,2185,1755,728,777,205,28,3,1741,14,430
서울특별시,서대문구,홍은제1동,관내사전투표,4958,4958,3485,1109,270,65,4,4933,25,0
서울특별시,서대문구,홍은제1동,홍은제1동제1투,1074,625,221,351,41,8,0,621,4,449
서울특별시,서대문구,홍은제1동,홍은제1동제2투,2736,1956,800,942,172,25,3,1942,14,780
서울특별시,서대문구,홍은제1동,홍은제1동제3투,2307,1724,602,950,135,27,2,1716,8,583
서울특별시,서대문구,홍은제1동,홍은제1동제4투,1688,1307,555,585,134,23,2,1299,8,381
서울특별시,서대문구,홍은제1동,홍은제1동제5투,2066,1423,555,731,114,15,2,1417,6,643
서울특별시,서대문구,홍은제1동,홍은제1동제6투,2306,1448,596,719,97,22,1,1435,13,858
서울특별시,서대문구,홍은제2동,관내사전투표,5253,5253,3591,1232,329,70,1,5223,30,0
서울특별시,서대문구,홍은제2동,홍은제2동제1투,2278,1338,461,722,121,25,0,1329,9,940
서울특별시,서대문구,홍은제2동,홍은제2동제2투,2504,1738,659,876,166,21,1,1723,15,766
서울특별시,서대문구,홍은제2동,홍은제2동제3투,2819,2025,834,999,134,41,0,2008,17,794
서울특별시,서대문구,홍은제2동,홍은제2동제4투,2347,1542,633,736,134,25,3,1531,11,805
서울특별시,서대문구,홍은제2동,홍은제2동제5투,2399,1409,534,719,114,23,0,1390,19,990
서울특별시,서대문구,홍은제2동,홍은제2동제6투,3020,2099,839,1029,178,33,2,2081,18,921
서울특별시,서대문구,남가좌제1동,관내사전투표,5274,5274,3503,1230,423,86,1,5243,31,0
서울특별시,서대문구,남가좌제1동,남가좌제1동제1투,2045,1476,494,815,133,27,2,1471,5,569
서울특별시,서대문구,남가좌제1동,남가좌제1동제2투,1861,1439,568,709,132,22,1,1432,7,422
서울특별시,서대문구,남가좌제1동,남가좌제1동제3투,2302,1717,707,824,148,26,2,1707,10,585
서울특별시,서대문구,남가좌제1동,남가좌제1동제4투,2208,1655,594,825,187,32,4,1642,13,553
서울특별시,서대문구,남가좌제2동,관내사전투표,5846,5846,3877,1254,535,118,6,5790,56,0
서울특별시,서대문구,남가좌제2동,남가좌제2동제1투,1906,1171,383,629,119,23,4,1158,13,735
서울특별시,서대문구,남가좌제2동,남가좌제2동제2투,1866,1232,498,616,95,13,1,1223,9,634
서울특별시,서대문구,남가좌제2동,남가좌제2동제3투,2121,1562,502,876,148,21,3,1550,12,559
서울특별시,서대문구,남가좌제2동,남가좌제2동제4투,2911,2293,945,1066,233,30,4,2278,15,618
서울특별시,서대문구,남가좌제2동,남가좌제2동제5투,2673,2054,851,967,197,25,3,2043,11,619
서울특별시,서대문구,남가좌제2동,남가좌제2동제6투,1917,1210,465,579,126,29,2,1201,9,707
서울특별시,서대문구,남가좌제2동,남가좌제2동제7투,2125,1536,602,728,175,21,0,1526,10,589
서울특별시,서대문구,북가좌제1동,관내사전투표,4724,4724,3193,1120,329,61,1,4704,20,0
서울특별시,서대문구,북가좌제1동,북가좌제1동제1투,1992,1420,474,797,122,21,1,1415,5,572
서울특별시,서대문구,북가좌제1동,북가좌제1동제2투,1391,913,323,489,85,10,1,908,5,478
서울특별시,서대문구,북가좌제1동,북가좌제1동제3투,1712,1122,418,579,106,14,0,1117,5,590
서울특별시,서대문구,북가좌제1동,북가좌제1동제4투,2411,1825,651,934,201,25,2,1813,12,586
서울특별시,서대문구,북가좌제1동,북가좌제1동제5투,1462,1153,423,603,97,21,2,1146,7,309
서울특별시,서대문구,북가좌제2동,관내사전투표,6256,6256,4291,1451,387,81,5,6215,41,0
서울특별시,서대문구,북가좌제2동,북가좌제2동제1투,2492,1544,593,753,149,22,1,1518,26,948
서울특별시,서대문구,북가좌제2동,북가좌제2동제2투,2563,1662,659,812,148,28,1,1648,14,901
서울특별시,서대문구,북가좌제2동,북가좌제2동제3투,1786,1161,476,591,73,11,2,1153,8,625
서울특별시,서대문구,북가좌제2동,북가좌제2동제4투,2414,1845,732,925,149,20,4,1830,15,569
서울특별시,서대문구,북가좌제2동,북가좌제2동제5투,2178,1466,630,681,118,18,1,1448,18,712
서울특별시,서대문구,북가좌제2동,북가좌제2동제6투,2579,1613,673,741,156,28,3,1601,12,966
서울특별시,서대문구,북가좌제2동,북가좌제2동제7투,2933,2012,901,908,161,23,2,1995,17,921
서울특별시,강동구,거소·선상투표,,625,590,231,209,98,7,4,549,41,35
서울특별시,강동구,관외사전투표,,45265,45256,26005,12025,6193,534,33,44790,466,9
서울특별시,강동구,재외투표,,3514,2817,1806,632,321,34,3,2796,21,697
서울특별시,강동구,강일동,관내사전투표,6516,6516,4584,1439,403,62,3,6491,25,0
서울특별시,강동구,강일동,강일동제1투,2428,1671,605,907,126,19,2,1659,12,757
서울특별시,강동구,강일동,강일동제2투,2319,1745,704,873,129,20,3,1729,16,574
서울특별시,강동구,강일동,강일동제3투,2215,1635,603,883,124,15,0,1625,10,580
서울특별시,강동구,강일동,강일동제4투,2432,1786,669,938,136,26,0,1769,17,646
서울특별시,강동구,강일동,강일동제5투,2169,1725,769,779,148,16,0,1712,13,444
서울특별시,강동구,강일동,강일동제6투,4051,3055,1315,1370,325,28,3,3041,14,996
서울특별시,강동구,강일동,강일동제7투,2750,2078,928,962,161,13,4,2068,10,672
서울특별시,강동구,상일제1동,관내사전투표,6885,6885,4419,1781,577,73,2,6852,33,0
서울특별시,강동구,상일제1동,상일제1동제1투,1687,1294,431,739,101,12,0,1283,11,393
서울특별시,강동구,상일제1동,상일제1동제2투,1590,1108,384,616,87,10,6,1103,5,482
서울특별시,강동구,상일제1동,상일제1동제3투,1981,1414,387,901,89,22,2,1401,13,567
서울특별시,강동구,상일제1동,상일제1동제4투,2592,1920,554,1144,188,25,1,1912,8,672
서울특별시,강동구,상일제1동,상일제1동제5투,2857,2273,722,1303,210,26,1,2262,11,584
서울특별시,강동구,상일제1동,상일제1동제6투,3344,2727,976,1429,276,26,1,2708,19,617
서울특별시,강동구,상일제1동,상일제1동제7투,3236,2595,846,1456,252,31,3,2588,7,641
서울특별시,강동구,상일제1동,상일제1동제8투,2824,2281,831,1183,228,22,2,2266,15,543
서울특별시,강동구,상일제2동,관내사전투표,2742,2742,1946,546,203,29,4,2728,14,0
서울특별시,강동구,상일제2동,상일제2동제1투,1650,1195,471,600,96,17,2,1186,9,455
서울특별시,강동구,상일제2동,상일제2동제2투,1998,1540,653,711,150,18,2,1534,6,458
서울특별시,강동구,상일제2동,상일제2동제3투,2977,2203,871,1051,228,34,0,2184,19,774
서울특별시,강동구,명일제1동,관내사전투표,6760,6759,4084,1960,609,69,1,6723,36,1
서울특별시,강동구,명일제1동,명일제1동제1투,2252,1580,439,984,131,15,1,1570,10,672
서울특별시,강동구,명일제1동,명일제1동제2투,2964,2217,681,1330,171,23,3,2208,9,747
서울특별시,강동구,명일제1동,명일제1동제3투,2338,1842,459,1194,150,23,1,1827,15,496
서울특별시,강동구,명일제1동,명일제1동제4투,2871,2219,611,1335,237,25,1,2209,10,652
서울특별시,강동구,명일제1동,명일제1동제5투,3042,2071,686,1172,173,27,2,2060,11,971
서울특별시,강동구,명일제2동,관내사전투표,3403,3403,2188,914,251,31,5,3389,14,0
서울특별시,강동구,명일제2동,명일제2동제1투,2155,1756,484,1111,140,14,0,1749,7,399
서울특별시,강동구,명일제2동,명일제2동제2투,2037,1482,437,898,119,16,2,1472,10,555
서울특별시,강동구,명일제2동,명일제2동제3투,2855,2186,714,1237,190,29,3,2173,13,669
서울특별시,강동구,명일제2동,명일제2동제4투,2355,1848,459,1205,155,20,1,1840,8,507
서울특별시,강동구,고덕제1동,관내사전투표,4836,4836,3011,1311,441,50,2,4815,21,0
서울특별시,강동구,고덕제1동,고덕제1동제1투,1452,1117,390,606,102,13,1,1112,5,335
서울특별시,강동구,고덕제1동,고덕제1동제2투,2308,1799,556,1039,186,15,0,1796,3,509
서울특별시,강동구,고덕제1동,고덕제1동제3투,2227,1450,414,896,113,12,1,1436,14,777
서울특별시,강동구,고덕제1동,고덕제1동제4투,2761,2224,728,1216,250,17,2,2213,11,537
서울특별시,강동구,고덕제1동,고덕제1동제5투,2696,2088,781,1096,183,19,3,2082,6,608
서울특별시,강동구,고덕제2동,관내사전투표,3956,3956,2412,1124,357,40,1,3934,22,0
서울특별시,강동구,고덕제2동,고덕제2동제1투,1777,1115,354,657,90,9,0,1110,5,662
서울특별시,강동구,고덕제2동,고덕제2동제2투,2919,2006,659,1113,185,20,4,1981,25,913
서울특별시,강동구,고덕제2동,고덕제2동제3투,3233,2656,842,1526,257,22,1,2648,8,577
서울특별시,강동구,고덕제2동,고덕제2동제4투,2885,2304,776,1257,234,23,0,2290,14,581
서울특별시,강동구,고덕제2동,고덕제2동제5투,2644,2175,647,1300,194,24,3,2168,7,469
서울특별시,강동구,암사제1동,관내사전투표,5907,5907,3955,1517,338,52,8,5870,37,0
서울특별시,강동구,암사제1동,암사제1동제1투,2671,1632,652,800,142,17,5,1616,16,1039
서울특별시,강동구,암사제1동,암사제1동제2투,2477,1554,560,818,141,15,1,1535,19,923
서울특별시,강동구,암사제1동,암사제1동제3투,2392,1552,546,830,152,12,0,1540,12,840
서울특별시,강동구,암사제1동,암사제1동제4투,2310,1546,579,810,129,14,1,1533,13,764
서울특별시,강동구,암사제1동,암사제1동제5투,2038,1249,492,620,114,11,4,1241,8,789
서울특별시,강동구,암사제1동,암사제1동제6투,2192,1397,480,768,124,18,1,1391,6,795
서울특별시,강동구,암사제1동,암사제1동제7투,2224,1493,542,802,117,14,4,1479,14,731
서울특별시,강동구,암사제1동,암사제1동제8투,2581,2061,651,1199,170,24,2,2046,15,520
서울특별시,강동구,암사제2동,관내사전투표,6061,6061,3813,1533,589,74,2,6011,50,0
서울특별시,강동구,암사제2동,암사제2동제1투,1703,1205,308,774,105,7,2,1196,9,498
서울특별시,강동구,암사제2동,암사제2동제2투,3178,2214,786,1154,230,28,2,2200,14,964
서울특별시,강동구,암사제2동,암사제2동제3투,2494,1923,527,1166,188,24,2,1907,16,571
서울특별시,강동구,암사제3동,관내사전투표,3947,3947,2468,1120,297,43,2,3930,17,0
서울특별시,강동구,암사제3동,암사제3동제1투,2633,1976,546,1207,187,24,1,1965,11,657
서울특별시,강동구,암사제3동,암사제3동제2투,2440,1951,567,1189,170,17,0,1943,8,489
서울특별시,강동구,암사제3동,암사제3동제3투,2062,1513,526,834,121,26,2,1509,4,549
서울특별시,강동구,암사제3동,암사제3동제4투,1919,1418,502,751,126,20,4,1403,15,501
서울특별시,강동구,천호제1동,관내사전투표,5682,5682,3710,1525,372,37,6,5650,32,0
서울특별시,강동구,천호제1동,천호제1동제1투,2674,1589,561,869,128,12,1,1571,18,1085
서울특별시,강동구,천호제1동,천호제1동제2투,2639,1812,634,1006,137,22,1,1800,12,827
서울특별시,강동구,천호제1동,천호제1동제3투,2537,1596,609,804,144,28,1,1586,10,941
서울특별시,강동구,천호제1동,천호제1동제4투,2833,1952,683,1066,169,17,2,1937,15,881
서울특별시,강동구,천호제1동,천호제1동제5투,2336,1641,569,916,126,16,1,1628,13,695
서울특별시,강동구,천호제1동,천호제1동제6투,2074,1377,543,714,96,10,2,1365,12,697
서울특별시,강동구,천호제2동,관내사전투표,6760,6760,4409,1761,497,51,4,6722,38,0
서울특별시,강동구,천호제2동,천호제2동제1투,2129,1419,535,720,132,19,1,1407,12,710
서울특별시,강동구,천호제2동,천호제2동제2투,2501,1829,678,941,173,18,2,1812,17,672
서울특별시,강동구,천호제2동,천호제2동제3투,1865,1254,454,621,151,9,2,1237,17,611
서울특별시,강동구,천호제2동,천호제2동제4투,2718,1813,589,974,205,19,2,1789,24,905
서울특별시,강동구,천호제2동,천호제2동제5투,2883,1887,757,943,150,22,1,1873,14,996
서울특별시,강동구,천호제2동,천호제2동제6투,2805,1849,654,996,156,24,3,1833,16,956
서울특별시,강동구,천호제2동,천호제2동제7투,2744,1880,685,1007,159,17,1,1869,11,864
서울특별시,강동구,천호제2동,천호제2동제8투,3169,2108,705,1102,254,20,6,2087,21,1061
서울특별시,강동구,천호제3동,관내사전투표,4840,4840,3023,1244,489,41,5,4802,38,0
서울특별시,강동구,천호제3동,천호제3동제1투,2797,1740,543,955,203,23,2,1726,14,1057
서울특별시,강동구,천호제3동,천호제3동제2투,2718,1930,563,1112,220,28,1,1924,6,788
서울특별시,강동구,천호제3동,천호제3동제3투,2827,1984,736,977,230,22,1,1966,18,843
서울특별시,강동구,천호제3동,천호제3동제4투,2546,1539,529,825,152,13,1,1520,19,1007
서울특별시,강동구,천호제3동,천호제3동제5투,2598,1613,664,768,141,18,2,1593,20,985
서울특별시,강동구,천호제3동,천호제3동제6투,2319,1623,617,817,157,21,2,1614,9,696
서울특별시,강동구,성내제1동,관내사전투표,4995,4995,3154,1279,471,55,5,4964,31,0
서울특별시,강동구,성내제1동,성내제1동제1투,2436,1682,556,917,182,19,1,1675,7,754
서울특별시,강동구,성내제1동,성내제1동제2투,2669,1896,639,1039,181,22,0,1881,15,773
서울특별시,강동구,성내제1동,성내제1동제3투,2417,1680,632,859,147,22,3,1663,17,737
서울특별시,강동구,성내제1동,성내제1동제4투,2720,2052,647,1173,206,12,2,2040,12,668
서울특별시,강동구,성내제2동,관내사전투표,5380,5379,3478,1421,394,50,2,5345,34,1
서울특별시,강동구,성내제2동,성내제2동제1투,2516,1611,524,889,166,13,2,1594,17,905
서울특별시,강동구,성내제2동,성내제2동제2투,2762,1851,605,1033,170,27,2,1837,14,911
서울특별시,강동구,성내제2동,성내제2동제3투,2806,1893,701,960,201,17,1,1880,13,913
서울특별시,강동구,성내제2동,성내제2동제4투,2258,1469,506,799,129,23,2,1459,10,789
서울특별시,강동구,성내제2동,성내제2동제5투,3588,2573,891,1246,371,29,2,2539,34,1015
서울특별시,강동구,성내제3동,관내사전투표,5647,5647,3620,1467,476,52,5,5620,27,0
서울특별시,강동구,성내제3동,성내제3동제1투,2437,1570,515,900,131,14,2,1562,8,867
서울특별시,강동구,성내제3동,성내제3동제2투,2773,1868,551,1100,176,27,3,1857,11,905
서울특별시,강동구,성내제3동,성내제3동제3투,3557,2510,875,1334,242,26,5,2482,28,1047
서울특별시,강동구,성내제3동,성내제3동제4투,3587,2482,884,1296,248,27,6,2461,21,1105
서울특별시,강동구,길동,관내사전투표,8876,8876,5637,2475,635,76,8,8831,45,0
서울특별시,강동구,길동,길동제1투,2896,1697,577,962,126,20,0,1685,12,1199
서울특별시,강동구,길동,길동제2투,3726,2583,874,1453,213,22,5,2567,16,1143
서울특별시,강동구,길동,길동제3투,3944,2779,910,1610,216,19,4,2759,20,1165
서울특별시,강동구,길동,길동제4투,3590,2150,719,1110,270,28,5,2132,18,1440
서울특별시,강동구,길동,길동제5투,3057,2230,831,1104,248,23,2,2208,22,827
서울특별시,강동구,길동,길동제6투,4110,2918,1027,1581,255,26,2,2891,27,1192
서울특별시,강동구,길동,길동제7투,3653,2537,957,1342,196,26,1,2522,15,1116
서울특별시,강동구,길동,길동제8투,3620,2670,929,1487,206,29,0,2651,19,950
서울특별시,강동구,둔촌제1동,관내사전투표,5659,5659,3038,1847,673,65,3,5626,33,0
서울특별시,강동구,둔촌제1동,둔촌제1동제1투,2991,2415,639,1420,316,27,2,2404,11,576
서울특별시,강동구,둔촌제1동,둔촌제1동제2투,3228,2608,587,1734,259,15,0,2595,13,620
서울특별시,강동구,둔촌제1동,둔촌제1동제3투,2433,1947,507,1141,266,21,2,1937,10,486
서울특별시,강동구,둔촌제1동,둔촌제1동제4투,2947,2359,554,1485,284,25,0,2348,11,588
서울특별시,강동구,둔촌제1동,둔촌제1동제5투,2609,2106,486,1374,222,18,0,2100,6,503
서울특별시,강동구,둔촌제1동,둔촌제1동제6투,2196,1803,521,1061,193,16,1,1792,11,393
서울특별시,강동구,둔촌제2동,관내사전투표,4803,4803,3102,1258,367,37,2,4766,37,0
서울특별시,강동구,둔촌제2동,둔촌제2동제1투,2888,1862,642,1016,173,14,1,1846,16,1026
서울특별시,강동구,둔촌제2동,둔촌제2동제2투,2773,1956,649,1099,172,14,4,1938,18,817
서울특별시,강동구,둔촌제2동,둔촌제2동제3투,3110,2367,866,1200,255,28,4,2353,14,743
서울특별시,강동구,둔촌제2동,둔촌제2동제4투,2897,2142,672,1230,204,27,1,2134,8,755
서울특별시,강동구,둔촌제2동,둔촌제2동제5투,2792,2210,671,1314,176,29,2,2192,18,582
대구광역시,달서구,거소·선상투표,,685,642,146,351,120,4,1,622,20,43
대구광역시,달서구,관외사전투표,,34789,34779,11574,17221,5257,357,38,34447,332,10
대구광역시,달서구,재외투표,,1558,1259,723,325,171,26,3,1248,11,299
대구광역시,달서구,성당동,관내사전투표,2512,2512,756,1563,158,17,2,2496,16,0
대구광역시,달서구,성당동,성당동제1투,2319,1573,178,1294,83,6,1,1562,11,746
대구광역시,달서구,성당동,성당동제2투,1912,1346,158,1108,63,8,0,1337,9,566
대구광역시,달서구,성당동,성당동제3투,3035,2009,257,1608,124,10,0,1999,10,1026
대구광역시,달서구,성당동,성당동제4투,3240,2431,467,1749,182,18,1,2417,14,809
대구광역시,달서구,성당동,성당동제5투,2965,2127,327,1646,127,16,1,2117,10,838
대구광역시,달서구,두류1·2동,관내사전투표,2312,2312,705,1404,162,19,2,2292,20,0
대구광역시,달서구,두류1·2동,두류1·2동제1투,1777,1261,171,1007,70,3,2,1253,8,516
대구광역시,달서구,두류1·2동,두류1·2동제2투,1766,1222,144,1000,57,6,2,1209,13,544
대구광역시,달서구,두류1·2동,두류1·2동제3투,2741,1898,304,1409,161,14,0,1888,10,843
대구광역시,달서구,두류1·2동,두류1·2동제4투,1878,1199,168,947,68,6,0,1189,10,679
대구광역시,달서구,두류1·2동,두류1·2동제5투,2247,1452,218,1092,125,8,0,1443,9,795
대구광역시,달서구,두류3동,관내사전투표,1993,1993,627,1193,139,20,2,1981,12,0
대구광역시,달서구,두류3동,두류3동제1투,2434,1797,233,1431,102,11,7,1784,13,637
대구광역시,달서구,두류3동,두류3동제2투,1505,1015,122,821,64,2,0,1009,6,490
대구광역시,달서구,두류3동,두류3동제3투,1822,1306,231,964,92,13,1,1301,5,516
대구광역시,달서구,본리동,관내사전투표,4865,4865,1915,2483,380,40,6,4824,41,0
대구광역시,달서구,본리동,본리동제1투,2329,1817,314,1334,147,7,1,1803,14,512
대구광역시,달서구,본리동,본리동제2투,4099,2746,461,2030,206,25,5,2727,19,1353
대구광역시,달서구,본리동,본리동제3투,2840,2062,328,1551,160,12,3,2054,8,778
대구광역시,달서구,본리동,본리동제4투,1852,1450,245,1094,95,5,1,1440,10,402
대구광역시,달서구,본리동,본리동제5투,2290,1703,302,1279,114,3,2,1700,3,587
대구광역시,달서구,감삼동,관내사전투표,2395,2395,826,1327,215,15,3,2386,9,0
대구광역시,달서구,감삼동,감삼동제1투,2296,1601,209,1256,111,13,3,1592,9,695
대구광역시,달서구,감삼동,감삼동제2투,2273,1600,213,1279,90,12,1,1595,5,673
대구광역시,달서구,감삼동,감삼동제3투,2302,1575,223,1237,96,8,2,1566,9,727
대구광역시,달서구,감삼동,감삼동제4투,2539,1855,285,1429,118,9,1,1842,13,684
대구광역시,달서구,감삼동,감삼동제5투,2271,1811,362,1268,162,7,3,1802,9,460
대구광역시,달서구,감삼동,감삼동제6투,2823,2273,269,1838,156,5,0,2268,5,550
대구광역시,달서구,감삼동,감삼동제7투,2416,2014,307,1508,170,17,3,2005,9,402
대구광역시,달서구,감삼동,감삼동제8투,2950,2335,485,1584,232,18,1,2320,15,615
대구광역시,달서구,죽전동,관내사전투표,2051,2051,708,1113,189,20,3,2033,18,0
대구광역시,달서구,죽전동,죽전동제1투,2213,1640,270,1188,157,14,1,1630,10,573
대구광역시,달서구,죽전동,죽전동제2투,1824,1188,161,944,69,8,0,1182,6,636
대구광역시,달서구,죽전동,죽전동제3투,2822,2018,307,1524,153,13,0,1997,21,804
대구광역시,달서구,죽전동,죽전동제4투,2991,2131,293,1677,135,9,1,2115,16,860
대구광역시,달서구,장기동,관내사전투표,4049,4049,1540,2083,382,21,1,4027,22,0
대구광역시,달서구,장기동,장기동제1투,2620,1907,296,1436,154,15,1,1902,5,713
대구광역시,달서구,장기동,장기동제2투,1548,1051,138,834,61,8,1,1042,9,497
대구광역시,달서구,장기동,장기동제3투,2971,2310,352,1753,173,20,0,2298,12,661
대구광역시,달서구,장기동,장기동제4투,2940,2115,345,1552,186,16,3,2102,13,825
대구광역시,달서구,용산1동,관내사전투표,4521,4521,1586,2511,364,35,5,4501,20,0
대구광역시,달서구,용산1동,용산1동제1투,2289,1559,199,1228,113,10,0,1550,9,730
대구광역시,달서구,용산1동,용산1동제2투,2934,2269,456,1624,163,14,2,2259,10,665
대구광역시,달서구,용산1동,용산1동제3투,2248,1656,250,1248,130,12,2,1642,14,592
대구광역시,달서구,용산1동,용산1동제4투,2531,1984,337,1496,125,12,1,1971,13,547
대구광역시,달서구,용산1동,용산1동제5투,2467,1778,297,1332,120,20,0,1769,9,689
대구광역시,달서구,용산1동,용산1동제6투,2990,2254,335,1740,158,10,0,2243,11,736
대구광역시,달서구,용산1동,용산1동제7투,3138,2493,320,1973,176,17,1,2487,6,645
대구광역시,달서구,용산2동,관내사전투표,3060,3060,1091,1637,273,34,1,3036,24,0
대구광역시,달서구,용산2동,용산2동제1투,2174,1481,246,1088,129,11,1,1475,6,693
대구광역시,달서구,용산2동,용산2동제2투,2817,1824,305,1364,127,10,3,1809,15,993
대구광역시,달서구,용산2동,용산2동제3투,1776,1453,264,1067,109,7,1,1448,5,323
대구광역시,달서구,용산2동,용산2동제4투,2876,2406,398,1764,202,31,1,2396,10,470
대구광역시,달서구,용산2동,용산2동제5투,3177,2488,473,1800,181,18,2,2474,14,689
대구광역시,달서구,용산2동,용산2동제6투,2211,1725,310,1293,107,9,1,1720,5,486
대구광역시,달서구,용산2동,용산2동제7투,2517,2003,312,1543,113,17,5,1990,13,514
대구광역시,달서구,이곡1동,관내사전투표,3245,3245,1245,1625,322,26,2,3220,25,0
대구광역시,달서구,이곡1동,이곡1동제1투,1980,1309,216,963,104,10,0,1293,16,671
대구광역시,달서구,이곡1동,이곡1동제2투,1534,1176,189,894,75,12,1,1171,5,358
대구광역시,달서구,이곡1동,이곡1동제3투,2742,2145,459,1482,171,15,2,2129,16,597
대구광역시,달서구,이곡1동,이곡1동제4투,2170,1659,279,1227,124,13,2,1645,14,511
대구광역시,달서구,이곡1동,이곡1동제5투,2425,1901,393,1338,147,16,0,1894,7,524
대구광역시,달서구,이곡1동,이곡1동제6투,3112,2387,421,1780,153,17,2,2373,14,725
대구광역시,달서구,이곡2동,관내사전투표,4063,4063,1333,2330,322,41,3,4029,34,0
대구광역시,달서구,이곡2동,이곡2동제1투,2334,1585,287,1173,110,8,0,1578,7,749
대구광역시,달서구,이곡2동,이곡2동제2투,2501,1647,289,1230,112,8,0,1639,8,854
대구광역시,달서구,이곡2동,이곡2동제3투,2519,2034,279,1598,132,18,1,2028,6,485
대구광역시,달서구,이곡2동,이곡2동제4투,2437,1917,253,1523,112,10,3,1901,16,520
대구광역시,달서구,신당동,관내사전투표,2247,2247,792,1184,238,14,2,2230,17,0
대구광역시,달서구,신당동,신당동제1투,2081,1277,222,929,109,5,2,1267,10,804
대구광역시,달서구,신당동,신당동제2투,1932,1222,178,873,148,8,3,1210,12,710
대구광역시,달서구,신당동,신당동제3투,1680,1119,175,775,139,18,0,1107,12,561
대구광역시,달서구,신당동,신당동제4투,1811,1233,164,1005,45,6,2,1222,11,578
대구광역시,달서구,신당동,신당동제5투,2002,1344,208,1035,79,11,1,1334,10,658
대구광역시,달서구,신당동,신당동제6투,2972,2472,515,1737,183,26,2,2463,9,500
대구광역시,달서구,신당동,신당동제7투,3469,2211,391,1508,280,16,3,2198,13,1258
대구광역시,달서구,신당동,신당동제8투,3771,3092,639,2168,239,24,1,3071,21,679
대구광역시,달서구,신당동,신당동제9투,1607,1340,263,965,93,14,0,1335,5,267
대구광역시,달서구,월성1동,관내사전투표,4648,4648,2152,1861,569,48,2,4632,16,0
대구광역시,달서구,월성1동,월성1동제1투,2726,2095,443,1444,185,12,2,2086,9,631
대구광역시,달서구,월성1동,월성1동제2투,2554,2046,477,1373,174,14,1,2039,7,508
대구광역시,달서구,월성1동,월성1동제3투,2514,2027,449,1348,195,18,1,2011,16,487
대구광역시,달서구,월성1동,월성1동제4투,2750,2157,376,1627,128,15,3,2149,8,593
대구광역시,달서구,월성1동,월성1동제5투,1927,1561,288,1139,99,23,0,1549,12,366
대구광역시,달서구,월성1동,월성1동제6투,3014,2352,522,1586,216,15,0,2339,13,662
대구광역시,달서구,월성1동,월성1동제7투,2984,2339,540,1573,206,13,1,2333,6,645
대구광역시,달서구,월성1동,월성1동제8투,3572,2884,745,1792,313,24,1,2875,9,688
대구광역시,달서구,월성2동,관내사전투표,3302,3302,1189,1819,230,24,7,3269,33,0
대구광역시,달서구,월성2동,월성2동제1투,1110,670,72,567,21,6,1,667,3,440
대구광역시,달서구,월성2동,월성2동제2투,1696,1176,186,911,58,10,2,1167,9,520
대구광역시,달서구,월성2동,월성2동제3투,1597,1118,169,876,56,6,1,1108,10,479
대구광역시,달서구,월성2동,월성2동제4투,2226,1741,283,1345,103,5,2,1738,3,485
대구광역시,달서구,월성2동,월성2동제5투,1325,941,161,746,19,2,1,929,12,384
대구광역시,달서구,월성2동,월성2동제6투,1786,1303,215,1007,54,12,0,1288,15,483
대구광역시,달서구,진천동,관내사전투표,5534,5534,1994,2940,508,53,2,5497,37,0
대구광역시,달서구,진천동,진천동제1투,3090,2234,355,1710,142,12,0,2219,15,856
대구광역시,달서구,진천동,진천동제2투,3242,2322,318,1838,145,15,0,2316,6,920
대구광역시,달서구,진천동,진천동제3투,2414,1697,254,1341,74,12,0,1681,16,717
대구광역시,달서구,진천동,진천동제4투,2753,1990,339,1485,140,13,1,1978,12,763
대구광역시,달서구,진천동,진천동제5투,2770,2233,431,1627,142,22,1,2223,10,537
대구광역시,달서구,진천동,진천동제6투,2250,1756,247,1387,97,9,2,1742,14,494
대구광역시,달서구,진천동,진천동제7투,3938,3001,636,2077,245,24,2,2984,17,937
대구광역시,달서구,진천동,진천동제8투,2492,1938,378,1409,127,9,3,1926,12,554
대구광역시,달서구,진천동,진천동제9투,3208,2469,476,1737,216,17,3,2449,20,739
대구광역시,달서구,진천동,진천동제10투,3336,2677,588,1869,189,19,2,2667,10,659
대구광역시,달서구,진천동,진천동제11투,2863,2173,492,1485,159,21,1,2158,15,690
대구광역시,달서구,유천동,관내사전투표,4055,4055,1941,1617,421,40,2,4021,34,0
대구광역시,달서구,유천동,유천동제1투,2849,2202,458,1519,199,16,2,2194,8,647
대구광역시,달서구,유천동,유천동제2투,2520,2080,515,1290,247,22,1,2075,5,440
대구광역시,달서구,유천동,유천동제3투,3005,2336,587,1450,257,19,1,2314,22,669
대구광역시,달서구,유천동,유천동제4투,2869,2193,493,1452,214,19,1,2179,14,676
대구광역시,달서구,유천동,유천동제5투,3315,2581,624,1668,254,17,2,2565,16,734
대구광역시,달서구,유천동,유천동제6투,2879,2353,543,1592,186,18,3,2342,11,526
대구광역시,달서구,상인1동,관내사전투표,3453,3453,1337,1726,345,29,3,3440,13,0
대구광역시,달서구,상인1동,상인1동제1투,2971,2380,348,1862,144,14,3,2371,9,591
대구광역시,달서구,상인1동,상인1동제2투,1782,1434,211,1126,82,10,1,1430,4,348
대구광역시,달서구,상인1동,상인1동제3투,2505,1947,306,1494,125,11,1,1937,10,558
대구광역시,달서구,상인1동,상인1동제4투,1651,1277,194,1013,56,9,0,1272,5,374
대구광역시,달서구,상인1동,상인1동제5투,2103,1731,287,1280,146,11,0,1724,7,372
대구광역시,달서구,상인1동,상인1동제6투,2555,1977,271,1560,126,8,1,1966,11,578
대구광역시,달서구,상인1동,상인1동제7투,2957,2430,497,1668,236,19,2,2422,8,527
대구광역시,달서구,상인1동,상인1동제8투,2773,2179,390,1560,193,20,1,2164,15,594
대구광역시,달서구,상인1동,상인1동제9투,2199,1883,356,1307,190,16,1,1870,13,316
대구광역시,달서구,상인2동,관내사전투표,2944,2944,980,1723,205,13,3,2924,20,0
대구광역시,달서구,상인2동,상인2동제1투,1910,1247,152,996,86,4,1,1239,8,663
대구광역시,달서구,상인2동,상인2동제2투,2179,1503,198,1172,104,13,0,1487,16,676
대구광역시,달서구,상인2동,상인2동제3투,1914,1278,186,980,94,5,1,1266,12,636
대구광역시,달서구,상인2동,상인2동제4투,2843,2036,328,1556,127,11,2,2024,12,807
대구광역시,달서구,상인2동,상인2동제5투,2936,2222,356,1702,133,16,1,2208,14,714
대구광역시,달서구,상인3동,관내사전투표,2522,2522,788,1578,122,21,2,2511,11,0
대구광역시,달서구,상인3동,상인3동제1투,1609,1103,112,931,52,4,1,1100,3,506
대구광역시,달서구,상인3동,상인3동제2투,1945,1393,174,1140,65,6,0,1385,8,552
대구광역시,달서구,상인3동,상인3동제3투,1820,1245,173,1019,29,8,0,1229,16,575
대구광역시,달서구,상인3동,상인3동제4투,1445,977,125,810,27,4,0,966,11,468
대구광역시,달서구,도원동,관내사전투표,5302,5302,1996,2850,367,57,3,5273,29,0
대구광역시,달서구,도원동,도원동제1투,1995,1448,214,1148,70,7,3,1442,6,547
대구광역시,달서구,도원동,도원동제2투,1985,1458,248,1118,70,12,0,1448,10,527
대구광역시,달서구,도원동,도원동제3투,2044,1499,258,1130,88,13,0,1489,10,545
대구광역시,달서구,도원동,도원동제4투,1785,1370,224,1042,85,9,2,1362,8,415
대구광역시,달서구,도원동,도원동제5투,1772,1387,255,1007,107,14,1,1384,3,385
대구광역시,달서구,도원동,도원동제6투,1918,1436,254,1060,92,17,2,1425,11,482
대구광역시,달서구,도원동,도원동제7투,2232,1802,296,1359,121,13,2,1791,11,430
대구광역시,달서구,도원동,도원동제8투,2770,2328,429,1713,161,15,0,2318,10,442
대구광역시,달서구,도원동,도원동제9투,2852,2255,391,1723,125,9,2,2250,5,597
대구광역시,달서구,도원동,도원동제10투,1907,1565,301,1109,130,11,2,1553,12,342
대구광역시,달서구,송현1동,관내사전투표,2606,2606,898,1513,156,14,1,2582,24,0
대구광역시,달서구,송현1동,송현1동제1투,2262,1406,180,1129,81,8,2,1400,6,856
대구광역시,달서구,송현1동,송현1동제2투,1781,1187,134,977,62,6,2,1181,6,594
대구광역시,달서구,송현1동,송현1동제3투,2272,1468,186,1183,78,13,3,1463,5,804
대구광역시,달서구,송현1동,송현1동제4투,3064,2020,275,1600,112,19,1,2007,13,1044
대구광역시,달서구,송현1동,송현1동제5투,2329,1585,263,1221,84,4,1,1573,12,744
대구광역시,달서구,송현2동,관내사전투표,2238,2238,693,1377,142,12,0,2224,14,0
대구광역시,달서구,송현2동,송현2동제1투,2875,1900,240,1530,105,14,0,1889,11,975
대구광역시,달서구,송현2동,송현2동제2투,1336,881,103,724,44,3,1,875,6,455
대구광역시,달서구,송현2동,송현2동제3투,2527,1635,207,1325,87,9,1,1629,6,892
대구광역시,달서구,송현2동,송현2동제4투,2015,1461,183,1185,71,14,0,1453,8,554
대구광역시,달서구,송현2동,송현2동제5투,4017,3131,553,2302,234,22,4,3115,16,886
대구광역시,달서구,본동,관내사전투표,1699,1699,550,1029,97,12,0,1688,11,0
대구광역시,달서구,본동,본동제1투,1797,1151,193,870,79,5,0,1147,4,646
대구광역시,달서구,본동,본동제2투,2322,1810,251,1418,117,13,0,1799,11,512
대구광역시,달서구,본동,본동제3투,1921,1381,233,1050,83,9,2,1377,4,540
대구광역시,달서구,본동,본동제4투,2493,1639,256,1260,101,13,0,1630,9,854
인천광역시,옹진군,거소·선상투표,,94,85,31,34,15,1,0,81,4,9
인천광역시,옹진군,관외사전투표,,3139,3139,1435,1313,323,32,2,3105,34,0
인천광역시,옹진군,재외투표,,56,41,32,5,3,1,0,41,0,15
인천광역시,옹진군,북도면,관내사전투표,301,301,105,173,18,2,0,298,3,0
인천광역시,옹진군,북도면,북도면제1투,305,202,30,164,7,0,1,202,0,103
인천광역시,옹진군,북도면,북도면제2투,225,131,11,117,1,0,1,130,1,94
인천광역시,옹진군,북도면,북도면제3투,674,509,133,326,17,4,2,482,27,165
인천광역시,옹진군,연평면,관내사전투표,613,613,277,240,80,4,3,604,9,0
인천광역시,옹진군,연평면,연평면제1투,818,371,91,254,23,1,0,369,2,447
인천광역시,옹진군,연평면,연평면제2투,66,47,21,21,2,0,0,44,3,19
인천광역시,옹진군,백령면,관내사전투표,1165,1165,510,460,169,9,2,1150,15,0
인천광역시,옹진군,백령면,백령면제1투,928,533,129,365,31,3,0,528,5,395
인천광역시,옹진군,백령면,백령면제2투,1045,615,155,381,61,4,0,601,14,430
인천광역시,옹진군,백령면,백령면제3투,315,230,46,175,7,0,0,228,2,85
인천광역시,옹진군,백령면,백령면제4투,267,191,33,145,11,0,0,189,2,76
인천광역시,옹진군,대청면,관내사전투표,406,406,129,221,45,4,1,400,6,0
인천광역시,옹진군,대청면,대청면제1투,301,147,33,104,7,3,0,147,0,154
인천광역시,옹진군,대청면,대청면제2투,263,183,48,125,9,0,0,182,1,80
인천광역시,옹진군,대청면,대청면제3투,175,145,31,104,8,0,0,143,2,30
인천광역시,옹진군,덕적면,관내사전투표,434,434,195,203,25,5,3,431,3,0
인천광역시,옹진군,덕적면,덕적면제1투,392,217,53,157,2,2,0,214,3,175
인천광역시,옹진군,덕적면,덕적면제2투,264,181,49,122,4,1,0,176,5,83
인천광역시,옹진군,덕적면,덕적면제3투,187,132,28,94,6,2,0,130,2,55
인천광역시,옹진군,덕적면,덕적면제4투,65,56,14,41,1,0,0,56,0,9
인천광역시,옹진군,덕적면,덕적면제5투,41,29,4,24,1,0,0,29,0,12
인천광역시,옹진군,덕적면,덕적면제6투,44,31,12,18,0,0,0,30,1,13
인천광역시,옹진군,자월면,관내사전투표,246,246,94,134,12,2,1,243,3,0
인천광역시,옹진군,자월면,자월면제1투,256,139,28,102,7,1,0,138,1,117
인천광역시,옹진군,자월면,자월면제2투,188,139,43,91,4,0,0,138,1,49
인천광역시,옹진군,자월면,자월면제3투,212,162,43,116,3,0,0,162,0,50
인천광역시,옹진군,자월면,자월면제4투,74,56,7,47,1,0,0,55,1,18
인천광역시,옹진군,영흥면,관내사전투표,1797,1797,997,644,120,12,4,1777,20,0
인천광역시,옹진군,영흥면,영흥면제1투,1428,804,227,534,29,8,1,799,5,624
인천광역시,옹진군,영흥면,영흥면제2투,1180,707,198,460,35,3,1,697,10,473
인천광역시,옹진군,영흥면,영흥면제3투,590,419,97,302,15,0,1,415,4,171
울산광역시,남구,거소·선상투표,,339,316,104,131,64,3,2,304,12,23
울산광역시,남구,관외사전투표,,19472,19469,9090,6943,2970,233,25,19261,208,3
울산광역시,남구,재외투표,,1052,842,501,191,128,12,3,835,7,210
울산광역시,남구,신정1동,관내사전투표,3951,3951,1936,1650,280,48,2,3916,35,0
울산광역시,남구,신정1동,신정1동제1투,3096,1943,405,1400,113,11,1,1930,13,1153
울산광역시,남구,신정1동,신정1동제2투,2614,1701,401,1159,110,12,5,1687,14,913
울산광역시,남구,신정1동,신정1동제3투,2397,1735,445,1145,114,18,2,1724,11,662
울산광역시,남구,신정1동,신정1동제4투,2956,2132,482,1498,123,14,1,2118,14,824
울산광역시,남구,신정2동,관내사전투표,3570,3570,1873,1291,338,42,4,3548,22,0
울산광역시,남구,신정2동,신정2동제1투,2341,1473,334,1009,109,8,0,1460,13,868
울산광역시,남구,신정2동,신정2동제2투,2525,1968,644,1135,164,12,1,1956,12,557
울산광역시,남구,신정2동,신정2동제3투,3639,2804,824,1654,276,32,2,2788,16,835
울산광역시,남구,신정2동,신정2동제4투,3295,2458,664,1564,198,22,1,2449,9,837
울산광역시,남구,신정2동,신정2동제5투,2534,2043,573,1249,202,11,0,2035,8,491
울산광역시,남구,신정3동,관내사전투표,3227,3227,1699,1224,254,29,5,3211,16,0
울산광역시,남구,신정3동,신정3동제1투,3069,1946,431,1347,139,13,3,1933,13,1123
울산광역시,남구,신정3동,신정3동제2투,3352,2670,841,1559,225,29,2,2656,14,682
울산광역시,남구,신정3동,신정3동제3투,2772,1770,355,1307,88,7,3,1760,10,1002
울산광역시,남구,신정4동,관내사전투표,3724,3724,2015,1368,272,36,6,3697,27,0
울산광역시,남구,신정4동,신정4동제1투,3245,2447,831,1402,174,25,3,2435,12,798
울산광역시,남구,신정4동,신정4동제2투,2329,1614,374,1100,124,5,0,1603,11,715
울산광역시,남구,신정4동,신정4동제3투,1413,1058,293,661,83,8,3,1048,10,355
울산광역시,남구,신정4동,신정4동제4투,1218,744,199,474,59,7,3,742,2,474
울산광역시,남구,신정4동,신정4동제5투,2273,1692,612,880,160,24,3,1679,13,581
울산광역시,남구,신정5동,관내사전투표,2476,2476,1291,932,209,20,1,2453,23,0
울산광역시,남구,신정5동,신정5동제1투,2498,1643,347,1150,124,11,2,1634,9,855
울산광역시,남구,신정5동,신정5동제2투,2610,1603,397,1056,123,13,4,1593,10,1007
울산광역시,남구,달동,관내사전투표,4349,4348,2332,1531,397,45,8,4313,35,1
울산광역시,남구,달동,달동제1투,4143,2536,620,1643,219,26,1,2509,27,1607
울산광역시,남구,달동,달동제2투,2921,1868,486,1191,163,13,2,1855,13,1053
울산광역시,남구,달동,달동제3투,3899,2688,713,1742,186,28,2,2671,17,1211
울산광역시,남구,달동,달동제4투,2882,2065,670,1185,169,29,2,2055,10,817
울산광역시,남구,달동,달동제5투,2879,2176,752,1223,155,28,2,2160,16,703
울산광역시,남구,삼산동,관내사전투표,9138,9138,5262,2794,922,95,6,9079,59,0
울산광역시,남구,삼산동,삼산동제1투,3194,2117,546,1356,172,23,5,2102,15,1077
울산광역시,남구,삼산동,삼산동제2투,2953,2063,572,1274,181,19,1,2047,16,890
울산광역시,남구,삼산동,삼산동제3투,2881,1938,502,1280,135,6,1,1924,14,943
울산광역시,남구,삼산동,삼산동제4투,3736,1884,528,1139,188,17,0,1872,12,1852
울산광역시,남구,삼산동,삼산동제5투,3543,2400,883,1234,238,26,5,2386,14,1143
울산광역시,남구,삼산동,삼산동제6투,3578,2556,950,1292,253,33,4,2532,24,1022
울산광역시,남구,삼산동,삼산동제7투,3809,2824,1200,1322,241,39,0,2802,22,985
울산광역시,남구,삼산동,삼산동제8투,2549,1772,510,1106,121,21,2,1760,12,777
울산광역시,남구,삼산동,삼산동제9투,4172,2677,818,1535,277,25,0,2655,22,1495
울산광역시,남구,삼호동,관내사전투표,4671,4671,2505,1686,384,59,3,4637,34,0
울산광역시,남구,삼호동,삼호동제1투,2799,2034,533,1313,148,24,1,2019,15,765
울산광역시,남구,삼호동,삼호동제2투,3654,2449,653,1597,157,20,4,2431,18,1205
울산광역시,남구,삼호동,삼호동제3투,3130,2163,558,1370,198,17,3,2146,17,967
울산광역시,남구,삼호동,삼호동제4투,2590,1850,577,1086,147,19,2,1831,19,740
울산광역시,남구,무거동,관내사전투표,5374,5374,3100,1630,545,59,3,5337,37,0
울산광역시,남구,무거동,무거동제1투,3424,2407,634,1499,243,19,1,2396,11,1017
울산광역시,남구,무거동,무거동제2투,2101,1544,404,941,179,7,1,1532,12,557
울산광역시,남구,무거동,무거동제3투,3885,2906,995,1609,245,37,5,2891,15,979
울산광역시,남구,무거동,무거동제4투,3268,2449,559,1628,218,23,1,2429,20,819
울산광역시,남구,무거동,무거동제5투,3396,2641,984,1310,272,45,4,2615,26,755
울산광역시,남구,무거동,무거동제6투,2985,2339,812,1265,215,23,1,2316,23,646
울산광역시,남구,옥동,관내사전투표,4980,4980,2865,1620,389,65,8,4947,33,0
울산광역시,남구,옥동,옥동제1투,2847,2073,615,1242,174,20,4,2055,18,774
울산광역시,남구,옥동,옥동제2투,2421,1965,620,1170,149,15,1,1955,10,456
울산광역시,남구,옥동,옥동제3투,2382,1878,547,1161,145,14,1,1868,10,504
울산광역시,남구,옥동,옥동제4투,2163,1783,670,903,174,21,3,1771,12,380
울산광역시,남구,옥동,옥동제5투,2299,1709,464,1073,142,17,2,1698,11,590
울산광역시,남구,옥동,옥동제6투,2008,1578,450,964,143,14,2,1573,5,430
울산광역시,남구,야음장생포동,관내사전투표,1783,1783,908,677,161,23,0,1769,14,0
울산광역시,남구,야음장생포동,야음장생포동제1투,2342,1516,364,1034,78,18,2,1496,20,826
울산광역시,남구,야음장생포동,야음장생포동제2투,2260,1610,510,938,128,17,4,1597,13,650
울산광역시,남구,야음장생포동,야음장생포동제3투,770,586,141,409,28,3,0,581,5,184
울산광역시,남구,대현동,관내사전투표,7416,7416,4353,2271,656,88,2,7370,46,0
울산광역시,남구,대현동,대현동제1투,2488,1839,608,1057,142,19,2,1828,11,649
울산광역시,남구,대현동,대현동제2투,2619,2061,647,1248,136,22,1,2054,7,558
울산광역시,남구,대현동,대현동제3투,2528,1831,504,1178,113,18,4,1817,14,697
울산광역시,남구,대현동,대현동제4투,2843,2008,694,1104,178,18,2,1996,12,835
울산광역시,남구,대현동,대현동제5투,2860,2118,708,1218,145,26,4,2101,17,742
울산광역시,남구,대현동,대현동제6투,3834,2855,930,1550,299,39,2,2820,35,979
울산광역시,남구,수암동,관내사전투표,4150,4150,2309,1442,319,46,7,4123,27,0
울산광역시,남구,수암동,수암동제1투,3132,2336,749,1371,186,20,1,2327,9,796
울산광역시,남구,수암동,수암동제2투,2552,2042,645,1217,138,27,2,2029,13,510
울산광역시,남구,수암동,수암동제3투,2844,2162,652,1306,173,15,2,2148,14,682
울산광역시,남구,선암동,관내사전투표,1769,1769,965,627,147,14,1,1754,15,0
울산광역시,남구,선암동,선암동제1투,1959,1300,332,847,92,19,0,1290,10,659
울산광역시,남구,선암동,선암동제2투,3261,2362,838,1293,183,27,4,2345,17,899
울산광역시,남구,선암동,선암동제3투,3359,2533,803,1526,151,30,2,2512,21,826
경기도,의왕시,거소·선상투표,,133,128,50,51,22,0,2,125,3,5
경기도,의왕시,관외사전투표,,17374,17374,10751,4028,2253,199,11,17242,132,0
경기도,의왕시,재외투표,,1032,872,592,164,94,16,0,866,6,160
경기도,의왕시,고천동,관내사전투표,3699,3699,2300,987,356,35,6,3684,15,0
경기도,의왕시,고천동,고천동제1투,3060,2156,847,927,334,19,4,2131,25,904
경기도,의왕시,고천동,고천동제2투,1454,1070,375,596,86,9,0,1066,4,384
경기도,의왕시,고천동,고천동제3투,2731,2020,725,1148,125,14,0,2012,8,711
경기도,의왕시,부곡동,관내사전투표,5967,5967,3957,1490,430,46,6,5929,38,0
경기도,의왕시,부곡동,부곡동제1투,2720,1846,713,947,151,19,4,1834,12,874
경기도,의왕시,부곡동,부곡동제2투,1736,1127,427,602,78,9,1,1117,10,609
경기도,의왕시,부곡동,부곡동제3투,2121,1412,543,733,114,15,1,1406,6,709
경기도,의왕시,부곡동,부곡동제4투,1723,1388,639,607,121,13,1,1381,7,335
경기도,의왕시,부곡동,부곡동제5투,2581,1769,745,867,124,11,4,1751,18,812
경기도,의왕시,부곡동,부곡동제6투,2972,2123,940,853,280,25,4,2102,21,849
경기도,의왕시,부곡동,부곡동제7투,2451,1984,1023,752,173,20,4,1972,12,467
경기도,의왕시,오전동,관내사전투표,4418,4418,2965,1150,269,15,2,4401,17,0
경기도,의왕시,오전동,오전동제1투,1008,636,231,358,41,2,1,633,3,372
경기도,의왕시,오전동,오전동제2투,2405,1668,618,894,129,12,2,1655,13,737
경기도,의왕시,오전동,오전동제3투,2229,1532,592,817,100,13,2,1524,8,697
경기도,의왕시,오전동,오전동제4투,1931,1577,599,821,130,11,2,1563,14,354
경기도,의왕시,오전동,오전동제5투,2367,1849,808,880,131,17,2,1838,11,518
경기도,의왕시,오전동,오전동제6투,1776,1342,579,621,122,11,1,1334,8,434
경기도,의왕시,오전동,오전동제7투,2976,2439,1116,1075,210,24,2,2427,12,537
경기도,의왕시,오전동,오전동제8투,2789,2230,1055,930,201,27,3,2216,14,559
경기도,의왕시,오전동,오전동제9투,2347,1822,774,868,157,19,0,1818,4,525
경기도,의왕시,내손1동,관내사전투표,3328,3328,2188,829,252,34,0,3303,25,0
경기도,의왕시,내손1동,내손1동제1투,2209,1448,539,775,113,13,2,1442,6,761
경기도,의왕시,내손1동,내손1동제2투,2050,1605,528,926,122,17,4,1597,8,445
경기도,의왕시,내손1동,내손1동제3투,1863,1333,494,712,93,25,0,1324,9,530
경기도,의왕시,내손1동,내손1동제4투,2734,2188,864,1117,179,15,2,2177,11,546
경기도,의왕시,내손1동,내손1동제5투,2460,2030,769,1063,165,21,1,2019,11,430
경기도,의왕시,내손2동,관내사전투표,4421,4421,2867,1166,328,39,2,4402,19,0
경기도,의왕시,내손2동,내손2동제1투,2465,1992,823,911,211,30,3,1978,14,473
경기도,의왕시,내손2동,내손2동제2투,2117,1555,617,780,132,13,3,1545,10,562
경기도,의왕시,내손2동,내손2동제3투,2437,1577,531,905,112,17,3,1568,9,860
경기도,의왕시,내손2동,내손2동제4투,2521,2041,811,1041,158,17,2,2029,12,480
경기도,의왕시,내손2동,내손2동제5투,1852,1511,526,856,106,15,1,1504,7,341
경기도,의왕시,청계동,관내사전투표,5548,5548,3756,1326,381,42,2,5507,41,0
경기도,의왕시,청계동,청계동제1투,2341,1524,511,866,108,22,5,1512,12,817
경기도,의왕시,청계동,청계동제2투,1999,1522,643,718,130,21,0,1512,10,477
경기도,의왕시,청계동,청계동제3투,1463,1091,467,541,71,6,1,1086,5,372
경기도,의왕시,청계동,청계동제4투,2898,2116,705,1135,240,15,2,2097,19,782
경기도,의왕시,청계동,청계동제5투,3040,2371,980,1161,185,29,2,2357,14,669
경기도,의왕시,청계동,청계동제6투,3294,2579,975,1384,185,22,0,2566,13,715
경기도,의왕시,청계동,청계동제7투,2920,2185,692,1289,169,24,0,2174,11,735
경기도,의왕시,청계동,청계동제8투,3156,2601,1055,1263,249,23,4,2594,7,555
경기도,용인시기흥구,거소·선상투표,,467,442,174,152,93,3,1,423,19,25
경기도,용인시기흥구,관외사전투표,,42479,42477,25337,10505,5854,421,28,42145,332,2
경기도,용인시기흥구,재외투표,,3451,2927,1983,608,276,43,0,2910,17,524
경기도,용인시기흥구,신갈동,관내사전투표,7591,7591,4919,1883,674,64,9,7549,42,0
경기도,용인시기흥구,신갈동,신갈동제1투,2466,1415,517,726,149,8,2,1402,13,1051
경기도,용인시기흥구,신갈동,신갈동제2투,1979,1308,505,669,116,11,1,1302,6,671
경기도,용인시기흥구,신갈동,신갈동제3투,2061,1363,533,692,120,8,1,1354,9,698
경기도,용인시기흥구,신갈동,신갈동제4투,2520,1896,903,789,172,21,3,1888,8,624
경기도,용인시기흥구,신갈동,신갈동제5투,2570,1970,769,1016,160,19,1,1965,5,600
경기도,용인시기흥구,신갈동,신갈동제6투,2184,1800,906,694,168,15,1,1784,16,384
경기도,용인시기흥구,신갈동,신갈동제7투,3354,2559,1116,1184,208,28,0,2536,23,795
경기도,용인시기흥구,신갈동,신갈동제8투,2281,1878,920,806,127,10,2,1865,13,403
경기도,용인시기흥구,신갈동,신갈동제9투,2595,2036,874,883,249,16,0,2022,14,559
경기도,용인시기흥구,영덕1동,관내사전투표,6157,6156,4272,1294,510,47,2,6125,31,1
경기도,용인시기흥구,영덕1동,영덕1동제1투,4515,3193,1129,1710,295,25,2,3161,32,1322
경기도,용인시기흥구,영덕1동,영덕1동제2투,2129,1678,716,795,138,19,1,1669,9,451
경기도,용인시기흥구,영덕1동,영덕1동제3투,2934,2248,987,1014,213,20,1,2235,13,686
경기도,용인시기흥구,영덕1동,영덕1동제4투,2881,1906,771,966,126,26,1,1890,16,975
경기도,용인시기흥구,영덕1동,영덕1동제5투,2875,2071,878,928,225,19,4,2054,17,804
경기도,용인시기흥구,영덕1동,영덕1동제6투,2398,1557,543,804,184,16,1,1548,9,841
경기도,용인시기흥구,영덕2동,관내사전투표,3436,3436,2358,730,307,20,4,3419,17,0
경기도,용인시기흥구,영덕2동,영덕2동제1투,3286,2304,844,1288,142,19,0,2293,11,982
경기도,용인시기흥구,영덕2동,영덕2동제2투,3555,2448,961,1173,266,19,1,2420,28,1107
경기도,용인시기흥구,영덕2동,영덕2동제3투,3679,2908,1304,1297,261,32,2,2896,12,771
경기도,용인시기흥구,구갈동,관내사전투표,5569,5568,3781,1153,559,45,5,5543,25,1
경기도,용인시기흥구,구갈동,구갈동제1투,2477,1393,459,716,192,9,2,1378,15,1084
경기도,용인시기흥구,구갈동,구갈동제2투,2286,1557,626,707,190,22,0,1545,12,729
경기도,용인시기흥구,구갈동,구갈동제3투,3819,2658,1099,1245,279,20,2,2645,13,1161
경기도,용인시기흥구,구갈동,구갈동제4투,2160,1726,752,808,141,16,1,1718,8,434
경기도,용인시기흥구,구갈동,구갈동제5투,2444,1788,645,904,201,21,2,1773,15,656
경기도,용인시기흥구,구갈동,구갈동제6투,1339,1062,499,456,82,11,2,1050,12,277
경기도,용인시기흥구,구갈동,구갈동제7투,1513,1126,459,543,105,12,1,1120,6,387
경기도,용인시기흥구,구갈동,구갈동제8투,3661,2875,1221,1269,340,24,1,2855,20,786
경기도,용인시기흥구,구갈동,구갈동제9투,3418,2672,1166,1190,272,22,1,2651,21,746
경기도,용인시기흥구,상갈동,관내사전투표,3548,3548,2384,801,313,24,2,3524,24,0
경기도,용인시기흥구,상갈동,상갈동제1투,2333,1464,571,717,144,18,2,1452,12,869
경기도,용인시기흥구,상갈동,상갈동제2투,2304,1528,620,690,176,26,1,1513,15,776
경기도,용인시기흥구,상갈동,상갈동제3투,2167,1699,727,820,129,12,3,1691,8,468
경기도,용인시기흥구,보라동,관내사전투표,6314,6314,4542,1266,437,48,3,6296,18,0
경기도,용인시기흥구,보라동,보라동제1투,1910,1248,523,582,115,15,3,1238,10,662
경기도,용인시기흥구,보라동,보라동제2투,1763,1329,561,651,96,10,3,1321,8,434
경기도,용인시기흥구,보라동,보라동제3투,2864,2223,892,1161,141,16,2,2212,11,641
경기도,용인시기흥구,보라동,보라동제4투,3200,2405,1097,1112,155,22,2,2388,17,795
경기도,용인시기흥구,보라동,보라동제5투,2992,1938,803,955,143,19,2,1922,16,1054
경기도,용인시기흥구,보라동,보라동제6투,3065,2263,1088,960,184,21,1,2254,9,802
경기도,용인시기흥구,보라동,보라동제7투,2601,1936,809,1000,98,21,1,1929,7,665
경기도,용인시기흥구,기흥동,관내사전투표,3089,3089,2075,792,193,14,3,3077,12,0
경기도,용인시기흥구,기흥동,기흥동제1투,2227,1438,487,839,87,14,0,1427,11,789
경기도,용인시기흥구,기흥동,기흥동제2투,2144,1460,648,690,96,13,1,1448,12,684
경기도,용인시기흥구,기흥동,기흥동제3투,744,457,111,315,25,2,0,453,4,287
경기도,용인시기흥구,기흥동,기흥동제4투,3449,2068,780,1096,163,16,2,2057,11,1381
경기도,용인시기흥구,기흥동,기흥동제5투,3422,2438,798,1453,159,12,2,2424,14,984
경기도,용인시기흥구,서농동,관내사전투표,4716,4716,3148,1032,461,37,5,4683,33,0
경기도,용인시기흥구,서농동,서농동제1투,832,559,73,307,170,5,0,555,4,273
경기도,용인시기흥구,서농동,서농동제2투,2697,2162,834,1070,222,20,1,2147,15,535
경기도,용인시기흥구,서농동,서농동제3투,2803,2030,671,1022,299,20,2,2014,16,773
경기도,용인시기흥구,서농동,서농동제4투,2027,1261,441,693,109,8,6,1257,4,766
경기도,용인시기흥구,서농동,서농동제5투,2672,2140,1049,845,201,26,2,2123,17,532
경기도,용인시기흥구,서농동,서농동제6투,1789,1425,645,614,138,17,0,1414,11,364
경기도,용인시기흥구,구성동,관내사전투표,7524,7524,4938,1966,528,54,1,7487,37,0
경기도,용인시기흥구,구성동,구성동제1투,3640,2539,703,1609,196,15,2,2525,14,1101
경기도,용인시기흥구,구성동,구성동제2투,2807,2094,576,1380,118,12,0,2086,8,713
경기도,용인시기흥구,구성동,구성동제3투,2883,2095,735,1191,149,10,0,2085,10,788
경기도,용인시기흥구,구성동,구성동제4투,2825,2276,792,1308,150,15,1,2266,10,549
경기도,용인시기흥구,구성동,구성동제5투,1663,1356,650,614,78,9,1,1352,4,307
경기도,용인시기흥구,구성동,구성동제6투,3220,2233,1018,1009,176,21,2,2226,7,987
경기도,용인시기흥구,구성동,구성동제7투,2933,2100,896,1065,109,15,1,2086,14,833
경기도,용인시기흥구,구성동,구성동제8투,2460,1738,735,863,106,22,2,1728,10,722
경기도,용인시기흥구,마북동,관내사전투표,5127,5127,3365,1341,356,43,2,5107,20,0
경기도,용인시기흥구,마북동,마북동제1투,2847,1896,578,1151,146,13,0,1888,8,951
경기도,용인시기흥구,마북동,마북동제2투,2566,1885,495,1255,120,10,0,1880,5,681
경기도,용인시기흥구,마북동,마북동제3투,4202,3180,1216,1603,312,29,0,3160,20,1022
경기도,용인시기흥구,마북동,마북동제4투,2536,2025,663,1199,139,14,1,2016,9,511
경기도,용인시기흥구,마북동,마북동제5투,2535,1921,783,946,163,15,0,1907,14,614
경기도,용인시기흥구,마북동,마북동제6투,1903,1470,451,919,78,15,1,1464,6,433
경기도,용인시기흥구,마북동,마북동제7투,2779,2000,725,1136,114,13,3,1991,9,779
경기도,용인시기흥구,동백1동,관내사전투표,5348,5348,4014,905,350,49,3,5321,27,0
경기도,용인시기흥구,동백1동,동백1동제1투,3175,2407,1309,890,174,20,0,2393,14,768
경기도,용인시기흥구,동백1동,동백1동제2투,2645,1923,813,979,112,7,1,1912,11,722
경기도,용인시기흥구,동백1동,동백1동제3투,2668,1998,964,895,112,14,2,1987,11,670
경기도,용인시기흥구,동백1동,동백1동제4투,2615,1918,910,853,121,16,3,1903,15,697
경기도,용인시기흥구,동백1동,동백1동제5투,2979,2167,1050,874,212,17,0,2153,14,812
경기도,용인시기흥구,동백1동,동백1동제6투,2044,1561,759,658,116,14,3,1550,11,483
경기도,용인시기흥구,동백2동,관내사전투표,7134,7132,5063,1444,527,63,6,7103,29,2
경기도,용인시기흥구,동백2동,동백2동제1투,2543,1954,843,934,154,9,1,1941,13,589
경기도,용인시기흥구,동백2동,동백2동제2투,3891,2713,1076,1368,218,31,1,2694,19,1178
경기도,용인시기흥구,동백2동,동백2동제3투,1746,1334,638,572,110,7,2,1329,5,412
경기도,용인시기흥구,동백2동,동백2동제4투,1932,1418,624,666,106,15,0,1411,7,514
경기도,용인시기흥구,동백2동,동백2동제5투,3195,2331,1064,1081,154,20,1,2320,11,864
경기도,용인시기흥구,동백3동,관내사전투표,4233,4233,2986,867,338,23,1,4215,18,0
경기도,용인시기흥구,동백3동,동백3동제1투,3419,2537,1148,1156,203,17,4,2528,9,882
경기도,용인시기흥구,동백3동,동백3동제2투,2836,2168,906,1073,164,18,2,2163,5,668
경기도,용인시기흥구,동백3동,동백3동제3투,4050,2850,1182,1402,238,13,1,2836,14,1200
경기도,용인시기흥구,동백3동,동백3동제4투,1964,1620,235,1345,24,4,0,1608,12,344
경기도,용인시기흥구,동백3동,동백3동제5투,1602,1199,528,552,101,12,0,1193,6,403
경기도,용인시기흥구,상하동,관내사전투표,4117,4117,2789,1001,262,37,5,4094,23,0
경기도,용인시기흥구,상하동,상하동제1투,3350,2231,848,1163,185,20,3,2219,12,1119
경기도,용인시기흥구,상하동,상하동제2투,3023,2193,909,1084,171,11,2,2177,16,830
경기도,용인시기흥구,상하동,상하동제3투,2449,1858,822,881,128,16,1,1848,10,591
경기도,용인시기흥구,상하동,상하동제4투,2587,1768,716,906,119,9,1,1751,17,819
경기도,용인시기흥구,상하동,상하동제5투,1931,1495,643,730,97,15,1,1486,9,436
경기도,용인시기흥구,보정동,관내사전투표,5569,5569,3563,1426,507,46,2,5544,25,0
경기도,용인시기흥구,보정동,보정동제1투,3906,2562,856,1421,243,27,1,2548,14,1344
경기도,용인시기흥구,보정동,보정동제2투,3572,2726,709,1828,159,15,1,2712,14,846
경기도,용인시기흥구,보정동,보정동제3투,3800,2891,950,1653,249,25,0,2877,14,909
경기도,용인시기흥구,보정동,보정동제4투,2748,2123,742,1166,178,21,0,2107,16,625
경기도,용인시기흥구,보정동,보정동제5투,2067,1623,576,940,95,6,0,1617,6,444
경기도,용인시기흥구,보정동,보정동제6투,2014,1524,688,671,134,21,1,1515,9,490
경기도,용인시기흥구,보정동,보정동제7투,1008,739,264,408,55,7,0,734,5,269
경기도,부천시오정구,거소·선상투표,,202,194,82,62,38,3,1,186,8,8
경기도,부천시오정구,관외사전투표,,14684,14677,9538,3276,1568,145,20,14547,130,7
경기도,부천시오정구,재외투표,,654,517,375,85,45,8,1,514,3,137
경기도,부천시오정구,성곡동,관내사전투표,7610,7610,5422,1646,429,60,4,7561,49,0
경기도,부천시오정구,성곡동,성곡동제1투,2528,1443,655,645,121,15,0,1436,7,1085
경기도,부천시오정구,성곡동,성곡동제2투,2703,1817,950,689,138,19,3,1799,18,886
경기도,부천시오정구,성곡동,성곡동제3투,2339,1523,764,609,122,15,1,1511,12,816
경기도,부천시오정구,성곡동,성곡동제4투,2109,1386,605,649,106,12,4,1376,10,723
경기도,부천시오정구,성곡동,성곡동제5투,1710,1064,499,472,77,10,1,1059,5,646
경기도,부천시오정구,성곡동,성곡동제6투,2430,1684,726,837,96,16,2,1677,7,746
경기도,부천시오정구,성곡동,성곡동제7투,1680,1199,491,614,81,6,2,1194,5,481
경기도,부천시오정구,성곡동,성곡동제8투,2051,1382,642,615,107,9,2,1375,7,669
경기도,부천시오정구,성곡동,성곡동제9투,1989,1524,666,734,102,11,2,1515,9,465
경기도,부천시오정구,성곡동,성곡동제10투,3006,2235,1027,1000,172,24,2,2225,10,771
경기도,부천시오정구,원종1동,관내사전투표,4670,4670,3302,995,307,38,5,4647,23,0
경기도,부천시오정구,원종1동,원종1동제1투,2709,1711,784,754,144,18,1,1701,10,998
경기도,부천시오정구,원종1동,원종1동제2투,2569,1792,754,867,137,20,2,1780,12,777
경기도,부천시오정구,원종1동,원종1동제3투,2243,1433,668,626,114,11,3,1422,11,810
경기도,부천시오정구,원종1동,원종1동제4투,2251,1378,633,614,105,16,3,1371,7,873
경기도,부천시오정구,원종1동,원종1동제5투,2679,1670,751,745,136,21,3,1656,14,1009
경기도,부천시오정구,원종2동,관내사전투표,1989,1989,1416,447,106,9,3,1981,8,0
경기도,부천시오정구,원종2동,원종2동제1투,1946,1183,560,510,88,14,3,1175,8,763
경기도,부천시오정구,원종2동,원종2동제2투,2721,1871,926,771,152,10,1,1860,11,850
경기도,부천시오정구,원종2동,원종2동제3투,1789,1281,544,628,96,12,0,1280,1,508
경기도,부천시오정구,원종2동,원종2동제4투,2001,1247,566,570,97,10,1,1244,3,754
경기도,부천시오정구,원종2동,원종2동제5투,2641,1783,877,757,107,28,4,1773,10,858
경기도,부천시오정구,고강본동,관내사전투표,4795,4795,3416,1050,247,43,2,4758,37,0
경기도,부천시오정구,고강본동,고강본동제1투,2453,1503,678,699,102,13,2,1494,9,950
경기도,부천시오정구,고강본동,고강본동제2투,2317,1301,601,572,100,16,2,1291,10,1016
경기도,부천시오정구,고강본동,고강본동제3투,2532,1475,699,652,98,12,6,1467,8,1057
경기도,부천시오정구,고강본동,고강본동제4투,3115,2038,969,885,151,15,3,2023,15,1077
경기도,부천시오정구,고강본동,고강본동제5투,3026,1900,994,763,115,19,2,1893,7,1126
경기도,부천시오정구,고강본동,고강본동제6투,1688,1160,517,545,73,13,1,1149,11,528
경기도,부천시오정구,고강1동,관내사전투표,3986,3985,2791,908,232,22,7,3960,25,1
경기도,부천시오정구,고강1동,고강1동제1투,1536,917,407,413,84,9,0,913,4,619
경기도,부천시오정구,고강1동,고강1동제2투,1725,1039,472,475,67,12,4,1030,9,686
경기도,부천시오정구,고강1동,고강1동제3투,1792,1221,601,517,89,9,3,1219,2,571
경기도,부천시오정구,고강1동,고강1동제4투,2267,1454,673,658,100,13,4,1448,6,813
경기도,부천시오정구,오정동,관내사전투표,4713,4713,3340,1037,274,42,2,4695,18,0
경기도,부천시오정구,오정동,오정동제1투,2996,1923,917,828,133,27,3,1908,15,1073
경기도,부천시오정구,오정동,오정동제2투,3817,2793,1266,1255,231,33,2,2787,6,1024
경기도,부천시오정구,오정동,오정동제3투,2600,1759,850,759,121,15,2,1747,12,841
경기도,부천시오정구,오정동,오정동제4투,2273,1463,715,626,100,6,4,1451,12,810
경기도,부천시오정구,오정동,오정동제5투,226,166,43,110,9,2,0,164,2,60
경기도,부천시오정구,신흥동,관내사전투표,2032,2032,1449,462,100,10,2,2023,9,0
경기도,부천시오정구,신흥동,신흥동제1투,1942,1259,593,558,93,10,0,1254,5,683
경기도,부천시오정구,신흥동,신흥동제2투,3606,2434,1324,906,163,24,2,2419,15,1172
경기도,부천시오정구,신흥동,신흥동제3투,1974,1231,581,531,97,13,1,1223,8,743
경기도,부천시오정구,신흥동,신흥동제4투,1601,1007,461,469,66,6,2,1004,3,594
경기도,부천시오정구,신흥동,신흥동제5투,1484,981,467,418,74,11,2,972,9,503
충청북도,괴산군,거소·선상투표,,93,88,31,39,10,2,1,83,5,5
충청북도,괴산군,관외사전투표,,3530,3530,1807,1358,288,48,4,3505,25,0
충청북도,괴산군,재외투표,,127,110,78,21,9,0,0,108,2,17
충청북도,괴산군,괴산읍,관내사전투표,2996,2996,1707,1032,196,34,5,2974,22,0
충청북도,괴산군,괴산읍,괴산읍제1투,2174,1363,435,846,59,11,0,1351,12,811
충청북도,괴산군,괴산읍,괴산읍제2투,1415,914,247,584,72,7,0,910,4,501
충청북도,괴산군,괴산읍,괴산읍제3투,1048,604,166,391,37,7,1,602,2,444
충청북도,괴산군,감물면,관내사전투표,489,489,242,220,12,14,0,488,1,0
충청북도,괴산군,감물면,감물면투표소,1108,732,191,496,23,14,1,725,7,376
충청북도,괴산군,장연면,관내사전투표,532,532,235,275,14,4,1,529,3,0
충청북도,괴산군,장연면,장연면투표소,961,619,153,443,15,4,0,615,4,342
충청북도,괴산군,연풍면,관내사전투표,729,729,321,372,29,2,1,725,4,0
충청북도,괴산군,연풍면,연풍면투표소,1081,675,165,482,19,4,0,670,5,406
충청북도,괴산군,칠성면,관내사전투표,1082,1082,562,452,46,7,3,1070,12,0
충청북도,괴산군,칠성면,칠성면투표소,1531,962,272,635,37,9,3,956,6,569
충청북도,괴산군,문광면,관내사전투표,865,865,463,352,35,6,0,856,9,0
충청북도,괴산군,문광면,문광면투표소,1143,720,233,448,23,8,0,712,8,423
충청북도,괴산군,청천면,관내사전투표,1103,1103,508,526,31,10,3,1078,25,0
충청북도,괴산군,청천면,청천면제1투,1615,1021,223,749,32,7,0,1011,10,594
충청북도,괴산군,청천면,청천면제2투,548,401,117,278,5,0,0,400,1,147
충청북도,괴산군,청천면,청천면제3투,736,566,196,349,9,7,0,561,5,170
충청북도,괴산군,청안면,관내사전투표,761,761,375,344,29,3,2,753,8,0
충청북도,괴산군,청안면,청안면제1투,940,542,156,355,26,3,0,540,2,398
충청북도,괴산군,청안면,청안면제2투,842,592,166,407,13,3,0,589,3,250
충청북도,괴산군,사리면,관내사전투표,696,696,338,322,22,8,0,690,6,0
충청북도,괴산군,사리면,사리면제1투,859,544,159,356,20,2,0,537,7,315
충청북도,괴산군,사리면,사리면제2투,523,357,89,253,10,1,0,353,4,166
충청북도,괴산군,소수면,관내사전투표,650,650,370,245,28,2,2,647,3,0
충청북도,괴산군,소수면,소수면투표소,1070,674,223,423,22,0,1,669,5,396
충청북도,괴산군,불정면,관내사전투표,793,793,383,347,49,7,0,786,7,0
충청북도,괴산군,불정면,불정면투표소,1488,970,247,680,32,6,1,966,4,518
충청남도,서천군,거소·선상투표,,118,113,55,46,8,0,1,110,3,5
충청남도,서천군,관외사전투표,,3268,3268,1787,1044,366,34,8,3239,29,0
충청남도,서천군,재외투표,,184,147,101,32,11,3,0,147,0,37
충청남도,서천군,장항읍,관내사전투표,2879,2879,1734,936,160,24,3,2857,22,0
충청남도,서천군,장항읍,장항읍제1투,1366,824,304,465,38,6,2,815,9,542
충청남도,서천군,장항읍,장항읍제2투,1541,893,357,479,47,5,1,889,4,648
충청남도,서천군,장항읍,장항읍제3투,1687,1051,385,597,47,11,1,1041,10,636
충청남도,서천군,장항읍,장항읍제4투,1328,790,275,456,41,6,1,779,11,538
충청남도,서천군,서천읍,관내사전투표,3483,3483,2040,1204,176,31,4,3455,28,0
충청남도,서천군,서천읍,서천읍제1투,1259,788,252,490,28,12,1,783,5,471
충청남도,서천군,서천읍,서천읍제2투,944,536,152,345,32,3,0,532,4,408
충청남도,서천군,서천읍,서천읍제3투,1068,642,213,398,23,4,0,638,4,426
충청남도,서천군,서천읍,서천읍제4투,1216,820,275,491,45,2,0,813,7,396
충청남도,서천군,서천읍,서천읍제5투,2149,1419,538,771,82,17,2,1410,9,730
충청남도,서천군,마서면,관내사전투표,1009,1009,624,313,51,9,4,1001,8,0
충청남도,서천군,마서면,마서면제1투,814,484,179,285,14,2,0,480,4,330
충청남도,서천군,마서면,마서면제2투,973,601,210,363,20,2,1,596,5,372
충청남도,서천군,마서면,마서면제3투,970,530,204,304,17,1,1,527,3,440
충청남도,서천군,화양면,관내사전투표,541,541,310,206,15,3,0,534,7,0
충청남도,서천군,화양면,화양면제1투,717,439,150,271,9,4,1,435,4,278
충청남도,서천군,화양면,화양면제2투,506,308,86,207,10,0,2,305,3,198
충청남도,서천군,기산면,관내사전투표,459,459,244,185,23,3,3,458,1,0
충청남도,서천군,기산면,기산면투표소,841,529,190,310,19,3,0,522,7,312
충청남도,서천군,한산면,관내사전투표,820,820,438,334,35,5,2,814,6,0
충청남도,서천군,한산면,한산면투표소,1259,765,248,475,25,4,3,755,10,494
충청남도,서천군,마산면,관내사전투표,335,335,193,120,16,1,1,331,4,0
충청남도,서천군,마산면,마산면투표소,860,565,205,334,19,0,2,560,5,295
충청남도,서천군,시초면,관내사전투표,320,320,157,137,23,0,0,317,3,0
충청남도,서천군,시초면,시초면투표소,691,423,119,277,18,3,1,418,5,268
충청남도,서천군,문산면,관내사전투표,352,352,170,160,14,6,1,351,1,0
충청남도,서천군,문산면,문산면투표소,706,455,121,320,11,0,0,452,3,251
충청남도,서천군,판교면,관내사전투표,677,676,320,317,31,1,0,669,7,1
충청남도,서천군,판교면,판교면투표소,1022,635,156,455,19,0,1,631,4,387
충청남도,서천군,종천면,관내사전투표,609,609,362,217,24,2,0,605,4,0
충청남도,서천군,종천면,종천면제1투,574,369,111,240,9,4,0,364,5,205
충청남도,서천군,종천면,종천면제2투,629,363,100,245,12,2,0,359,4,266
충청남도,서천군,비인면,관내사전투표,912,912,525,353,24,3,2,907,5,0
충청남도,서천군,비인면,비인면제1투,1009,625,194,403,17,3,2,619,6,384
충청남도,서천군,비인면,비인면제2투,599,315,124,171,13,4,0,312,3,284
충청남도,서천군,서면,관내사전투표,1038,1038,629,342,53,10,0,1034,4,0
충청남도,서천군,서면,서면제1투,928,541,182,343,12,1,1,539,2,387
충청남도,서천군,서면,서면제2투,1391,828,319,452,44,4,2,821,7,563
전라남도,담양군,거소·선상투표,,136,128,103,9,14,1,1,128,0,8
전라남도,담양군,관외사전투표,,6460,6459,5462,451,451,52,7,6423,36,1
전라남도,담양군,재외투표,,189,147,108,16,21,2,0,147,0,42
전라남도,담양군,담양읍,관내사전투표,5490,5490,5005,280,151,24,9,5469,21,0
전라남도,담양군,담양읍,담양읍제1투,971,581,485,63,23,7,2,580,1,390
전라남도,담양군,담양읍,담양읍제2투,1321,732,566,116,38,5,4,729,3,589
전라남도,담양군,담양읍,담양읍제3투,1542,934,680,180,58,8,4,930,4,608
전라남도,담양군,담양읍,담양읍제4투,1303,768,652,82,24,5,3,766,2,535
전라남도,담양군,봉산면,관내사전투표,1135,1135,1056,45,20,8,1,1130,5,0
전라남도,담양군,봉산면,봉산면투표소,819,466,370,69,18,4,3,464,2,353
전라남도,담양군,고서면,관내사전투표,1452,1452,1350,59,30,5,1,1445,7,0
전라남도,담양군,고서면,고서면투표소,837,466,374,72,11,3,1,461,5,371
전라남도,담양군,가사문학면,관내사전투표,549,549,508,23,12,1,3,547,2,0
전라남도,담양군,가사문학면,가사문학면투표소,281,132,104,24,2,1,1,132,0,149
전라남도,담양군,창평면,관내사전투표,1586,1586,1478,48,35,9,5,1575,11,0
전라남도,담양군,창평면,창평면투표소,1043,557,449,82,15,6,1,553,4,486
전라남도,담양군,대덕면,관내사전투표,724,724,678,20,13,7,2,720,4,0
전라남도,담양군,대덕면,대덕면투표소,603,317,251,51,11,1,0,314,3,286
전라남도,담양군,무정면,관내사전투표,992,992,884,57,37,6,3,987,5,0
전라남도,담양군,무정면,무정면투표소,867,454,349,75,22,2,1,449,5,413
전라남도,담양군,금성면,관내사전투표,1134,1134,1031,46,36,5,4,1122,12,0
전라남도,담양군,금성면,금성면투표소,842,428,341,63,17,2,2,425,3,414
전라남도,담양군,용면,관내사전투표,828,828,764,39,17,4,2,826,2,0
전라남도,담양군,용면,용면제1투,486,295,247,34,9,3,1,294,1,191
전라남도,담양군,용면,용면제2투,161,109,89,13,5,0,1,108,1,52
전라남도,담양군,월산면,관내사전투표,1136,1136,1040,56,18,7,4,1125,11,0
전라남도,담양군,월산면,월산면투표소,707,375,312,42,13,3,3,373,2,332
전라남도,담양군,수북면,관내사전투표,2355,2355,2161,93,67,24,2,2347,8,0
전라남도,담양군,수북면,수북면제1투,1176,706,581,85,32,5,1,704,2,470
전라남도,담양군,수북면,수북면제2투,318,200,178,15,2,1,3,199,1,118
전라남도,담양군,대전면,관내사전투표,1623,1623,1538,42,28,4,2,1614,9,0
전라남도,담양군,대전면,대전면제1투,895,513,408,78,21,4,0,511,2,382
전라남도,담양군,대전면,대전면제2투,424,274,231,28,5,5,1,270,4,150
전라남도,영암군,거소·선상투표,,199,190,105,30,24,0,3,162,28,9
전라남도,영암군,관외사전투표,,6622,6621,5460,519,526,68,8,6581,40,1
전라남도,영암군,재외투표,,153,103,73,19,5,4,0,101,2,50
전라남도,영암군,영암읍,관내사전투표,3450,3450,3130,161,103,34,2,3430,20,0
전라남도,영암군,영암읍,영암읍제1투,1039,595,478,89,17,4,2,590,5,444
전라남도,영암군,영암읍,영암읍제2투,526,295,239,42,10,2,0,293,2,231
전라남도,영암군,영암읍,영암읍제3투,868,516,389,103,16,2,1,511,5,352
전라남도,영암군,삼호읍,관내사전투표,5177,5177,4716,245,146,40,9,5156,21,0
전라남도,영암군,삼호읍,삼호읍제1투,1426,816,654,115,37,6,1,813,3,610
전라남도,영암군,삼호읍,삼호읍제2투,1289,671,531,88,37,11,0,667,4,618
전라남도,영암군,삼호읍,삼호읍제3투,535,356,290,48,9,2,2,351,5,179
전라남도,영암군,삼호읍,삼호읍제4투,3016,1892,1541,224,91,23,4,1883,9,1124
전라남도,영암군,삼호읍,삼호읍제5투,651,378,316,40,13,4,2,375,3,273
전라남도,영암군,삼호읍,삼호읍제6투,2720,1755,1398,209,106,31,5,1749,6,965
전라남도,영암군,덕진면,관내사전투표,806,806,734,41,16,8,0,799,7,0
전라남도,영암군,덕진면,덕진면제1투,349,189,157,25,5,1,1,189,0,160
전라남도,영암군,덕진면,덕진면제2투,305,195,161,23,8,3,0,195,0,110
전라남도,영암군,금정면,관내사전투표,992,992,912,46,18,5,1,982,10,0
전라남도,영암군,금정면,금정면투표소,568,255,193,46,6,3,2,250,5,313
전라남도,영암군,신북면,관내사전투표,1629,1629,1544,44,24,7,3,1622,7,0
전라남도,영암군,신북면,신북면제1투,520,281,231,36,11,0,0,278,3,239
전라남도,영암군,신북면,신북면제2투,311,151,129,12,7,1,1,150,1,160
전라남도,영암군,신북면,신북면제3투,311,207,183,15,7,0,0,205,2,104
전라남도,영암군,시종면,관내사전투표,1498,1498,1386,63,28,8,3,1488,10,0
전라남도,영암군,시종면,시종면제1투,648,309,260,34,11,1,2,308,1,339
전라남도,영암군,시종면,시종면제2투,420,202,172,23,4,1,0,200,2,218
전라남도,영암군,도포면,관내사전투표,859,859,801,24,18,4,1,848,11,0
전라남도,영암군,도포면,도포면제1투,372,209,179,22,6,0,0,207,2,163
전라남도,영암군,도포면,도포면제2투,399,243,197,39,2,2,1,241,2,156
전라남도,영암군,군서면,관내사전투표,1312,1312,1189,62,30,14,2,1297,15,0
전라남도,영암군,군서면,군서면제1투,444,244,204,34,3,1,1,243,1,200
전라남도,영암군,군서면,군서면제2투,645,397,324,52,11,4,0,391,6,248
전라남도,영암군,서호면,관내사전투표,793,793,710,48,21,5,1,785,8,0
전라남도,영암군,서호면,서호면투표소,590,310,238,59,6,2,2,307,3,280
전라남도,영암군,학산면,관내사전투표,1885,1885,1678,130,43,15,7,1873,12,0
전라남도,영암군,학산면,학산면제1투,432,208,153,38,13,2,0,206,2,224
전라남도,영암군,학산면,학산면제2투,346,208,154,43,4,5,1,207,1,138
전라남도,영암군,학산면,학산면제3투,149,78,67,9,2,0,0,78,0,71
전라남도,영암군,미암면,관내사전투표,644,644,589,35,12,3,1,640,4,0
전라남도,영암군,미암면,미암면투표소,736,418,330,71,10,4,1,416,2,318
경상북도,영주시,거소·선상투표,,338,326,80,187,29,4,3,303,23,12
경상북도,영주시,관외사전투표,,5395,5394,1950,2471,844,48,12,5325,69,1
경상북도,영주시,재외투표,,272,210,146,40,20,2,0,208,2,62
경상북도,영주시,풍기읍,관내사전투표,2456,2456,995,1291,139,11,1,2437,19,0
경상북도,영주시,풍기읍,풍기읍제1투,1199,850,130,696,17,3,1,847,3,349
경상북도,영주시,풍기읍,풍기읍제2투,1392,953,119,795,26,3,1,944,9,439
경상북도,영주시,풍기읍,풍기읍제3투,1355,923,116,761,37,2,0,916,7,432
경상북도,영주시,풍기읍,풍기읍제4투,1592,1004,181,758,50,6,1,996,8,588
경상북도,영주시,풍기읍,풍기읍제5투,829,601,84,493,14,2,2,595,6,228
경상북도,영주시,이산면,관내사전투표,555,555,191,314,40,2,1,548,7,0
경상북도,영주시,이산면,이산면제1투,717,476,70,381,20,2,0,473,3,241
경상북도,영주시,이산면,이산면제2투,571,410,57,335,14,0,0,406,4,161
경상북도,영주시,평은면,관내사전투표,431,431,115,294,15,3,0,427,4,0
경상북도,영주시,평은면,평은면투표소,814,560,53,493,8,1,0,555,5,254
경상북도,영주시,문수면,관내사전투표,634,634,205,378,31,5,2,621,13,0
경상북도,영주시,문수면,문수면투표소,1049,686,98,544,21,7,3,673,13,363
경상북도,영주시,장수면,관내사전투표,663,663,204,399,46,7,0,656,7,0
경상북도,영주시,장수면,장수면제1투,907,638,69,538,15,1,0,623,15,269
경상북도,영주시,장수면,장수면제2투,360,258,30,219,3,3,0,255,3,102
경상북도,영주시,안정면,관내사전투표,788,788,269,466,43,5,1,784,4,0
경상북도,영주시,안정면,안정면제1투,1216,819,102,684,19,4,0,809,10,397
경상북도,영주시,안정면,안정면제2투,570,440,55,372,8,1,0,436,4,130
경상북도,영주시,봉현면,관내사전투표,560,560,210,319,23,5,1,558,2,0
경상북도,영주시,봉현면,봉현면제1투,1086,750,91,630,25,2,0,748,2,336
경상북도,영주시,봉현면,봉현면제2투,590,472,77,387,6,0,0,470,2,118
경상북도,영주시,순흥면,관내사전투표,722,722,199,475,30,6,0,710,12,0
경상북도,영주시,순흥면,순흥면투표소,1071,777,100,642,23,6,1,772,5,294
경상북도,영주시,단산면,관내사전투표,418,418,117,255,31,5,1,409,9,0
경상북도,영주시,단산면,단산면제1투,580,414,66,332,10,1,1,410,4,166
경상북도,영주시,단산면,단산면제2투,534,411,55,339,7,3,1,405,6,123
경상북도,영주시,부석면,관내사전투표,800,800,253,495,35,5,0,788,12,0
경상북도,영주시,부석면,부석면제1투,1278,884,130,709,32,3,1,875,9,394
경상북도,영주시,부석면,부석면제2투,437,293,49,230,9,3,0,291,2,144
경상북도,영주시,상망동,관내사전투표,1562,1561,676,764,101,8,0,1549,12,1
경상북도,영주시,상망동,상망동제1투,708,460,75,361,15,0,0,451,9,248
경상북도,영주시,상망동,상망동제2투,2017,1432,316,1025,72,11,2,1426,6,585
경상북도,영주시,상망동,상망동제3투,1250,849,151,654,33,2,0,840,9,401
경상북도,영주시,하망동,관내사전투표,1382,1381,506,779,65,6,2,1358,23,1
경상북도,영주시,하망동,하망동제1투,1291,873,131,703,31,1,1,867,6,418
경상북도,영주시,하망동,하망동제2투,843,661,167,440,41,9,2,659,2,182
경상북도,영주시,하망동,하망동제3투,1120,803,115,660,24,2,1,802,1,317
경상북도,영주시,영주1동,관내사전투표,1099,1099,410,601,74,11,1,1097,2,0
경상북도,영주시,영주1동,영주1동제1투,1130,719,85,607,22,2,0,716,3,411
경상북도,영주시,영주1동,영주1동제2투,1104,747,110,601,23,3,2,739,8,357
경상북도,영주시,영주2동,관내사전투표,1898,1898,724,1045,103,15,1,1888,10,0
경상북도,영주시,영주2동,영주2동제1투,1766,1243,188,1001,47,2,0,1238,5,523
경상북도,영주시,영주2동,영주2동제2투,905,645,83,532,17,3,1,636,9,260
경상북도,영주시,휴천1동,관내사전투표,1213,1213,518,602,70,10,1,1201,12,0
경상북도,영주시,휴천1동,휴천1동제1투,1309,869,135,695,32,2,1,865,4,440
경상북도,영주시,휴천1동,휴천1동제2투,1885,1279,278,912,70,10,4,1274,5,606
경상북도,영주시,휴천2동,관내사전투표,2293,2293,970,1133,157,17,1,2278,15,0
경상북도,영주시,휴천2동,휴천2동제1투,1896,1323,173,1111,29,1,1,1315,8,573
경상북도,영주시,휴천2동,휴천2동제2투,1543,960,202,664,75,7,2,950,10,583
경상북도,영주시,휴천2동,휴천2동제3투,1520,1154,218,856,56,16,1,1147,7,366
경상북도,영주시,휴천2동,휴천2동제4투,1016,684,89,566,20,4,2,681,3,332
경상북도,영주시,휴천3동,관내사전투표,1398,1398,567,739,66,16,0,1388,10,0
경상북도,영주시,휴천3동,휴천3동제1투,1258,844,127,682,27,5,0,841,3,414
경상북도,영주시,휴천3동,휴천3동제2투,2957,2122,443,1549,105,12,2,2111,11,835
경상북도,영주시,가흥1동,관내사전투표,3803,3803,1894,1551,298,37,2,3782,21,0
경상북도,영주시,가흥1동,가흥1동제1투,2547,1528,352,1068,87,12,0,1519,9,1019
경상북도,영주시,가흥1동,가흥1동제2투,2676,1705,374,1186,124,13,0,1697,8,971
경상북도,영주시,가흥1동,가흥1동제3투,2241,1617,596,915,81,17,2,1611,6,624
경상북도,영주시,가흥2동,관내사전투표,1827,1827,787,877,125,15,2,1806,21,0
경상북도,영주시,가흥2동,가흥2동제1투,2404,1550,294,1162,71,11,0,1538,12,854
경상북도,영주시,가흥2동,가흥2동제2투,2861,1825,439,1252,102,17,2,1812,13,1036
경상북도,영양군,거소·선상투표,,29,27,3,20,3,0,0,26,1,2
경상북도,영양군,관외사전투표,,1084,1084,387,570,107,13,1,1078,6,0
경상북도,영양군,재외투표,,44,21,11,9,1,0,0,21,0,23
경상북도,영양군,영양읍,관내사전투표,1881,1881,701,1041,112,9,2,1865,16,0
경상북도,영양군,영양읍,영양읍제1투,1421,988,150,790,33,4,2,979,9,433
경상북도,영양군,영양읍,영양읍제2투,1186,815,115,675,15,3,1,809,6,371
경상북도,영양군,영양읍,영양읍제3투,963,662,87,556,14,2,0,659,3,301
경상북도,영양군,입암면,관내사전투표,647,647,219,394,28,1,1,643,4,0
경상북도,영양군,입암면,입암면투표소,1077,750,98,620,23,5,0,746,4,327
경상북도,영양군,청기면,관내사전투표,447,447,127,293,20,2,0,442,5,0
경상북도,영양군,청기면,청기면제1투,559,394,50,323,14,1,1,389,5,165
경상북도,영양군,청기면,청기면제2투,382,290,45,232,9,1,2,289,1,92
경상북도,영양군,일월면,관내사전투표,488,488,167,289,18,8,0,482,6,0
경상북도,영양군,일월면,일월면투표소,974,704,112,559,18,7,0,696,8,270
경상북도,영양군,수비면,관내사전투표,454,454,176,250,19,7,0,452,2,0
경상북도,영양군,수비면,수비면투표소,877,608,89,495,13,3,0,600,8,269
경상북도,영양군,석보면,관내사전투표,541,541,180,333,21,2,0,536,5,0
경상북도,영양군,석보면,석보면제1투,786,562,94,447,11,4,0,556,6,224
경상북도,영양군,석보면,석보면제2투,321,252,37,208,5,0,0,250,2,69
경상남도,함안군,거소·선상투표,,196,187,42,115,23,0,2,182,5,9
경상남도,함안군,관외사전투표,,4873,4873,2105,2141,504,49,8,4807,66,0
경상남도,함안군,재외투표,,406,193,89,74,24,3,1,191,2,213
경상남도,함안군,가야읍,관내사전투표,3240,3240,1588,1412,182,34,3,3219,21,0
경상남도,함안군,가야읍,가야읍제1투,1762,1121,222,824,55,12,1,1114,7,641
경상남도,함안군,가야읍,가야읍제2투,2745,1782,497,1137,113,19,1,1767,15,963
경상남도,함안군,가야읍,가야읍제3투,2409,1534,406,1012,97,13,2,1530,4,875
경상남도,함안군,가야읍,가야읍제4투,2332,1525,389,1042,68,10,4,1513,12,807
경상남도,함안군,칠원읍,관내사전투표,2635,2635,1272,1188,127,25,3,2615,20,0
경상남도,함안군,칠원읍,칠원읍제1투,2661,1761,400,1268,66,15,1,1750,11,900
경상남도,함안군,칠원읍,칠원읍제2투,753,540,105,410,17,1,0,533,7,213
경상남도,함안군,칠원읍,칠원읍제3투,2859,2331,949,1186,155,28,2,2320,11,528
경상남도,함안군,칠원읍,칠원읍제4투,1774,1223,320,818,63,8,2,1211,12,551
경상남도,함안군,칠원읍,칠원읍제5투,2370,1804,728,925,104,28,4,1789,15,566
경상남도,함안군,함안면,관내사전투표,667,667,301,328,28,8,1,666,1,0
경상남도,함안군,함안면,함안면투표소,1361,894,170,680,32,2,1,885,9,467
경상남도,함안군,군북면,관내사전투표,1536,1536,629,759,126,9,3,1526,10,0
경상남도,함안군,군북면,군북면제1투,1484,870,173,640,42,5,1,861,9,614
경상남도,함안군,군북면,군북면제2투,621,417,101,300,10,5,0,416,1,204
경상남도,함안군,군북면,군북면제3투,741,443,92,333,13,2,0,440,3,298
경상남도,함안군,군북면,군북면제4투,473,308,64,229,7,6,1,307,1,165
경상남도,함안군,법수면,관내사전투표,744,744,310,371,51,5,1,738,6,0
경상남도,함안군,법수면,법수면투표소,1609,1003,204,753,28,8,3,996,7,606
경상남도,함안군,대산면,관내사전투표,797,797,364,394,27,3,2,790,7,0
경상남도,함안군,대산면,대산면투표소,1862,1146,184,909,27,9,2,1131,15,716
경상남도,함안군,칠서면,관내사전투표,599,599,274,279,30,10,1,594,5,0
경상남도,함안군,칠서면,칠서면제1투,1786,1204,347,756,73,16,3,1195,9,582
경상남도,함안군,칠서면,칠서면제2투,490,295,57,223,8,2,1,291,4,195
경상남도,함안군,칠서면,칠서면제3투,844,588,92,471,15,6,1,585,3,256
경상남도,함안군,칠북면,관내사전투표,455,455,157,266,26,3,0,452,3,0
경상남도,함안군,칠북면,칠북면투표소,1170,797,102,666,20,3,1,792,5,373
경상남도,함안군,산인면,관내사전투표,1462,1462,712,642,66,16,3,1439,23,0
경상남도,함안군,산인면,산인면투표소,1458,952,187,725,27,3,1,943,9,506
경상남도,함안군,여항면,관내사전투표,352,352,124,212,13,3,0,352,0,0
경상남도,함안군,여항면,여항면투표소,464,323,46,267,8,2,0,323,0,141
강원특별자치도,속초시,거소·선상투표,,160,149,49,61,36,0,2,148,1,11
강원특별자치도,속초시,관외사전투표,,5927,5926,3140,1898,745,74,10,5867,59,1
강원특별자치도,속초시,재외투표,,273,222,141,51,26,2,0,220,2,51
강원특별자치도,속초시,영랑동,관내사전투표,1729,1729,1048,540,117,13,3,1721,8,0
강원특별자치도,속초시,영랑동,영랑동제1투,1270,837,278,503,38,6,0,825,12,433
강원특별자치도,속초시,영랑동,영랑동제2투,1461,894,245,599,38,8,0,890,4,567
강원특별자치도,속초시,동명동,관내사전투표,1211,1211,650,458,83,14,0,1205,6,0
강원특별자치도,속초시,동명동,동명동제1투,1540,926,278,581,55,7,1,922,4,614
강원특별자치도,속초시,동명동,동명동제2투,1030,618,185,405,23,4,0,617,1,412
강원특별자치도,속초시,금호동,관내사전투표,1702,1702,861,710,106,10,2,1689,13,0
강원특별자치도,속초시,금호동,금호동제1투,1431,791,174,578,36,0,1,789,2,640
강원특별자치도,속초시,금호동,금호동제2투,1007,600,154,414,26,2,0,596,4,407
강원특별자치도,속초시,금호동,금호동제3투,678,443,138,274,25,2,0,439,4,235
강원특별자치도,속초시,교동,관내사전투표,2342,2342,1401,772,134,21,1,2329,13,0
강원특별자치도,속초시,교동,교동제1투,2045,1099,298,743,44,4,4,1093,6,946
강원특별자치도,속초시,교동,교동제2투,3091,1886,643,1101,112,14,2,1872,14,1205
강원특별자치도,속초시,노학동,관내사전투표,5034,5034,2894,1761,292,47,7,5001,33,0
강원특별자치도,속초시,노학동,노학동제1투,2201,1338,434,791,90,11,1,1327,11,863
강원특별자치도,속초시,노학동,노학동제2투,1520,842,243,545,43,6,1,838,4,678
강원특별자치도,속초시,노학동,노학동제3투,2231,1200,390,713,74,18,3,1198,2,1031
강원특별자치도,속초시,노학동,노학동제4투,1107,654,238,374,36,1,0,649,5,453
강원특별자치도,속초시,노학동,노학동제5투,1577,951,255,648,35,10,0,948,3,626
강원특별자치도,속초시,노학동,노학동제6투,2534,1683,614,924,112,26,0,1676,7,851
강원특별자치도,속초시,조양동,관내사전투표,5487,5487,3409,1604,392,50,1,5456,31,0
강원특별자치도,속초시,조양동,조양동제1투,2102,1280,514,670,73,12,2,1271,9,822
강원특별자치도,속초시,조양동,조양동제2투,1818,1123,434,601,71,7,1,1114,9,695
강원특별자치도,속초시,조양동,조양동제3투,2695,1480,504,865,94,9,1,1473,7,1215
강원특별자치도,속초시,조양동,조양동제4투,3493,2116,777,1125,178,21,1,2102,14,1377
강원특별자치도,속초시,조양동,조양동제5투,2002,1376,481,773,98,18,0,1370,6,626
강원특별자치도,속초시,조양동,조양동제6투,3095,1946,678,1124,118,14,2,1936,10,1149
강원특별자치도,속초시,청호동,관내사전투표,1360,1360,744,513,83,13,1,1354,6,0
강원특별자치도,속초시,청호동,청호동제1투,1870,1113,296,756,47,8,2,1109,4,757
강원특별자치도,속초시,청호동,청호동제2투,746,457,128,297,27,2,0,454,3,289
강원특별자치도,속초시,대포동,관내사전투표,717,717,387,265,51,7,2,712,5,0
강원특별자치도,속초시,대포동,대포동제1투,785,517,109,376,21,7,0,513,4,268
강원특별자치도,속초시,대포동,대포동제2투,1063,698,177,497,19,2,0,695,3,365
전북특별자치도,전주시덕진구,거소·선상투표,,539,508,356,62,68,5,3,494,14,31
전북특별자치도,전주시덕진구,관외사전투표,,37393,37383,30320,2734,3646,358,41,37099,284,10
전북특별자치도,전주시덕진구,재외투표,,1055,898,708,92,84,7,0,891,7,157
전북특별자치도,전주시덕진구,진북동,관내사전투표,5080,5080,4363,435,209,45,4,5056,24,0
전북특별자치도,전주시덕진구,진북동,진북동제1투,1214,652,508,109,21,8,0,646,6,562
전북특별자치도,전주시덕진구,진북동,진북동제2투,1798,1058,736,232,71,13,2,1054,4,740
전북특별자치도,전주시덕진구,진북동,진북동제3투,1175,813,627,140,38,5,1,811,2,362
전북특별자치도,전주시덕진구,진북동,진북동제4투,1262,846,573,206,56,6,0,841,5,416
전북특별자치도,전주시덕진구,인후1동,관내사전투표,5995,5995,5209,469,250,33,4,5965,30,0
전북특별자치도,전주시덕진구,인후1동,인후1동제1투,1716,953,666,194,71,8,4,943,10,763
전북특별자치도,전주시덕진구,인후1동,인후1동제2투,1481,969,726,160,52,20,2,960,9,512
전북특별자치도,전주시덕진구,인후1동,인후1동제3투,1680,1171,860,212,75,16,1,1164,7,509
전북특별자치도,전주시덕진구,인후1동,인후1동제4투,1846,1322,911,263,108,23,4,1309,13,524
전북특별자치도,전주시덕진구,인후2동,관내사전투표,3113,3113,2701,229,138,27,3,3098,15,0
전북특별자치도,전주시덕진구,인후2동,인후2동제1투,1210,786,589,145,39,7,0,780,6,424
전북특별자치도,전주시덕진구,인후2동,인후2동제2투,818,415,299,86,24,4,2,415,0,403
전북특별자치도,전주시덕진구,인후2동,인후2동제3투,1327,773,583,129,50,6,0,768,5,554
전북특별자치도,전주시덕진구,인후2동,인후2동제4투,1551,1071,775,199,87,7,0,1068,3,480
전북특별자치도,전주시덕진구,인후3동,관내사전투표,6915,6915,6233,341,264,44,3,6885,30,0
전북특별자치도,전주시덕진구,인후3동,인후3동제1투,1869,874,605,170,73,13,0,861,13,995
전북특별자치도,전주시덕진구,인후3동,인후3동제2투,1623,976,725,165,68,15,0,973,3,647
전북특별자치도,전주시덕진구,인후3동,인후3동제3투,1827,1157,874,176,80,12,3,1145,12,670
전북특별자치도,전주시덕진구,인후3동,인후3동제4투,1705,1240,952,204,65,12,1,1234,6,465
전북특별자치도,전주시덕진구,인후3동,인후3동제5투,2083,1472,1141,198,108,13,0,1460,12,611
전북특별자치도,전주시덕진구,인후3동,인후3동제6투,2011,1384,1119,157,81,18,1,1376,8,627
전북특별자치도,전주시덕진구,인후3동,인후3동제7투,1704,777,534,181,51,7,2,775,2,927
전북특별자치도,전주시덕진구,덕진동,관내사전투표,6643,6643,4929,570,1000,87,3,6589,54,0
전북특별자치도,전주시덕진구,덕진동,덕진동제1투,1849,1075,590,295,157,9,2,1053,22,774
전북특별자치도,전주시덕진구,덕진동,덕진동제2투,1559,997,695,201,80,11,1,988,9,562
전북특별자치도,전주시덕진구,덕진동,덕진동제3투,1868,1196,868,212,97,10,2,1189,7,672
전북특별자치도,전주시덕진구,덕진동,덕진동제4투,2221,1447,1081,221,110,25,0,1437,10,774
전북특별자치도,전주시덕진구,덕진동,덕진동제5투,2510,2013,1605,239,130,21,0,1995,18,497
전북특별자치도,전주시덕진구,금암동,관내사전투표,4066,4066,3566,273,170,25,4,4038,28,0
전북특별자치도,전주시덕진구,금암동,금암동제1투,1957,1182,728,251,174,19,1,1173,9,775
전북특별자치도,전주시덕진구,금암동,금암동제2투,2280,1437,805,353,241,20,2,1421,16,843
전북특별자치도,전주시덕진구,금암동,금암동제3투,1106,596,433,114,36,10,1,594,2,510
전북특별자치도,전주시덕진구,금암동,금암동제4투,1546,1009,703,214,76,15,0,1008,1,537
전북특별자치도,전주시덕진구,금암동,금암동제5투,1228,692,416,183,79,9,3,690,2,536
전북특별자치도,전주시덕진구,팔복동,관내사전투표,3883,3883,3446,217,174,24,2,3863,20,0
전북특별자치도,전주시덕진구,팔복동,팔복동제1투,1077,560,394,119,38,7,0,558,2,517
전북특별자치도,전주시덕진구,팔복동,팔복동제2투,1614,1021,824,133,47,9,3,1016,5,593
전북특별자치도,전주시덕진구,팔복동,팔복동제3투,776,458,288,100,65,3,0,456,2,318
전북특별자치도,전주시덕진구,우아1동,관내사전투표,4035,4035,3523,264,200,32,3,4022,13,0
전북특별자치도,전주시덕진구,우아1동,우아1동제1투,1426,827,562,201,51,8,1,823,4,599
전북특별자치도,전주시덕진구,우아1동,우아1동제2투,2023,1421,1053,241,105,14,2,1415,6,602
전북특별자치도,전주시덕진구,우아1동,우아1동제3투,1253,635,422,132,70,6,1,631,4,618
전북특별자치도,전주시덕진구,우아2동,관내사전투표,5650,5650,5073,322,190,44,3,5632,18,0
전북특별자치도,전주시덕진구,우아2동,우아2동제1투,1355,941,715,159,44,12,2,932,9,414
전북특별자치도,전주시덕진구,우아2동,우아2동제2투,1986,962,700,177,64,9,1,951,11,1024
전북특별자치도,전주시덕진구,우아2동,우아2동제3투,404,283,231,37,10,1,3,282,1,121
전북특별자치도,전주시덕진구,우아2동,우아2동제4투,2464,1252,943,221,74,6,1,1245,7,1212
전북특별자치도,전주시덕진구,호성동,관내사전투표,6059,6059,5450,304,246,36,5,6041,18,0
전북특별자치도,전주시덕진구,호성동,호성동제1투,588,376,296,56,18,1,1,372,4,212
전북특별자치도,전주시덕진구,호성동,호성동제2투,2688,1924,1478,301,112,20,2,1913,11,764
전북특별자치도,전주시덕진구,호성동,호성동제3투,2441,1706,1361,239,81,16,1,1698,8,735
전북특별자치도,전주시덕진구,호성동,호성동제4투,1952,1425,993,314,101,9,3,1420,5,527
전북특별자치도,전주시덕진구,송천1동,관내사전투표,9394,9394,8165,507,593,83,7,9355,39,0
전북특별자치도,전주시덕진구,송천1동,송천1동제1투,1813,1262,923,223,88,18,3,1255,7,551
전북특별자치도,전주시덕진구,송천1동,송천1동제2투,1776,1252,966,188,75,12,2,1243,9,524
전북특별자치도,전주시덕진구,송천1동,송천1동제3투,1949,1335,1000,219,93,11,2,1325,10,614
전북특별자치도,전주시덕진구,송천1동,송천1동제4투,2020,1518,1150,242,96,15,1,1504,14,502
전북특별자치도,전주시덕진구,송천1동,송천1동제5투,2072,1693,1329,201,131,19,3,1683,10,379
전북특별자치도,전주시덕진구,송천1동,송천1동제6투,2404,1880,1435,266,143,23,0,1867,13,524
전북특별자치도,전주시덕진구,송천1동,송천1동제7투,2176,1603,1232,236,113,13,3,1597,6,573
전북특별자치도,전주시덕진구,송천1동,송천1동제8투,2396,1961,1529,249,144,20,5,1947,14,435
전북특별자치도,전주시덕진구,송천1동,송천1동제9투,3021,2294,1684,356,213,24,4,2281,13,727
전북특별자치도,전주시덕진구,송천1동,송천1동제10투,2341,1767,1339,273,130,21,0,1763,4,574
전북특별자치도,전주시덕진구,송천1동,송천1동제11투,2079,1486,1062,280,119,14,3,1478,8,593
전북특별자치도,전주시덕진구,송천1동,송천1동제12투,2612,2073,1576,289,179,21,1,2066,7,539
전북특별자치도,전주시덕진구,송천2동,관내사전투표,11540,11540,10295,604,511,76,10,11496,44,0
전북특별자치도,전주시덕진구,송천2동,송천2동제1투,1442,914,697,133,70,10,0,910,4,528
전북특별자치도,전주시덕진구,송천2동,송천2동제2투,1544,1171,913,173,65,12,2,1165,6,373
전북특별자치도,전주시덕진구,송천2동,송천2동제3투,1231,834,601,169,47,9,1,827,7,397
전북특별자치도,전주시덕진구,송천2동,송천2동제4투,1415,972,728,177,52,10,0,967,5,443
전북특별자치도,전주시덕진구,송천2동,송천2동제5투,2380,1777,1311,312,119,20,2,1764,13,603
전북특별자치도,전주시덕진구,송천2동,송천2동제6투,1172,802,628,106,45,15,1,795,7,370
전북특별자치도,전주시덕진구,송천2동,송천2동제7투,1789,1204,853,232,86,21,0,1192,12,585
전북특별자치도,전주시덕진구,조촌동,관내사전투표,4939,4939,4423,257,199,34,8,4921,18,0
전북특별자치도,전주시덕진구,조촌동,조촌동제1투,1735,1071,783,186,80,9,1,1059,12,664
전북특별자치도,전주시덕진구,조촌동,조촌동제2투,2379,1526,1154,245,98,19,1,1517,9,853
전북특별자치도,전주시덕진구,조촌동,조촌동제3투,753,458,368,61,21,5,0,455,3,295
전북특별자치도,전주시덕진구,여의동,관내사전투표,5242,5242,4648,312,215,38,4,5217,25,0
전북특별자치도,전주시덕진구,여의동,여의동제1투,1592,946,646,199,79,14,1,939,7,646
전북특별자치도,전주시덕진구,여의동,여의동제2투,1469,972,721,163,69,11,1,965,7,497
전북특별자치도,전주시덕진구,여의동,여의동제3투,2010,1318,1018,189,84,14,3,1308,10,692
전북특별자치도,전주시덕진구,여의동,여의동제4투,901,688,532,99,39,13,0,683,5,213
전북특별자치도,전주시덕진구,여의동,여의동제5투,808,641,469,105,53,9,1,637,4,167
전북특별자치도,전주시덕진구,혁신동,관내사전투표,7739,7739,6620,520,493,80,2,7715,24,0
전북특별자치도,전주시덕진구,혁신동,혁신동제1투,2730,2029,1396,413,169,28,7,2013,16,701
전북특별자치도,전주시덕진구,혁신동,혁신동제2투,1892,1302,937,233,110,14,1,1295,7,590
전북특별자치도,전주시덕진구,혁신동,혁신동제3투,1783,1440,1091,220,91,29,0,1431,9,343
전북특별자치도,전주시덕진구,혁신동,혁신동제4투,2385,1864,1337,326,175,12,1,1851,13,521
전북특별자치도,전주시덕진구,혁신동,혁신동제5투,2542,2045,1561,283,165,24,2,2035,10,497
전북특별자치도,전주시덕진구,혁신동,혁신동제6투,1771,1383,1047,208,99,21,1,1376,7,388
대구광역시,달성군,거소·선상투표,,374,358,104,174,54,4,4,340,18,16
대구광역시,달성군,관외사전투표,,18118,18115,6396,8956,2407,170,18,17947,168,3
대구광역시,달성군,재외투표,,739,523,285,150,78,6,1,520,3,216
대구광역시,달성군,화원읍,관내사전투표,4992,4992,1795,2713,395,50,3,4956,36,0
대구광역시,달성군,화원읍,화원읍제1투,2751,1998,262,1589,123,13,3,1990,8,753
대구광역시,달성군,화원읍,화원읍제2투,2733,2043,287,1624,97,18,3,2029,14,690
대구광역시,달성군,화원읍,화원읍제3투,1989,1457,193,1184,62,2,2,1443,14,532
대구광역시,달성군,화원읍,화원읍제4투,2302,1302,190,1035,61,9,1,1296,6,1000
대구광역시,달성군,화원읍,화원읍제5투,2586,1989,354,1504,103,13,0,1974,15,597
대구광역시,달성군,화원읍,화원읍제6투,2929,2236,343,1730,141,12,1,2227,9,693
대구광역시,달성군,화원읍,화원읍제7투,987,789,129,610,42,6,0,787,2,198
대구광역시,달성군,화원읍,화원읍제8투,2912,2132,287,1675,137,18,4,2121,11,780
대구광역시,달성군,화원읍,화원읍제9투,3193,2494,368,1955,142,16,1,2482,12,699
대구광역시,달성군,화원읍,화원읍제10투,2341,1790,328,1304,132,15,1,1780,10,551
대구광역시,달성군,화원읍,화원읍제11투,1556,1219,217,911,73,8,0,1209,10,337
대구광역시,달성군,화원읍,화원읍제12투,2656,2312,511,1596,176,20,1,2304,8,344
대구광역시,달성군,화원읍,화원읍제13투,2951,2429,467,1743,181,23,4,2418,11,522
대구광역시,달성군,논공읍,관내사전투표,1599,1599,545,919,119,4,2,1589,10,0
대구광역시,달성군,논공읍,논공읍제1투,2103,1402,181,1143,68,5,1,1398,4,701
대구광역시,달성군,논공읍,논공읍제2투,672,475,41,416,12,2,1,472,3,197
대구광역시,달성군,논공읍,논공읍제3투,1548,1001,229,727,32,5,0,993,8,547
대구광역시,달성군,논공읍,논공읍제4투,1297,900,197,636,53,9,1,896,4,397
대구광역시,달성군,논공읍,논공읍제5투,2312,1593,347,1112,109,11,3,1582,11,719
대구광역시,달성군,논공읍,논공읍제6투,1809,1151,211,885,42,8,1,1147,4,658
대구광역시,달성군,논공읍,논공읍제7투,1570,1161,257,823,63,10,2,1155,6,409
대구광역시,달성군,다사읍,관내사전투표,6508,6506,2739,3136,533,59,4,6471,35,2
대구광역시,달성군,다사읍,다사읍제1투,1862,1369,306,917,127,9,1,1360,9,493
대구광역시,달성군,다사읍,다사읍제2투,3729,2866,612,1963,236,31,4,2846,20,863
대구광역시,달성군,다사읍,다사읍제3투,1984,1457,295,1072,73,6,2,1448,9,527
대구광역시,달성군,다사읍,다사읍제4투,557,412,36,361,11,2,1,411,1,145
대구광역시,달성군,다사읍,다사읍제5투,3713,2767,462,2040,222,20,3,2747,20,946
대구광역시,달성군,다사읍,다사읍제6투,2337,1813,388,1287,105,16,1,1797,16,524
대구광역시,달성군,다사읍,다사읍제7투,2512,1927,415,1370,116,20,1,1922,5,585
대구광역시,달성군,다사읍,다사읍제8투,2864,2136,410,1511,178,22,2,2123,13,728
대구광역시,달성군,다사읍,다사읍제9투,2395,1859,400,1294,137,17,2,1850,9,536
대구광역시,달성군,다사읍,다사읍제10투,2920,2305,516,1580,183,17,2,2298,7,615
대구광역시,달성군,다사읍,다사읍제11투,3443,2770,656,1820,252,21,5,2754,16,673
대구광역시,달성군,다사읍,다사읍제12투,2797,2150,484,1498,143,16,1,2142,8,647
대구광역시,달성군,다사읍,다사읍제13투,3081,2402,605,1582,190,17,2,2396,6,679
대구광역시,달성군,다사읍,다사읍제14투,1781,1217,231,880,91,6,0,1208,9,564
대구광역시,달성군,다사읍,다사읍제15투,3156,2209,607,1391,179,20,0,2197,12,947
대구광역시,달성군,다사읍,다사읍제16투,4146,3072,785,1944,292,21,3,3045,27,1074
대구광역시,달성군,다사읍,다사읍제17투,2815,2298,612,1447,208,17,1,2285,13,517
대구광역시,달성군,다사읍,다사읍제18투,2799,2141,554,1371,186,21,0,2132,9,658
대구광역시,달성군,다사읍,다사읍제19투,2653,2059,564,1277,187,15,4,2047,12,594
대구광역시,달성군,다사읍,다사읍제20투,2752,2263,603,1383,243,20,1,2250,13,489
대구광역시,달성군,다사읍,다사읍제21투,3040,2295,470,1614,182,19,2,2287,8,745
대구광역시,달성군,유가읍,관내사전투표,6273,6273,2929,2436,794,64,7,6230,43,0
대구광역시,달성군,유가읍,유가읍제1투,2832,1801,345,1284,148,5,0,1782,19,1031
대구광역시,달성군,유가읍,유가읍제2투,986,635,72,523,32,1,0,628,7,351
대구광역시,달성군,유가읍,유가읍제3투,2617,1906,448,1267,159,18,0,1892,14,711
대구광역시,달성군,유가읍,유가읍제4투,2719,1940,491,1280,140,16,3,1930,10,779
대구광역시,달성군,유가읍,유가읍제5투,3029,2200,598,1361,212,16,0,2187,13,829
대구광역시,달성군,유가읍,유가읍제6투,3826,2819,804,1707,255,35,1,2802,17,1007
대구광역시,달성군,옥포읍,관내사전투표,2752,2751,986,1542,182,16,4,2730,21,1
대구광역시,달성군,옥포읍,옥포읍제1투,1721,1187,117,996,57,8,1,1179,8,534
대구광역시,달성군,옥포읍,옥포읍제2투,1224,919,81,802,32,0,0,915,4,305
대구광역시,달성군,옥포읍,옥포읍제3투,2070,1512,229,1206,55,9,2,1501,11,558
대구광역시,달성군,옥포읍,옥포읍제4투,3046,2184,355,1686,106,14,2,2163,21,862
대구광역시,달성군,옥포읍,옥포읍제5투,2719,2066,451,1443,145,17,0,2056,10,653
대구광역시,달성군,옥포읍,옥포읍제6투,1858,1469,276,1095,78,11,1,1461,8,389
대구광역시,달성군,옥포읍,옥포읍제7투,2296,1729,333,1276,103,9,1,1722,7,567
대구광역시,달성군,현풍읍,관내사전투표,2769,2769,1046,1445,231,25,2,2749,20,0
대구광역시,달성군,현풍읍,현풍읍제1투,1776,1098,143,860,79,7,0,1089,9,678
대구광역시,달성군,현풍읍,현풍읍제2투,2380,1402,201,1055,123,9,2,1390,12,978
대구광역시,달성군,현풍읍,현풍읍제3투,1004,612,67,514,20,4,0,605,7,392
대구광역시,달성군,현풍읍,현풍읍제4투,1951,1334,277,940,85,9,1,1312,22,617
대구광역시,달성군,현풍읍,현풍읍제5투,3046,2195,521,1406,228,21,1,2177,18,851
대구광역시,달성군,현풍읍,현풍읍제6투,3256,2282,492,1598,163,17,1,2271,11,974
대구광역시,달성군,가창면,관내사전투표,1080,1080,330,693,45,10,0,1078,2,0
대구광역시,달성군,가창면,가창면제1투,1465,1068,91,924,42,5,0,1062,6,397
대구광역시,달성군,가창면,가창면제2투,795,555,85,430,36,0,1,552,3,240
대구광역시,달성군,가창면,가창면제3투,1462,1085,152,885,40,1,2,1080,5,377
대구광역시,달성군,가창면,가창면제4투,870,582,60,502,13,2,0,577,5,288
대구광역시,달성군,하빈면,관내사전투표,906,906,308,505,66,8,1,888,18,0
대구광역시,달성군,하빈면,하빈면제1투,1190,848,71,749,21,2,0,843,5,342
대구광역시,달성군,하빈면,하빈면제2투,1090,762,81,651,21,1,1,755,7,328
대구광역시,달성군,구지면,관내사전투표,2979,2979,1399,1245,296,16,1,2957,22,0
대구광역시,달성군,구지면,구지면제1투,2983,1877,335,1385,126,11,0,1857,20,1106
대구광역시,달성군,구지면,구지면제2투,427,300,33,252,12,1,0,298,2,127
대구광역시,달성군,구지면,구지면제3투,2567,1566,417,1004,126,8,2,1557,9,1001
대구광역시,달성군,구지면,구지면제4투,1821,1245,228,917,84,6,4,1239,6,576
대구광역시,달성군,구지면,구지면제5투,3542,2327,601,1509,183,16,1,2310,17,1215
대구광역시,군위군,거소·선상투표,,51,46,11,32,2,1,0,46,0,5
대구광역시,군위군,관외사전투표,,2828,2828,626,1971,197,17,2,2813,15,0
대구광역시,군위군,재외투표,,199,86,50,31,1,1,0,83,3,113
대구광역시,군위군,군위읍,관내사전투표,2161,2161,478,1554,96,13,3,2144,17,0
대구광역시,군위군,군위읍,군위읍제1투,1468,994,113,832,33,8,1,987,7,474
대구광역시,군위군,군위읍,군위읍제2투,1373,938,115,761,47,8,1,932,6,435
대구광역시,군위군,군위읍,군위읍제3투,629,463,18,430,10,0,1,459,4,166
대구광역시,군위군,군위읍,군위읍제4투,693,473,36,412,20,0,0,468,5,220
대구광역시,군위군,소보면,관내사전투표,552,552,92,431,23,0,1,547,5,0
대구광역시,군위군,소보면,소보면제1투,801,562,49,498,7,1,1,556,6,239
대구광역시,군위군,소보면,소보면제2투,449,314,31,271,9,3,0,314,0,135
대구광역시,군위군,효령면,관내사전투표,896,896,164,692,26,4,1,887,9,0
대구광역시,군위군,효령면,효령면제1투,1220,880,71,783,20,2,1,877,3,340
대구광역시,군위군,효령면,효령면제2투,855,625,55,547,17,1,1,621,4,230
대구광역시,군위군,부계면,관내사전투표,405,405,101,274,29,0,0,404,1,0
대구광역시,군위군,부계면,부계면제1투,534,413,34,368,8,1,0,411,2,121
대구광역시,군위군,부계면,부계면제2투,723,544,42,485,12,1,0,540,4,179
대구광역시,군위군,우보면,관내사전투표,561,561,84,452,16,3,0,555,6,0
대구광역시,군위군,우보면,우보면제1투,693,485,37,436,11,0,0,484,1,208
대구광역시,군위군,우보면,우보면제2투,351,259,17,231,7,0,0,255,4,92
대구광역시,군위군,의흥면,관내사전투표,732,732,123,581,24,0,0,728,4,0
대구광역시,군위군,의흥면,의흥면제1투,891,631,55,554,15,3,0,627,4,260
대구광역시,군위군,의흥면,의흥면제2투,300,204,8,191,3,1,0,203,1,96
대구광역시,군위군,산성면,관내사전투표,307,307,43,253,9,1,0,306,1,0
대구광역시,군위군,산성면,산성면제1투,328,255,26,217,8,1,0,252,3,73
대구광역시,군위군,산성면,산성면제2투,373,275,24,236,11,2,0,273,2,98
대구광역시,군위군,삼국유사면,관내사전투표,310,310,54,248,7,1,0,310,0,0
대구광역시,군위군,삼국유사면,삼국유사면제1투,348,274,34,234,3,0,0,271,3,74
대구광역시,군위군,삼국유사면,삼국유사면제2투,371,272,25,241,3,1,1,271,1,99
인천광역시,중구,거소·선상투표,,221,215,90,68,51,1,0,210,5,6
인천광역시,중구,관외사전투표,,13141,13140,7671,3497,1690,145,13,13016,124,1
인천광역시,중구,재외투표,,984,814,567,163,72,6,0,808,6,170
인천광역시,중구,신포동,관내사전투표,1298,1298,808,381,80,16,1,1286,12,0
인천광역시,중구,신포동,신포동제1투,1512,986,422,466,76,9,1,974,12,526
인천광역시,중구,신포동,신포동제2투,1255,688,232,413,35,1,1,682,6,567
인천광역시,중구,연안동,관내사전투표,1430,1430,850,509,56,7,1,1423,7,0
인천광역시,중구,연안동,연안동투표소,2940,1630,508,1027,73,12,1,1621,9,1310
인천광역시,중구,신흥동,관내사전투표,2181,2181,1309,729,124,8,3,2173,8,0
인천광역시,중구,신흥동,신흥동제1투,1874,1088,456,530,79,14,0,1079,9,786
인천광역시,중구,신흥동,신흥동제2투,2193,1399,508,759,104,14,1,1386,13,794
인천광역시,중구,신흥동,신흥동제3투,80,43,13,27,3,0,0,43,0,37
인천광역시,중구,신흥동,신흥동제4투,2878,1953,830,928,159,16,3,1936,17,925
인천광역시,중구,신흥동,신흥동제5투,1468,861,326,460,51,9,2,848,13,607
인천광역시,중구,도원동,관내사전투표,1139,1139,697,383,43,7,3,1133,6,0
인천광역시,중구,도원동,도원동제1투,1218,755,273,434,28,12,3,750,5,463
인천광역시,중구,도원동,도원동제2투,981,632,200,390,35,2,1,628,4,349
인천광역시,중구,율목동,관내사전투표,600,600,367,193,31,5,0,596,4,0
인천광역시,중구,율목동,율목동투표소,1819,1012,337,605,52,10,0,1004,8,807
인천광역시,중구,동인천동,관내사전투표,1253,1253,774,384,69,15,2,1244,9,0
인천광역시,중구,동인천동,동인천동제1투,1367,675,220,391,52,1,0,664,11,692
인천광역시,중구,동인천동,동인천동제2투,2028,1154,321,732,71,11,5,1140,14,874
인천광역시,중구,개항동,관내사전투표,1034,1034,661,323,40,5,0,1029,5,0
인천광역시,중구,개항동,개항동제1투,1383,819,286,453,69,5,1,814,5,564
인천광역시,중구,개항동,개항동제2투,510,353,122,208,19,2,0,351,2,157
인천광역시,중구,개항동,개항동제3투,1367,827,280,469,63,6,1,819,8,540
인천광역시,중구,개항동,개항동제4투,724,373,126,225,16,4,0,371,2,351
인천광역시,중구,영종동,관내사전투표,4284,4284,2803,1068,358,34,2,4265,19,0
인천광역시,중구,영종동,영종동제1투,3348,1589,513,887,162,14,3,1579,10,1759
인천광역시,중구,영종동,영종동제2투,4203,2725,1180,1262,236,34,1,2713,12,1478
인천광역시,중구,영종동,영종동제3투,1274,804,247,516,33,3,0,799,5,470
인천광역시,중구,영종동,영종동제4투,2150,1223,389,737,82,8,2,1218,5,927
인천광역시,중구,영종동,영종동제5투,3748,2682,1318,1045,270,28,1,2662,20,1066
인천광역시,중구,영종1동,관내사전투표,6633,6633,4710,1235,594,48,9,6596,37,0
인천광역시,중구,영종1동,영종1동제1투,2715,1922,963,723,205,19,0,1910,12,793
인천광역시,중구,영종1동,영종1동제2투,3232,1906,778,843,247,21,1,1890,16,1326
인천광역시,중구,영종1동,영종1동제3투,2609,1768,802,776,158,22,0,1758,10,841
인천광역시,중구,영종1동,영종1동제4투,2612,1851,931,722,164,23,0,1840,11,761
인천광역시,중구,영종1동,영종1동제5투,2506,1686,775,731,147,20,3,1676,10,820
인천광역시,중구,영종1동,영종1동제6투,1535,1103,505,487,90,15,2,1099,4,432
인천광역시,중구,영종1동,영종1동제7투,2303,1614,781,656,147,20,0,1604,10,689
인천광역시,중구,영종2동,관내사전투표,3981,3981,2813,762,352,30,3,3960,21,0
인천광역시,중구,영종2동,영종2동제1투,3499,2444,1169,1035,209,20,3,2436,8,1055
인천광역시,중구,영종2동,영종2동제2투,2942,2043,930,890,193,14,0,2027,16,899
인천광역시,중구,영종2동,영종2동제3투,3104,2165,1069,862,200,18,2,2151,14,939
인천광역시,중구,영종2동,영종2동제4투,3814,2472,1105,1027,299,27,0,2458,14,1342
인천광역시,중구,운서동,관내사전투표,12696,12696,8372,2378,1693,116,19,12578,118,0
인천광역시,중구,운서동,운서동제1투,2035,1303,495,624,158,15,2,1294,9,732
인천광역시,중구,운서동,운서동제2투,2225,1188,466,583,114,15,1,1179,9,1037
인천광역시,중구,운서동,운서동제3투,2271,1504,690,644,131,28,1,1494,10,767
인천광역시,중구,운서동,운서동제4투,3533,1889,710,877,266,21,1,1875,14,1644
인천광역시,중구,운서동,운서동제5투,2413,1497,670,666,125,23,0,1484,13,916
인천광역시,중구,운서동,운서동제6투,5329,2921,1076,1325,455,36,5,2897,24,2408
인천광역시,중구,운서동,운서동제7투,3527,2437,1018,1148,229,22,3,2420,17,1090
인천광역시,중구,용유동,관내사전투표,1045,1045,554,414,63,4,0,1035,10,0
인천광역시,중구,용유동,용유동제1투,821,448,97,336,14,0,0,447,1,373
인천광역시,중구,용유동,용유동제2투,709,409,87,300,16,3,0,406,3,300
인천광역시,중구,용유동,용유동제3투,392,274,60,206,4,3,0,273,1,118
인천광역시,중구,용유동,용유동제4투,48,39,10,29,0,0,0,39,0,9
인천광역시,동구,거소·선상투표,,64,58,25,23,9,0,0,57,1,6
인천광역시,동구,관외사전투표,,4250,4249,2547,1110,472,69,10,4208,41,1
인천광역시,동구,재외투표,,289,215,149,39,23,1,0,212,3,74
인천광역시,동구,만석동,관내사전투표,1619,1619,1005,472,104,19,2,1602,17,0
인천광역시,동구,만석동,만석동제1투,1624,1017,381,560,56,10,1,1008,9,607
인천광역시,동구,만석동,만석동제2투,2170,1542,662,743,102,28,0,1535,7,628
인천광역시,동구,화수1·화평동,관내사전투표,1072,1072,637,357,51,19,1,1065,7,0
인천광역시,동구,화수1·화평동,화수1·화평동제1투,1490,895,310,509,62,8,2,891,4,595
인천광역시,동구,화수1·화평동,화수1·화평동제2투,1764,1236,453,679,71,17,1,1221,15,528
인천광역시,동구,화수2동,관내사전투표,1134,1134,668,378,62,14,1,1123,11,0
인천광역시,동구,화수2동,화수2동제1투,1125,676,242,387,39,3,1,672,4,449
인천광역시,동구,화수2동,화수2동제2투,1573,1071,386,610,51,12,4,1063,8,502
인천광역시,동구,화수2동,화수2동제3투,1680,1269,484,672,79,17,3,1255,14,411
인천광역시,동구,송현1·2동,관내사전투표,3420,3420,2181,925,246,36,4,3392,28,0
인천광역시,동구,송현1·2동,송현1·2동제1투,1368,970,325,566,55,12,2,960,10,398
인천광역시,동구,송현1·2동,송현1·2동제2투,1997,1440,592,729,94,12,2,1429,11,557
인천광역시,동구,송현1·2동,송현1·2동제3투,1941,1306,539,652,84,23,3,1301,5,635
인천광역시,동구,송현3동,관내사전투표,645,645,396,212,29,4,0,641,4,0
인천광역시,동구,송현3동,송현3동투표소,1630,1055,347,626,64,8,4,1049,6,575
인천광역시,동구,송림1동,관내사전투표,571,571,366,169,26,6,1,568,3,0
인천광역시,동구,송림1동,송림1동제1투,619,417,124,265,23,3,1,416,1,202
인천광역시,동구,송림1동,송림1동제2투,3093,2190,903,1006,228,31,6,2174,16,903
인천광역시,동구,송림2동,관내사전투표,514,514,262,208,33,9,0,512,2,0
인천광역시,동구,송림2동,송림2동투표소,682,406,114,254,26,3,1,398,8,276
인천광역시,동구,송림3·5동,관내사전투표,1351,1351,853,385,89,18,2,1347,4,0
인천광역시,동구,송림3·5동,송림3·5동제1투,1104,673,234,381,45,6,0,666,7,431
인천광역시,동구,송림3·5동,송림3·5동제2투,1924,1348,571,645,110,14,1,1341,7,576
인천광역시,동구,송림4동,관내사전투표,1080,1080,780,206,74,15,0,1075,5,0
인천광역시,동구,송림4동,송림4동제1투,1486,1027,413,457,126,16,0,1012,15,459
인천광역시,동구,송림4동,송림4동제2투,1849,1360,641,605,93,12,3,1354,6,489
인천광역시,동구,송림6동,관내사전투표,1499,1499,1000,392,72,23,4,1491,8,0
인천광역시,동구,송림6동,송림6동제1투,681,409,144,238,23,3,0,408,1,272
인천광역시,동구,송림6동,송림6동제2투,2495,1698,719,845,102,20,2,1688,10,797
인천광역시,동구,금창동,관내사전투표,450,450,250,170,25,5,0,450,0,0
인천광역시,동구,금창동,금창동투표소,1410,917,311,543,43,13,1,911,6,493
인천광역시,미추홀구,거소·선상투표,,617,581,262,163,127,8,2,562,19,36
인천광역시,미추홀구,관외사전투표,,32422,32414,19513,7937,4193,402,44,32089,325,8
인천광역시,미추홀구,재외투표,,1493,1212,851,232,113,8,0,1204,8,281
인천광역시,미추홀구,숭의1·3동,관내사전투표,2516,2516,1661,666,155,18,0,2500,16,0
인천광역시,미추홀구,숭의1·3동,숭의1·3동제1투,3821,2297,1036,1007,210,23,2,2278,19,1524
인천광역시,미추홀구,숭의1·3동,숭의1·3동제2투,3742,2356,931,1155,215,25,3,2329,27,1386
인천광역시,미추홀구,숭의1·3동,숭의1·3동제3투,2663,1465,628,676,127,14,1,1446,19,1198
인천광역시,미추홀구,숭의2동,관내사전투표,3331,3331,2128,915,235,29,3,3310,21,0
인천광역시,미추홀구,숭의2동,숭의2동제1투,2677,1475,591,731,135,8,0,1465,10,1202
인천광역시,미추홀구,숭의2동,숭의2동제2투,2700,1491,652,704,104,9,2,1471,20,1209
인천광역시,미추홀구,숭의2동,숭의2동제3투,2806,1556,628,789,108,16,3,1544,12,1250
인천광역시,미추홀구,숭의4동,관내사전투표,3356,3356,2036,1063,200,35,3,3337,19,0
인천광역시,미추홀구,숭의4동,숭의4동제1투,2976,1617,594,865,127,16,0,1602,15,1359
인천광역시,미추홀구,숭의4동,숭의4동제2투,2594,1549,665,764,93,10,2,1534,15,1045
인천광역시,미추홀구,숭의4동,숭의4동제3투,2866,1735,750,833,108,19,4,1714,21,1131
인천광역시,미추홀구,용현1·4동,관내사전투표,3793,3793,1992,1074,656,31,3,3756,37,0
인천광역시,미추홀구,용현1·4동,용현1·4동제1투,1808,931,341,521,56,4,1,923,8,877
인천광역시,미추홀구,용현1·4동,용현1·4동제2투,1504,859,314,491,41,8,1,855,4,645
인천광역시,미추홀구,용현1·4동,용현1·4동제3투,2866,1782,638,924,181,16,3,1762,20,1084
인천광역시,미추홀구,용현1·4동,용현1·4동제4투,2490,1645,407,851,353,18,2,1631,14,845
인천광역시,미추홀구,용현1·4동,용현1·4동제5투,2381,1525,487,850,163,14,2,1516,9,856
인천광역시,미추홀구,용현2동,관내사전투표,5030,5030,3326,1237,367,65,3,4998,32,0
인천광역시,미추홀구,용현2동,용현2동제1투,3312,2251,994,960,251,25,2,2232,19,1061
인천광역시,미추홀구,용현2동,용현2동제2투,3775,2413,953,1235,196,19,1,2404,9,1362
인천광역시,미추홀구,용현2동,용현2동제3투,3103,2185,826,1162,158,22,3,2171,14,918
인천광역시,미추홀구,용현2동,용현2동제4투,2363,1588,632,711,201,28,4,1576,12,775
인천광역시,미추홀구,용현3동,관내사전투표,1876,1876,1077,637,130,14,0,1858,18,0
인천광역시,미추홀구,용현3동,용현3동제1투,2164,1157,400,675,63,6,3,1147,10,1007
인천광역시,미추홀구,용현3동,용현3동제2투,2055,1159,372,669,97,8,3,1149,10,896
인천광역시,미추홀구,용현5동,관내사전투표,8396,8396,5399,2262,594,80,6,8341,55,0
인천광역시,미추홀구,용현5동,용현5동제1투,2392,1459,582,740,97,21,3,1443,16,933
인천광역시,미추홀구,용현5동,용현5동제2투,3096,1674,662,856,129,16,0,1663,11,1422
인천광역시,미추홀구,용현5동,용현5동제3투,2139,1195,477,595,102,11,1,1186,9,944
인천광역시,미추홀구,용현5동,용현5동제4투,2411,1293,522,659,93,10,2,1286,7,1118
인천광역시,미추홀구,용현5동,용현5동제5투,2826,1936,821,954,133,18,5,1931,5,890
인천광역시,미추홀구,용현5동,용현5동제6투,2836,2026,801,1031,149,25,8,2014,12,810
인천광역시,미추홀구,용현5동,용현5동제7투,2906,1995,858,876,230,21,1,1986,9,911
인천광역시,미추홀구,용현5동,용현5동제8투,3353,2485,1139,1056,242,37,1,2475,10,868
인천광역시,미추홀구,용현5동,용현5동제9투,3529,2686,1218,1175,240,34,1,2668,18,843
인천광역시,미추홀구,학익1동,관내사전투표,6471,6471,4267,1615,497,50,6,6435,36,0
인천광역시,미추홀구,학익1동,학익1동제1투,2165,1531,562,838,103,17,3,1523,8,634
인천광역시,미추홀구,학익1동,학익1동제2투,3278,2088,855,985,212,17,2,2071,17,1190
인천광역시,미추홀구,학익1동,학익1동제3투,2443,1845,681,952,167,26,2,1828,17,598
인천광역시,미추홀구,학익1동,학익1동제4투,2987,1986,784,973,191,26,5,1979,7,1001
인천광역시,미추홀구,학익1동,학익1동제5투,2011,1292,566,605,92,21,0,1284,8,719
인천광역시,미추홀구,학익1동,학익1동제6투,1546,1057,425,551,58,14,2,1050,7,489
인천광역시,미추홀구,학익1동,학익1동제7투,3340,2604,1123,1231,202,29,5,2590,14,736
인천광역시,미추홀구,학익1동,학익1동제8투,2384,1803,912,658,204,18,3,1795,8,581
인천광역시,미추홀구,학익1동,학익1동제9투,2865,2278,1185,837,218,21,2,2263,15,587
인천광역시,미추홀구,학익2동,관내사전투표,3941,3941,2369,1215,291,41,3,3919,22,0
인천광역시,미추홀구,학익2동,학익2동제1투,1938,1094,408,593,80,6,2,1089,5,844
인천광역시,미추홀구,학익2동,학익2동제2투,1580,784,303,404,63,3,0,773,11,796
인천광역시,미추홀구,학익2동,학익2동제3투,1997,1334,526,683,98,19,2,1328,6,663
인천광역시,미추홀구,학익2동,학익2동제4투,2448,1869,739,974,121,23,1,1858,11,579
인천광역시,미추홀구,학익2동,학익2동제5투,2446,1804,742,904,123,22,3,1794,10,642
인천광역시,미추홀구,도화1동,관내사전투표,3387,3387,2174,966,188,25,5,3358,29,0
인천광역시,미추홀구,도화1동,도화1동제1투,3413,1849,728,915,167,24,2,1836,13,1564
인천광역시,미추홀구,도화1동,도화1동제2투,3218,1711,694,868,115,16,2,1695,16,1507
인천광역시,미추홀구,도화1동,도화1동제3투,2577,1666,685,859,101,13,0,1658,8,911
인천광역시,미추홀구,도화1동,도화1동제4투,3430,1872,789,910,139,21,2,1861,11,1558
인천광역시,미추홀구,도화2·3동,관내사전투표,5920,5920,4017,1375,420,53,4,5869,51,0
인천광역시,미추홀구,도화2·3동,도화2·3동제1투,1641,971,339,565,56,3,2,965,6,670
인천광역시,미추홀구,도화2·3동,도화2·3동제2투,2549,1550,576,820,110,21,2,1529,21,999
인천광역시,미추홀구,도화2·3동,도화2·3동제3투,2475,1539,627,767,125,7,1,1527,12,936
인천광역시,미추홀구,도화2·3동,도화2·3동제4투,2307,1616,709,741,144,15,2,1611,5,691
인천광역시,미추홀구,도화2·3동,도화2·3동제5투,2675,1887,864,794,192,20,4,1874,13,788
인천광역시,미추홀구,도화2·3동,도화2·3동제6투,3182,1918,814,923,133,24,2,1896,22,1264
인천광역시,미추홀구,도화2·3동,도화2·3동제7투,2631,1929,876,807,202,32,2,1919,10,702
인천광역시,미추홀구,주안1동,관내사전투표,3169,3169,2114,704,291,35,1,3145,24,0
인천광역시,미추홀구,주안1동,주안1동제1투,3626,1758,724,817,181,22,0,1744,14,1868
인천광역시,미추홀구,주안1동,주안1동제2투,2750,1389,622,583,142,22,2,1371,18,1361
인천광역시,미추홀구,주안1동,주안1동제3투,4041,1970,851,874,206,19,3,1953,17,2071
인천광역시,미추홀구,주안1동,주안1동제4투,2815,1511,622,713,141,14,4,1494,17,1304
인천광역시,미추홀구,주안2동,관내사전투표,3593,3593,2220,1083,244,24,4,3575,18,0
인천광역시,미추홀구,주안2동,주안2동제1투,1807,1034,376,591,56,3,3,1029,5,773
인천광역시,미추홀구,주안2동,주안2동제2투,3177,1866,642,1049,144,10,5,1850,16,1311
인천광역시,미추홀구,주안2동,주안2동제3투,1813,1035,372,572,68,15,1,1028,7,778
인천광역시,미추홀구,주안2동,주안2동제4투,2666,1572,645,800,100,18,2,1565,7,1094
인천광역시,미추홀구,주안2동,주안2동제5투,4023,2988,1275,1352,289,40,3,2959,29,1035
인천광역시,미추홀구,주안3동,관내사전투표,2688,2688,1668,809,158,20,7,2662,26,0
인천광역시,미추홀구,주안3동,주안3동제1투,3309,2105,844,1019,205,20,0,2088,17,1204
인천광역시,미추홀구,주안3동,주안3동제2투,1929,1177,443,644,70,10,1,1168,9,752
인천광역시,미추홀구,주안3동,주안3동제3투,1832,1134,442,599,76,7,3,1127,7,698
인천광역시,미추홀구,주안4동,관내사전투표,3494,3494,2028,1150,259,28,5,3470,24,0
인천광역시,미추홀구,주안4동,주안4동제1투,3407,2365,953,1166,198,28,3,2348,17,1042
인천광역시,미추홀구,주안4동,주안4동제2투,2872,1705,583,963,126,15,4,1691,14,1167
인천광역시,미추홀구,주안4동,주안4동제3투,2397,1502,512,885,82,9,0,1488,14,895
인천광역시,미추홀구,주안4동,주안4동제4투,3009,1885,711,962,169,19,3,1864,21,1124
인천광역시,미추홀구,주안5동,관내사전투표,4148,4148,2731,1090,267,31,3,4122,26,0
인천광역시,미추홀구,주안5동,주안5동제1투,2296,1456,608,717,109,12,0,1446,10,840
인천광역시,미추홀구,주안5동,주안5동제2투,2172,1316,525,653,110,20,1,1309,7,856
인천광역시,미추홀구,주안5동,주안5동제3투,2167,1517,630,714,150,11,0,1505,12,650
인천광역시,미추홀구,주안5동,주안5동제4투,2637,1632,697,781,119,24,2,1623,9,1005
인천광역시,미추홀구,주안5동,주안5동제5투,2877,1761,770,813,144,20,1,1748,13,1116
인천광역시,미추홀구,주안6동,관내사전투표,4113,4113,2613,1174,250,45,2,4084,29,0
인천광역시,미추홀구,주안6동,주안6동제1투,2451,1297,588,575,109,15,2,1289,8,1154
인천광역시,미추홀구,주안6동,주안6동제2투,3620,1913,861,856,152,20,7,1896,17,1707
인천광역시,미추홀구,주안6동,주안6동제3투,1735,1022,338,613,59,5,1,1016,6,713
인천광역시,미추홀구,주안6동,주안6동제4투,1984,1474,583,761,107,12,0,1463,11,510
인천광역시,미추홀구,주안6동,주안6동제5투,2467,1775,711,902,122,26,5,1766,9,692
인천광역시,미추홀구,주안7동,관내사전투표,4415,4415,2692,1412,261,28,5,4398,17,0
인천광역시,미추홀구,주안7동,주안7동제1투,1797,1241,464,691,70,12,0,1237,4,556
인천광역시,미추홀구,주안7동,주안7동제2투,2257,1388,607,663,97,11,2,1380,8,869
인천광역시,미추홀구,주안7동,주안7동제3투,1906,1057,414,533,91,7,1,1046,11,849
인천광역시,미추홀구,주안7동,주안7동제4투,1568,919,326,516,61,6,2,911,8,649
인천광역시,미추홀구,주안8동,관내사전투표,2900,2898,1879,788,183,30,2,2882,16,2
인천광역시,미추홀구,주안8동,주안8동제1투,1907,1085,465,529,65,16,1,1076,9,822
인천광역시,미추홀구,주안8동,주안8동제2투,1604,988,388,500,69,15,2,974,14,616
인천광역시,미추홀구,주안8동,주안8동제3투,2406,1587,639,809,109,21,1,1579,8,819
인천광역시,미추홀구,주안8동,주안8동제4투,2715,1980,903,891,151,18,1,1964,16,735
인천광역시,미추홀구,주안8동,주안8동제5투,3223,2223,846,1189,160,13,5,2213,10,1000
인천광역시,미추홀구,관교동,관내사전투표,3053,3053,1854,927,214,34,2,3031,22,0
인천광역시,미추홀구,관교동,관교동제1투,2197,1625,448,1052,98,15,1,1614,11,572
인천광역시,미추홀구,관교동,관교동제2투,1791,1150,420,607,99,14,1,1141,9,641
인천광역시,미추홀구,관교동,관교동제3투,1818,1342,455,766,90,20,0,1331,11,476
인천광역시,미추홀구,관교동,관교동제4투,2405,1643,719,771,126,15,0,1631,12,762
인천광역시,미추홀구,문학동,관내사전투표,3263,3263,2214,805,204,13,4,3240,23,0
인천광역시,미추홀구,문학동,문학동제1투,2849,1366,605,629,101,14,2,1351,15,1483
인천광역시,미추홀구,문학동,문학동제2투,2430,1285,523,640,102,9,1,1275,10,1145
인천광역시,미추홀구,문학동,문학동제3투,3013,1529,675,710,118,13,4,1520,9,1484
인천광역시,연수구,거소·선상투표,,487,459,192,143,102,0,1,438,21,28
인천광역시,연수구,관외사전투표,,30913,30907,17644,8107,4477,365,36,30629,278,6
인천광역시,연수구,재외투표,,2337,1906,1232,407,236,25,0,1900,6,431
인천광역시,연수구,옥련1동,관내사전투표,2651,2651,1637,806,184,16,2,2645,6,0
인천광역시,연수구,옥련1동,옥련1동제1투,2565,1698,579,933,149,18,2,1681,17,867
인천광역시,연수구,옥련1동,옥련1동제2투,2412,1487,519,854,91,15,3,1482,5,925
인천광역시,연수구,옥련1동,옥련1동제3투,2755,1838,694,971,138,19,6,1828,10,917
인천광역시,연수구,옥련1동,옥련1동제4투,2480,1704,716,838,116,19,4,1693,11,776
인천광역시,연수구,옥련2동,관내사전투표,5579,5579,3600,1577,329,45,4,5555,24,0
인천광역시,연수구,옥련2동,옥련2동제1투,2039,1266,469,676,102,6,1,1254,12,773
인천광역시,연수구,옥련2동,옥련2동제2투,1782,1166,473,580,96,9,1,1159,7,616
인천광역시,연수구,옥련2동,옥련2동제3투,2777,1951,736,1036,145,23,1,1941,10,826
인천광역시,연수구,옥련2동,옥련2동제4투,2128,1439,593,705,121,10,2,1431,8,689
인천광역시,연수구,옥련2동,옥련2동제5투,2259,1655,693,807,124,14,1,1639,16,604
인천광역시,연수구,선학동,관내사전투표,3505,3504,2258,956,237,25,4,3480,24,1
인천광역시,연수구,선학동,선학동제1투,1677,1138,461,571,83,11,0,1126,12,539
인천광역시,연수구,선학동,선학동제2투,3686,2430,888,1283,212,24,6,2413,17,1256
인천광역시,연수구,선학동,선학동제3투,3762,2628,1073,1288,216,33,2,2612,16,1134
인천광역시,연수구,선학동,선학동제4투,1700,1091,397,604,70,9,0,1080,11,609
인천광역시,연수구,연수1동,관내사전투표,3590,3590,2277,1006,237,46,3,3569,21,0
인천광역시,연수구,연수1동,연수1동제1투,2315,1565,551,840,149,15,1,1556,9,750
인천광역시,연수구,연수1동,연수1동제2투,3241,1966,691,1061,182,19,3,1956,10,1275
인천광역시,연수구,연수1동,연수1동제3투,3121,1891,698,1038,122,18,3,1879,12,1230
인천광역시,연수구,연수1동,연수1동제4투,1639,762,276,418,57,5,0,756,6,877
인천광역시,연수구,연수2동,관내사전투표,4353,4353,2738,1152,378,58,1,4327,26,0
인천광역시,연수구,연수2동,연수2동제1투,2227,1612,552,885,141,16,3,1597,15,615
인천광역시,연수구,연수2동,연수2동제2투,2166,1633,644,805,159,14,0,1622,11,533
인천광역시,연수구,연수2동,연수2동제3투,2095,1427,517,743,124,11,4,1399,28,668
인천광역시,연수구,연수2동,연수2동제4투,1597,1220,532,518,141,14,0,1205,15,377
인천광역시,연수구,연수2동,연수2동제5투,2364,1525,559,776,158,10,5,1508,17,839
인천광역시,연수구,연수2동,연수2동제6투,1276,732,227,435,60,3,0,725,7,544
인천광역시,연수구,연수3동,관내사전투표,3612,3612,2261,1025,268,28,1,3583,29,0
인천광역시,연수구,연수3동,연수3동제1투,2800,1937,718,1047,135,16,6,1922,15,863
인천광역시,연수구,연수3동,연수3동제2투,2238,1533,547,814,137,24,0,1522,11,705
인천광역시,연수구,연수3동,연수3동제3투,1947,1326,540,631,127,18,1,1317,9,621
인천광역시,연수구,연수3동,연수3동제4투,1772,1278,521,595,134,10,1,1261,17,494
인천광역시,연수구,청학동,관내사전투표,4200,4200,2682,1231,217,42,4,4176,24,0
인천광역시,연수구,청학동,청학동제1투,1997,1107,422,573,91,10,0,1096,11,890
인천광역시,연수구,청학동,청학동제2투,1638,1014,311,620,67,8,1,1007,7,624
인천광역시,연수구,청학동,청학동제3투,2646,1934,797,967,139,20,2,1925,9,712
인천광역시,연수구,청학동,청학동제4투,2721,1588,622,791,143,21,1,1578,10,1133
인천광역시,연수구,청학동,청학동제5투,2057,1254,443,686,106,11,0,1246,8,803
인천광역시,연수구,청학동,청학동제6투,2992,1939,672,1090,143,17,3,1925,14,1053
인천광역시,연수구,동춘1동,관내사전투표,5085,5085,3450,1189,342,65,5,5051,34,0
인천광역시,연수구,동춘1동,동춘1동제1투,2947,2026,875,929,188,24,1,2017,9,921
인천광역시,연수구,동춘1동,동춘1동제2투,2368,1763,752,832,144,21,1,1750,13,605
인천광역시,연수구,동춘1동,동춘1동제3투,1768,1243,433,687,100,19,1,1240,3,525
인천광역시,연수구,동춘1동,동춘1동제4투,2353,1709,672,862,142,27,0,1703,6,644
인천광역시,연수구,동춘1동,동춘1동제5투,1022,730,319,323,76,7,0,725,5,292
인천광역시,연수구,동춘1동,동춘1동제6투,3597,2810,1293,1237,230,30,4,2794,16,787
인천광역시,연수구,동춘2동,관내사전투표,3902,3902,2576,956,304,33,4,3873,29,0
인천광역시,연수구,동춘2동,동춘2동제1투,1958,1281,443,690,128,12,2,1275,6,677
인천광역시,연수구,동춘2동,동춘2동제2투,2431,1835,742,907,149,21,4,1823,12,596
인천광역시,연수구,동춘2동,동춘2동제3투,2272,1686,730,745,180,17,1,1673,13,586
인천광역시,연수구,동춘2동,동춘2동제4투,2642,1972,769,979,182,24,1,1955,17,670
인천광역시,연수구,동춘3동,관내사전투표,4273,4273,2740,1132,333,45,3,4253,20,0
인천광역시,연수구,동춘3동,동춘3동제1투,2191,1673,600,908,131,20,1,1660,13,518
인천광역시,연수구,동춘3동,동춘3동제2투,2331,1775,791,803,143,22,1,1760,15,556
인천광역시,연수구,동춘3동,동춘3동제3투,2494,1866,661,996,178,18,0,1853,13,628
인천광역시,연수구,동춘3동,동춘3동제4투,2003,1504,608,736,129,23,1,1497,7,499
인천광역시,연수구,송도1동,관내사전투표,6797,6797,4247,1718,734,67,3,6769,28,0
인천광역시,연수구,송도1동,송도1동제1투,2385,1862,770,889,170,18,2,1849,13,523
인천광역시,연수구,송도1동,송도1동제2투,2330,1763,540,1054,143,11,0,1748,15,567
인천광역시,연수구,송도1동,송도1동제3투,2358,1706,681,811,179,22,1,1694,12,652
인천광역시,연수구,송도1동,송도1동제4투,2216,1706,641,886,150,20,3,1700,6,510
인천광역시,연수구,송도1동,송도1동제5투,2324,1812,625,1041,116,17,2,1801,11,512
인천광역시,연수구,송도1동,송도1동제6투,3597,2642,918,1334,331,41,2,2626,16,955
인천광역시,연수구,송도1동,송도1동제7투,3208,2441,684,1490,220,27,3,2424,17,767
인천광역시,연수구,송도1동,송도1동제8투,2254,1630,515,733,337,20,1,1606,24,624
인천광역시,연수구,송도2동,관내사전투표,6590,6590,4223,1703,599,45,1,6571,19,0
인천광역시,연수구,송도2동,송도2동제1투,1910,1468,545,759,145,13,0,1462,6,442
인천광역시,연수구,송도2동,송도2동제2투,3045,2220,793,1174,221,18,1,2207,13,825
인천광역시,연수구,송도2동,송도2동제3투,3298,2322,694,1400,201,10,2,2307,15,976
인천광역시,연수구,송도2동,송도2동제4투,2075,1398,516,715,144,14,1,1390,8,677
인천광역시,연수구,송도2동,송도2동제5투,2454,1871,688,980,168,26,2,1864,7,583
인천광역시,연수구,송도2동,송도2동제6투,2688,2015,686,1120,189,13,1,2009,6,673
인천광역시,연수구,송도2동,송도2동제7투,2703,1959,586,1159,191,15,0,1951,8,744
인천광역시,연수구,송도3동,관내사전투표,9151,9151,5664,2162,1156,114,3,9099,52,0
인천광역시,연수구,송도3동,송도3동제1투,2820,2073,708,1017,312,17,4,2058,15,747
인천광역시,연수구,송도3동,송도3동제2투,2519,1970,829,920,187,27,0,1963,7,549
인천광역시,연수구,송도3동,송도3동제3투,3119,2164,729,1183,227,19,0,2158,6,955
인천광역시,연수구,송도3동,송도3동제4투,2358,1837,716,943,153,17,0,1829,8,521
인천광역시,연수구,송도3동,송도3동제5투,3774,2716,1028,1372,275,24,2,2701,15,1058
인천광역시,연수구,송도3동,송도3동제6투,1855,1300,513,632,135,11,1,1292,8,555
인천광역시,연수구,송도3동,송도3동제7투,2737,2026,829,890,275,16,0,2010,16,711
인천광역시,연수구,송도3동,송도3동제8투,1599,1244,565,494,158,19,1,1237,7,355
인천광역시,연수구,송도3동,송도3동제9투,4074,3242,1330,1459,391,45,1,3226,16,832
인천광역시,연수구,송도4동,관내사전투표,7667,7667,4904,1821,832,64,3,7624,43,0
인천광역시,연수구,송도4동,송도4동제1투,2524,1711,565,906,210,16,1,1698,13,813
인천광역시,연수구,송도4동,송도4동제2투,2943,2192,779,1165,218,19,1,2182,10,751
인천광역시,연수구,송도4동,송도4동제3투,3388,2552,985,1239,284,27,2,2537,15,836
인천광역시,연수구,송도4동,송도4동제4투,3259,2497,945,1310,217,19,1,2492,5,762
인천광역시,연수구,송도4동,송도4동제5투,2661,1985,769,1010,177,16,1,1973,12,676
인천광역시,연수구,송도4동,송도4동제6투,2165,1621,672,737,192,13,1,1615,6,544
인천광역시,연수구,송도4동,송도4동제7투,3671,2804,1170,1284,313,24,1,2792,12,867
인천광역시,연수구,송도4동,송도4동제8투,3456,2546,933,1298,275,24,1,2531,15,910
인천광역시,연수구,송도5동,관내사전투표,6096,6096,4045,1409,566,45,4,6069,27,0
인천광역시,연수구,송도5동,송도5동제1투,3996,3157,1463,1315,335,30,0,3143,14,839
인천광역시,연수구,송도5동,송도5동제2투,3371,2551,1132,1190,203,17,2,2544,7,820
인천광역시,연수구,송도5동,송도5동제3투,3028,2350,943,1145,231,21,2,2342,8,678
인천광역시,연수구,송도5동,송도5동제4투,3353,2574,1177,1142,215,29,4,2567,7,779
인천광역시,연수구,송도5동,송도5동제5투,2425,1909,798,898,189,17,1,1903,6,516
인천광역시,연수구,송도5동,송도5동제6투,2854,1871,638,1025,177,16,0,1856,15,983
인천광역시,연수구,송도5동,송도5동제7투,2251,1609,649,762,162,27,0,1600,9,642
인천광역시,연수구,송도5동,송도5동제8투,3515,2491,1053,1146,260,23,2,2484,7,1024
인천광역시,남동구,거소·선상투표,,801,749,355,238,123,7,4,727,22,52
인천광역시,남동구,관외사전투표,,39107,39085,23493,9619,5032,476,58,38678,407,22
인천광역시,남동구,재외투표,,1966,1637,1180,309,120,19,0,1628,9,329
인천광역시,남동구,구월1동,관내사전투표,6796,6796,4524,1625,535,69,5,6758,38,0
인천광역시,남동구,구월1동,구월1동제1투,2072,1399,516,743,110,19,0,1388,11,673
인천광역시,남동구,구월1동,구월1동제2투,2021,1293,538,632,88,14,1,1273,20,728
인천광역시,남동구,구월1동,구월1동제3투,2225,1282,540,595,116,18,0,1269,13,943
인천광역시,남동구,구월1동,구월1동제4투,2281,1502,604,746,130,12,1,1493,9,779
인천광역시,남동구,구월1동,구월1동제5투,3092,2067,843,1012,164,33,2,2054,13,1025
인천광역시,남동구,구월1동,구월1동제6투,3029,2310,1078,961,226,26,1,2292,18,719
인천광역시,남동구,구월1동,구월1동제7투,2590,2102,982,915,155,31,2,2085,17,488
인천광역시,남동구,구월2동,관내사전투표,7970,7970,5267,1924,653,79,3,7926,44,0
인천광역시,남동구,구월2동,구월2동제1투,2084,1508,663,672,143,14,3,1495,13,576
인천광역시,남동구,구월2동,구월2동제2투,2884,2178,966,1001,176,25,0,2168,10,706
인천광역시,남동구,구월2동,구월2동제3투,2485,1837,712,936,158,18,1,1825,12,648
인천광역시,남동구,구월2동,구월2동제4투,2509,1923,779,947,162,23,2,1913,10,586
인천광역시,남동구,구월2동,구월2동제5투,2724,1997,796,1006,159,21,1,1983,14,727
인천광역시,남동구,구월2동,구월2동제6투,2635,1693,666,887,111,10,6,1680,13,942
인천광역시,남동구,구월2동,구월2동제7투,2081,1389,543,739,89,10,1,1382,7,692
인천광역시,남동구,구월2동,구월2동제8투,2250,1723,740,758,198,15,0,1711,12,527
인천광역시,남동구,구월3동,관내사전투표,3807,3807,2531,868,342,35,3,3779,28,0
인천광역시,남동구,구월3동,구월3동제1투,2238,1263,522,591,127,12,1,1253,10,975
인천광역시,남동구,구월3동,구월3동제2투,2363,1381,516,724,124,10,1,1375,6,982
인천광역시,남동구,구월3동,구월3동제3투,2858,1748,587,1003,126,18,4,1738,10,1110
인천광역시,남동구,구월3동,구월3동제4투,3893,2323,1052,909,305,32,3,2301,22,1570
인천광역시,남동구,구월3동,구월3동제5투,3704,2045,906,814,284,20,1,2025,20,1659
인천광역시,남동구,구월3동,구월3동제6투,3364,1835,740,861,192,28,1,1822,13,1529
인천광역시,남동구,구월4동,관내사전투표,2638,2638,1748,697,149,23,4,2621,17,0
인천광역시,남동구,구월4동,구월4동제1투,1804,951,379,484,70,9,2,944,7,853
인천광역시,남동구,구월4동,구월4동제2투,1718,994,396,525,60,10,1,992,2,724
인천광역시,남동구,구월4동,구월4동제3투,1786,1041,433,518,66,13,3,1033,8,745
인천광역시,남동구,구월4동,구월4동제4투,1707,986,366,526,77,11,1,981,5,721
인천광역시,남동구,구월4동,구월4동제5투,1575,900,370,459,48,8,0,885,15,675
인천광역시,남동구,간석1동,관내사전투표,3558,3558,2306,923,265,34,2,3530,28,0
인천광역시,남동구,간석1동,간석1동제1투,2269,1388,512,732,114,13,2,1373,15,881
인천광역시,남동구,간석1동,간석1동제2투,1698,822,328,405,74,9,2,818,4,876
인천광역시,남동구,간석1동,간석1동제3투,2599,1745,699,883,132,17,2,1733,12,854
인천광역시,남동구,간석1동,간석1동제4투,2243,1797,690,922,147,23,0,1782,15,446
인천광역시,남동구,간석1동,간석1동제5투,2417,1711,696,846,145,15,2,1704,7,706
인천광역시,남동구,간석2동,관내사전투표,3015,3015,1936,804,212,27,5,2984,31,0
인천광역시,남동구,간석2동,간석2동제1투,2962,1543,559,836,123,15,3,1536,7,1419
인천광역시,남동구,간석2동,간석2동제2투,2457,1413,570,722,97,11,1,1401,12,1044
인천광역시,남동구,간석2동,간석2동제3투,2809,2117,803,1113,164,21,4,2105,12,692
인천광역시,남동구,간석2동,간석2동제4투,2101,1666,685,825,130,18,0,1658,8,435
인천광역시,남동구,간석2동,간석2동제5투,2034,1604,673,775,127,19,1,1595,9,430
인천광역시,남동구,간석3동,관내사전투표,3898,3898,2630,1010,191,35,3,3869,29,0
인천광역시,남동구,간석3동,간석3동제1투,3693,1977,908,861,163,22,2,1956,21,1716
인천광역시,남동구,간석3동,간석3동제2투,3053,2192,971,996,177,25,1,2170,22,861
인천광역시,남동구,간석3동,간석3동제3투,2281,1235,489,613,99,22,2,1225,10,1046
인천광역시,남동구,간석3동,간석3동제4투,2211,1516,669,709,106,19,4,1507,9,695
인천광역시,남동구,간석3동,간석3동제5투,3515,2159,944,1019,156,21,4,2144,15,1356
인천광역시,남동구,간석3동,간석3동제6투,1131,774,311,412,37,6,1,767,7,357
인천광역시,남동구,간석4동,관내사전투표,3353,3353,2245,857,207,24,3,3336,17,0
인천광역시,남동구,간석4동,간석4동제1투,2151,1218,412,686,98,7,1,1204,14,933
인천광역시,남동구,간석4동,간석4동제2투,4778,2665,1150,1222,242,22,3,2639,26,2113
인천광역시,남동구,간석4동,간석4동제3투,2793,1996,742,1078,136,22,2,1980,16,797
인천광역시,남동구,간석4동,간석4동제4투,2408,1857,753,928,143,18,4,1846,11,551
인천광역시,남동구,간석4동,간석4동제5투,2693,1703,819,725,124,19,3,1690,13,990
인천광역시,남동구,간석4동,간석4동제6투,2628,1943,882,879,152,20,1,1934,9,685
인천광역시,남동구,만수1동,관내사전투표,3610,3610,2269,1027,236,43,7,3582,28,0
인천광역시,남동구,만수1동,만수1동제1투,2171,1449,572,723,120,14,4,1433,16,722
인천광역시,남동구,만수1동,만수1동제2투,2699,1801,788,849,130,11,2,1780,21,898
인천광역시,남동구,만수1동,만수1동제3투,2073,1237,477,658,76,11,2,1224,13,836
인천광역시,남동구,만수1동,만수1동제4투,1398,814,315,444,35,3,2,799,15,584
인천광역시,남동구,만수1동,만수1동제5투,1508,1037,442,495,80,12,1,1030,7,471
인천광역시,남동구,만수2동,관내사전투표,4917,4917,3371,1165,295,41,6,4878,39,0
인천광역시,남동구,만수2동,만수2동제1투,1842,1175,536,539,73,14,4,1166,9,667
인천광역시,남동구,만수2동,만수2동제2투,2144,1296,585,597,87,15,1,1285,11,848
인천광역시,남동구,만수2동,만수2동제3투,2401,1627,707,791,100,18,3,1619,8,774
인천광역시,남동구,만수2동,만수2동제4투,1594,1014,416,494,86,9,1,1006,8,580
인천광역시,남동구,만수2동,만수2동제5투,2182,1629,718,734,144,17,3,1616,13,553
인천광역시,남동구,만수2동,만수2동제6투,2593,2006,898,921,152,19,1,1991,15,587
인천광역시,남동구,만수3동,관내사전투표,3995,3994,2677,998,263,35,2,3975,19,1
인천광역시,남동구,만수3동,만수3동제1투,2467,1600,648,792,122,20,4,1586,14,867
인천광역시,남동구,만수3동,만수3동제2투,1400,801,335,391,62,6,0,794,7,599
인천광역시,남동구,만수3동,만수3동제3투,2196,1259,533,613,91,11,3,1251,8,937
인천광역시,남동구,만수3동,만수3동제4투,3302,2474,1075,1143,209,25,6,2458,16,828
인천광역시,남동구,만수4동,관내사전투표,4649,4649,2938,1363,277,43,3,4624,25,0
인천광역시,남동구,만수4동,만수4동제1투,1578,954,350,511,70,8,1,940,14,624
인천광역시,남동구,만수4동,만수4동제2투,1840,1330,507,685,113,12,1,1318,12,510
인천광역시,남동구,만수4동,만수4동제3투,1832,1197,454,639,82,11,1,1187,10,635
인천광역시,남동구,만수4동,만수4동제4투,2053,1420,592,673,127,12,3,1407,13,633
인천광역시,남동구,만수4동,만수4동제5투,1467,949,372,497,68,7,3,947,2,518
인천광역시,남동구,만수4동,만수4동제6투,1489,993,415,494,69,11,2,991,2,496
인천광역시,남동구,만수5동,관내사전투표,2694,2694,1824,712,117,24,5,2682,12,0
인천광역시,남동구,만수5동,만수5동제1투,2269,1345,523,697,100,15,1,1336,9,924
인천광역시,남동구,만수5동,만수5동제2투,2745,1966,760,1038,136,20,0,1954,12,779
인천광역시,남동구,만수5동,만수5동제3투,2053,1135,472,564,82,7,3,1128,7,918
인천광역시,남동구,만수5동,만수5동제4투,2275,1379,550,693,106,14,3,1366,13,896
인천광역시,남동구,만수6동,관내사전투표,5048,5048,3311,1273,353,68,3,5008,40,0
인천광역시,남동구,만수6동,만수6동제1투,2086,1321,487,708,98,14,3,1310,11,765
인천광역시,남동구,만수6동,만수6동제2투,2164,1559,672,757,104,13,0,1546,13,605
인천광역시,남동구,만수6동,만수6동제3투,2321,1569,612,810,117,16,0,1555,14,752
인천광역시,남동구,만수6동,만수6동제4투,2530,1929,800,930,163,24,1,1918,11,601
인천광역시,남동구,만수6동,만수6동제5투,2495,1640,707,790,110,21,2,1630,10,855
인천광역시,남동구,만수6동,만수6동제6투,2253,1687,638,906,121,13,1,1679,8,566
인천광역시,남동구,장수서창동,관내사전투표,3736,3736,2518,946,219,33,5,3721,15,0
인천광역시,남동구,장수서창동,장수서창동제1투,3231,2181,780,1233,135,21,0,2169,12,1050
인천광역시,남동구,장수서창동,장수서창동제2투,183,133,23,102,7,0,0,132,1,50
인천광역시,남동구,장수서창동,장수서창동제3투,3287,2233,831,1233,134,22,5,2225,8,1054
인천광역시,남동구,장수서창동,장수서창동제4투,1882,1440,602,726,93,14,2,1437,3,442
인천광역시,남동구,장수서창동,장수서창동제5투,1863,1320,556,634,108,12,1,1311,9,543
인천광역시,남동구,서창2동,관내사전투표,6854,6854,4901,1424,441,54,2,6822,32,0
인천광역시,남동구,서창2동,서창2동제1투,2821,2031,958,866,178,24,3,2029,2,790
인천광역시,남동구,서창2동,서창2동제2투,1971,1401,587,716,81,11,0,1395,6,570
인천광역시,남동구,서창2동,서창2동제3투,3153,2323,1197,876,211,23,0,2307,16,830
인천광역시,남동구,서창2동,서창2동제4투,3167,2427,1207,968,214,20,4,2413,14,740
인천광역시,남동구,서창2동,서창2동제5투,1779,1447,719,583,113,20,2,1437,10,332
인천광역시,남동구,서창2동,서창2동제6투,2766,1961,880,929,129,14,1,1953,8,805
인천광역시,남동구,서창2동,서창2동제7투,1415,950,439,426,70,12,0,947,3,465
인천광역시,남동구,서창2동,서창2동제8투,2607,1952,892,837,190,16,3,1938,14,655
인천광역시,남동구,남촌도림동,관내사전투표,3008,3008,1980,806,190,19,1,2996,12,0
인천광역시,남동구,남촌도림동,남촌도림동제1투,1545,829,290,463,63,5,2,823,6,716
인천광역시,남동구,남촌도림동,남촌도림동제2투,2036,1238,510,586,106,18,4,1224,14,798
인천광역시,남동구,남촌도림동,남촌도림동제3투,2523,1590,632,816,114,10,4,1576,14,933
인천광역시,남동구,남촌도림동,남촌도림동제4투,3349,2258,1039,990,181,34,2,2246,12,1091
인천광역시,남동구,남촌도림동,남촌도림동제5투,2316,1770,752,863,114,24,4,1757,13,546
인천광역시,남동구,남촌도림동,남촌도림동제6투,328,217,52,156,7,1,1,217,0,111
인천광역시,남동구,논현1동,관내사전투표,5895,5895,4107,1351,349,54,4,5865,30,0
인천광역시,남동구,논현1동,논현1동제1투,2042,1295,589,563,120,15,2,1289,6,747
인천광역시,남동구,논현1동,논현1동제2투,3466,2043,897,921,202,9,3,2032,11,1423
인천광역시,남동구,논현1동,논현1동제3투,3487,2557,1142,1169,205,29,1,2546,11,930
인천광역시,남동구,논현1동,논현1동제4투,2043,1267,474,680,88,12,0,1254,13,776
인천광역시,남동구,논현1동,논현1동제5투,1861,1260,503,634,98,14,1,1250,10,601
인천광역시,남동구,논현1동,논현1동제6투,2609,2019,921,895,170,19,0,2005,14,590
인천광역시,남동구,논현1동,논현1동제7투,2102,1526,649,747,112,8,1,1517,9,576
인천광역시,남동구,논현2동,관내사전투표,5935,5935,4057,1366,428,49,0,5900,35,0
인천광역시,남동구,논현2동,논현2동제1투,2536,1423,542,727,118,15,2,1404,19,1113
인천광역시,남동구,논현2동,논현2동제2투,1906,1410,490,767,129,17,1,1404,6,496
인천광역시,남동구,논현2동,논현2동제3투,2124,1440,516,788,113,13,2,1432,8,684
인천광역시,남동구,논현2동,논현2동제4투,3509,2322,1015,1063,201,19,4,2302,20,1187
인천광역시,남동구,논현2동,논현2동제5투,3712,2527,1149,1127,202,30,2,2510,17,1185
인천광역시,남동구,논현2동,논현2동제6투,1919,1424,684,617,96,15,3,1415,9,495
인천광역시,남동구,논현2동,논현2동제7투,2048,1528,716,662,115,26,1,1520,8,520
인천광역시,남동구,논현2동,논현2동제8투,1244,781,324,374,70,5,0,773,8,463
인천광역시,남동구,논현고잔동,관내사전투표,8542,8542,5862,1900,641,90,7,8500,42,0
인천광역시,남동구,논현고잔동,논현고잔동제1투,2251,1603,694,750,135,14,1,1594,9,648
인천광역시,남동구,논현고잔동,논현고잔동제2투,3486,2050,833,1014,164,24,3,2038,12,1436
인천광역시,남동구,논현고잔동,논현고잔동제3투,3304,2373,1055,1028,247,35,1,2366,7,931
인천광역시,남동구,논현고잔동,논현고잔동제4투,2631,1991,960,801,194,24,4,1983,8,640
인천광역시,남동구,논현고잔동,논현고잔동제5투,3685,2670,971,1489,180,24,1,2665,5,1015
인천광역시,남동구,논현고잔동,논현고잔동제6투,2737,2185,1014,938,192,28,1,2173,12,552
인천광역시,남동구,논현고잔동,논현고잔동제7투,2116,1660,768,751,127,6,0,1652,8,456
인천광역시,남동구,논현고잔동,논현고잔동제8투,483,245,68,164,10,0,1,243,2,238
인천광역시,부평구,거소·선상투표,,668,628,285,196,128,4,1,614,14,40
인천광역시,부평구,관외사전투표,,40255,40241,24886,9198,5248,488,53,39873,368,14
인천광역시,부평구,재외투표,,2040,1674,1188,307,143,23,2,1663,11,366
인천광역시,부평구,부평1동,관내사전투표,7382,7382,4676,1985,599,66,8,7334,48,0
인천광역시,부평구,부평1동,부평1동제1투,2156,1367,479,738,125,15,1,1358,9,789
인천광역시,부평구,부평1동,부평1동제2투,3139,1480,601,634,207,16,4,1462,18,1659
인천광역시,부평구,부평1동,부평1동제3투,2260,1721,595,988,115,13,0,1711,10,539
인천광역시,부평구,부평1동,부평1동제4투,2413,1726,618,937,140,20,0,1715,11,687
인천광역시,부평구,부평1동,부평1동제5투,2516,1872,857,854,124,17,5,1857,15,644
인천광역시,부평구,부평1동,부평1동제6투,2315,1782,717,875,149,29,4,1774,8,533
인천광역시,부평구,부평1동,부평1동제7투,2953,1729,737,796,174,11,2,1720,9,1224
인천광역시,부평구,부평1동,부평1동제8투,3188,1891,767,901,179,24,4,1875,16,1297
인천광역시,부평구,부평2동,관내사전투표,3458,3458,2314,849,232,39,2,3436,22,0
인천광역시,부평구,부평2동,부평2동제1투,2315,1423,544,725,132,11,1,1413,10,892
인천광역시,부평구,부평2동,부평2동제2투,2444,1551,688,719,112,19,3,1541,10,893
인천광역시,부평구,부평2동,부평2동제3투,1699,1017,430,474,90,10,0,1004,13,682
인천광역시,부평구,부평2동,부평2동제4투,2074,1281,551,592,105,21,2,1271,10,793
인천광역시,부평구,부평2동,부평2동제5투,1419,1094,454,468,151,13,1,1087,7,325
인천광역시,부평구,부평3동,관내사전투표,3320,3320,2073,922,254,45,2,3296,24,0
인천광역시,부평구,부평3동,부평3동제1투,2423,1368,502,755,87,12,0,1356,12,1055
인천광역시,부평구,부평3동,부평3동제2투,1917,1412,589,646,143,18,1,1397,15,505
인천광역시,부평구,부평3동,부평3동제3투,2853,1778,779,833,123,29,0,1764,14,1075
인천광역시,부평구,부평3동,부평3동제4투,1647,1025,395,540,66,10,0,1011,14,622
인천광역시,부평구,부평4동,관내사전투표,6842,6841,4725,1369,614,80,5,6793,48,1
인천광역시,부평구,부평4동,부평4동제1투,4283,2401,1096,1032,227,21,4,2380,21,1882
인천광역시,부평구,부평4동,부평4동제2투,2678,1628,807,681,111,12,0,1611,17,1050
인천광역시,부평구,부평4동,부평4동제3투,2430,1641,660,803,149,16,2,1630,11,789
인천광역시,부평구,부평4동,부평4동제4투,2094,1317,587,599,110,10,3,1309,8,777
인천광역시,부평구,부평4동,부평4동제5투,2508,1549,633,774,120,11,0,1538,11,959
인천광역시,부평구,부평4동,부평4동제6투,2486,1492,743,598,123,17,1,1482,10,994
인천광역시,부평구,부평4동,부평4동제7투,2695,1646,779,675,159,20,2,1635,11,1049
인천광역시,부평구,부평4동,부평4동제8투,2168,1217,570,503,118,12,2,1205,12,951
인천광역시,부평구,부평5동,관내사전투표,5297,5296,3727,1112,358,51,4,5252,44,1
인천광역시,부평구,부평5동,부평5동제1투,4034,1956,894,842,183,23,3,1945,11,2078
인천광역시,부평구,부평5동,부평5동제2투,3983,2395,1225,937,199,20,1,2382,13,1588
인천광역시,부평구,부평5동,부평5동제3투,4605,2656,1239,1124,221,40,3,2627,29,1949
인천광역시,부평구,부평5동,부평5동제4투,3187,1763,789,779,159,22,1,1750,13,1424
인천광역시,부평구,부평5동,부평5동제5투,3893,2556,1223,1052,237,27,2,2541,15,1337
인천광역시,부평구,부평6동,관내사전투표,4790,4790,3130,1179,390,53,2,4754,36,0
인천광역시,부평구,부평6동,부평6동제1투,2400,1657,698,726,196,22,5,1647,10,743
인천광역시,부평구,부평6동,부평6동제2투,2792,1752,761,803,140,20,6,1730,22,1040
인천광역시,부평구,부평6동,부평6동제3투,2761,1634,706,735,162,15,0,1618,16,1127
인천광역시,부평구,부평6동,부평6동제4투,2544,1715,760,782,137,17,3,1699,16,829
인천광역시,부평구,산곡1동,관내사전투표,2101,2101,1391,495,185,16,2,2089,12,0
인천광역시,부평구,산곡1동,산곡1동제1투,2209,1455,632,634,156,17,3,1442,13,754
인천광역시,부평구,산곡1동,산곡1동제2투,2673,1982,848,929,166,22,4,1969,13,691
인천광역시,부평구,산곡1동,산곡1동제3투,1432,945,361,498,69,12,0,940,5,487
인천광역시,부평구,산곡1동,산곡1동제4투,2223,1532,666,681,152,17,0,1516,16,691
인천광역시,부평구,산곡2동,관내사전투표,4427,4426,2964,1068,317,45,5,4399,27,1
인천광역시,부평구,산곡2동,산곡2동제1투,2325,1666,705,786,135,26,4,1656,10,659
인천광역시,부평구,산곡2동,산곡2동제2투,1997,1482,644,681,121,20,0,1466,16,515
인천광역시,부평구,산곡2동,산곡2동제3투,3114,2233,957,1067,171,26,0,2221,12,881
인천광역시,부평구,산곡2동,산곡2동제4투,3015,2196,907,1079,167,19,3,2175,21,819
인천광역시,부평구,산곡2동,산곡2동제5투,2832,2074,919,950,169,25,3,2066,8,758
인천광역시,부평구,산곡2동,산곡2동제6투,2912,2133,1007,924,156,24,1,2112,21,779
인천광역시,부평구,산곡3동,관내사전투표,4477,4477,2837,1298,258,52,7,4452,25,0
인천광역시,부평구,산곡3동,산곡3동제1투,2393,1677,565,946,123,26,2,1662,15,716
인천광역시,부평구,산곡3동,산곡3동제2투,2891,2019,709,1125,148,21,4,2007,12,872
인천광역시,부평구,산곡3동,산곡3동제3투,2614,1786,663,979,108,23,2,1775,11,828
인천광역시,부평구,산곡3동,산곡3동제4투,2000,1499,444,943,87,15,1,1490,9,501
인천광역시,부평구,산곡3동,산곡3동제5투,1787,1190,432,651,79,14,2,1178,12,597
인천광역시,부평구,산곡4동,관내사전투표,5843,5843,3944,1381,415,61,4,5805,38,0
인천광역시,부평구,산곡4동,산곡4동제1투,2632,1929,832,900,162,16,1,1911,18,703
인천광역시,부평구,산곡4동,산곡4동제2투,2146,1524,610,775,114,10,1,1510,14,622
인천광역시,부평구,산곡4동,산곡4동제3투,2579,1917,777,965,147,18,2,1909,8,662
인천광역시,부평구,산곡4동,산곡4동제4투,2282,1666,650,834,145,21,2,1652,14,616
인천광역시,부평구,청천1동,관내사전투표,4488,4488,3099,962,357,42,2,4462,26,0
인천광역시,부평구,청천1동,청천1동제1투,3142,2073,950,890,192,24,2,2058,15,1069
인천광역시,부평구,청천1동,청천1동제2투,2705,1541,724,681,105,16,1,1527,14,1164
인천광역시,부평구,청천1동,청천1동제3투,2777,2068,929,880,224,18,1,2052,16,709
인천광역시,부평구,청천1동,청천1동제4투,3494,2697,1213,1153,271,32,6,2675,22,797
인천광역시,부평구,청천2동,관내사전투표,4866,4866,3177,1274,326,45,4,4826,40,0
인천광역시,부평구,청천2동,청천2동제1투,3231,1731,751,775,169,13,2,1710,21,1500
인천광역시,부평구,청천2동,청천2동제2투,3106,2092,834,1010,203,26,4,2077,15,1014
인천광역시,부평구,청천2동,청천2동제3투,2102,1530,662,707,134,22,0,1525,5,572
인천광역시,부평구,청천2동,청천2동제4투,2110,1548,753,613,141,26,2,1535,13,562
인천광역시,부평구,청천2동,청천2동제5투,2131,1626,724,687,173,31,1,1616,10,505
인천광역시,부평구,청천2동,청천2동제6투,2113,1531,693,655,150,21,2,1521,10,582
인천광역시,부평구,청천2동,청천2동제7투,2123,1511,651,714,107,21,1,1494,17,612
인천광역시,부평구,청천2동,청천2동제8투,2468,1586,689,747,117,15,6,1574,12,882
인천광역시,부평구,갈산1동,관내사전투표,3797,3797,2561,907,275,28,3,3774,23,0
인천광역시,부평구,갈산1동,갈산1동제1투,1060,575,224,294,51,3,0,572,3,485
인천광역시,부평구,갈산1동,갈산1동제2투,2873,1776,756,818,156,18,1,1749,27,1097
인천광역시,부평구,갈산1동,갈산1동제3투,2590,1684,697,813,147,16,0,1673,11,906
인천광역시,부평구,갈산1동,갈산1동제4투,2043,1365,605,606,124,18,1,1354,11,678
인천광역시,부평구,갈산2동,관내사전투표,4670,4670,2927,1380,288,47,4,4646,24,0
인천광역시,부평구,갈산2동,갈산2동제1투,2850,1914,772,961,153,13,2,1901,13,936
인천광역시,부평구,갈산2동,갈산2동제2투,1970,1291,565,609,87,16,0,1277,14,679
인천광역시,부평구,갈산2동,갈산2동제3투,1975,1335,534,667,113,11,2,1327,8,640
인천광역시,부평구,갈산2동,갈산2동제4투,2857,1957,710,1049,150,25,3,1937,20,900
인천광역시,부평구,삼산1동,관내사전투표,6571,6570,4669,1408,382,74,4,6537,33,1
인천광역시,부평구,삼산1동,삼산1동제1투,2246,1333,559,655,95,11,1,1321,12,913
인천광역시,부평구,삼산1동,삼산1동제2투,3001,2231,1000,1011,174,29,4,2218,13,770
인천광역시,부평구,삼산1동,삼산1동제3투,2631,1750,772,794,143,25,1,1735,15,881
인천광역시,부평구,삼산1동,삼산1동제4투,1589,1020,470,449,89,9,0,1017,3,569
인천광역시,부평구,삼산1동,삼산1동제5투,1573,936,370,500,38,12,3,923,13,637
인천광역시,부평구,삼산1동,삼산1동제6투,2767,2008,927,882,166,18,1,1994,14,759
인천광역시,부평구,삼산1동,삼산1동제7투,2049,1473,742,561,147,17,2,1469,4,576
인천광역시,부평구,삼산1동,삼산1동제8투,2235,1586,718,694,140,22,0,1574,12,649
인천광역시,부평구,삼산2동,관내사전투표,5900,5899,4121,1265,428,60,2,5876,23,1
인천광역시,부평구,삼산2동,삼산2동제1투,2550,1875,830,836,171,21,2,1860,15,675
인천광역시,부평구,삼산2동,삼산2동제2투,2597,2050,1032,748,232,26,2,2040,10,547
인천광역시,부평구,삼산2동,삼산2동제3투,2081,1521,628,748,118,12,5,1511,10,560
인천광역시,부평구,삼산2동,삼산2동제4투,2088,1431,558,762,85,15,1,1421,10,657
인천광역시,부평구,삼산2동,삼산2동제5투,2463,1919,805,910,174,21,1,1911,8,544
인천광역시,부평구,삼산2동,삼산2동제6투,2516,1796,816,794,152,22,0,1784,12,720
인천광역시,부평구,부개1동,관내사전투표,3223,3223,2066,956,154,21,1,3198,25,0
인천광역시,부평구,부개1동,부개1동제1투,2249,1328,529,691,84,13,1,1318,10,921
인천광역시,부평구,부개1동,부개1동제2투,2997,2067,857,1033,143,20,0,2053,14,930
인천광역시,부평구,부개1동,부개1동제3투,2013,1221,492,633,78,8,1,1212,9,792
인천광역시,부평구,부개1동,부개1동제4투,1862,1145,448,609,63,15,4,1139,6,717
인천광역시,부평구,부개2동,관내사전투표,5990,5990,4049,1367,466,70,6,5958,32,0
인천광역시,부평구,부개2동,부개2동제1투,2714,1747,714,846,154,20,2,1736,11,967
인천광역시,부평구,부개2동,부개2동제2투,2549,1782,767,821,154,25,1,1768,14,767
인천광역시,부평구,부개2동,부개2동제3투,2737,1896,819,891,132,28,7,1877,19,841
인천광역시,부평구,부개2동,부개2동제4투,2500,1821,769,886,135,19,2,1811,10,679
인천광역시,부평구,부개3동,관내사전투표,5732,5732,3928,1291,412,56,3,5690,42,0
인천광역시,부평구,부개3동,부개3동제1투,1885,1242,477,627,110,17,0,1231,11,643
인천광역시,부평구,부개3동,부개3동제2투,1687,1014,414,473,97,16,2,1002,12,673
인천광역시,부평구,부개3동,부개3동제3투,2107,1603,701,718,160,16,0,1595,8,504
인천광역시,부평구,부개3동,부개3동제4투,2220,1547,678,652,180,20,3,1533,14,673
인천광역시,부평구,부개3동,부개3동제5투,2906,2286,965,1106,171,34,0,2276,10,620
인천광역시,부평구,부개3동,부개3동제6투,2643,2088,944,935,168,26,1,2074,14,555
인천광역시,부평구,부개3동,부개3동제7투,2568,1845,826,813,163,27,3,1832,13,723
인천광역시,부평구,일신동,관내사전투표,2926,2926,1864,779,235,24,0,2902,24,0
인천광역시,부평구,일신동,일신동제1투,2308,1507,573,802,112,9,2,1498,9,801
인천광역시,부평구,일신동,일신동제2투,2172,1497,657,720,89,16,3,1485,12,675
인천광역시,부평구,일신동,일신동제3투,2030,1446,601,713,110,12,3,1439,7,584
인천광역시,부평구,십정1동,관내사전투표,5408,5408,3530,1392,393,55,7,5377,31,0
인천광역시,부평구,십정1동,십정1동제1투,3295,1976,766,1043,132,14,1,1956,20,1319
인천광역시,부평구,십정1동,십정1동제2투,2932,2081,944,923,158,36,4,2065,16,851
인천광역시,부평구,십정1동,십정1동제3투,3845,2758,1235,1194,277,29,6,2741,17,1087
인천광역시,부평구,십정1동,십정1동제4투,3843,2821,1232,1196,347,28,4,2807,14,1022
인천광역시,부평구,십정2동,관내사전투표,2648,2648,1710,757,125,18,7,2617,31,0
인천광역시,부평구,십정2동,십정2동제1투,2203,1326,514,705,82,11,2,1314,12,877
인천광역시,부평구,십정2동,십정2동제2투,2554,1592,648,817,100,10,4,1579,13,962
인천광역시,부평구,십정2동,십정2동제3투,3178,1790,760,862,123,19,5,1769,21,1388
인천광역시,부평구,십정2동,십정2동제4투,2745,1603,653,827,95,13,3,1591,12,1142
인천광역시,부평구,십정2동,십정2동제5투,2649,2045,859,999,160,13,2,2033,12,604
인천광역시,계양구,거소·선상투표,,401,379,179,108,75,2,2,366,13,22
인천광역시,계양구,관외사전투표,,22712,22701,14440,4948,2793,252,37,22470,231,11
인천광역시,계양구,재외투표,,1152,929,682,144,77,19,1,923,6,223
인천광역시,계양구,효성1동,관내사전투표,6020,6020,4083,1457,385,47,3,5975,45,0
인천광역시,계양구,효성1동,효성1동제1투,2315,1479,586,768,99,15,3,1471,8,836
인천광역시,계양구,효성1동,효성1동제2투,1431,920,381,447,78,6,0,912,8,511
인천광역시,계양구,효성1동,효성1동제3투,2476,1581,613,815,132,12,1,1573,8,895
인천광역시,계양구,효성1동,효성1동제4투,2056,1308,594,605,85,13,1,1298,10,748
인천광역시,계양구,효성1동,효성1동제5투,2535,1787,810,772,167,21,2,1772,15,748
인천광역시,계양구,효성1동,효성1동제6투,2258,1687,782,726,150,14,0,1672,15,571
인천광역시,계양구,효성1동,효성1동제7투,2149,1591,817,629,118,16,0,1580,11,558
인천광역시,계양구,효성2동,관내사전투표,4284,4284,2907,1086,236,29,2,4260,24,0
인천광역시,계양구,효성2동,효성2동제1투,2271,1359,557,699,85,13,0,1354,5,912
인천광역시,계양구,효성2동,효성2동제2투,2718,1580,751,684,118,13,3,1569,11,1138
인천광역시,계양구,효성2동,효성2동제3투,3059,2239,1005,1006,186,22,4,2223,16,820
인천광역시,계양구,효성2동,효성2동제4투,2946,2196,951,1028,173,26,1,2179,17,750
인천광역시,계양구,효성2동,효성2동제5투,2350,1500,679,683,109,11,1,1483,17,850
인천광역시,계양구,효성2동,효성2동제6투,3080,2264,1076,1004,155,18,2,2255,9,816
인천광역시,계양구,계산1동,관내사전투표,2874,2873,1901,771,155,30,2,2859,14,1
인천광역시,계양구,계산1동,계산1동제1투,2433,1497,571,792,105,13,2,1483,14,936
인천광역시,계양구,계산1동,계산1동제2투,2691,1644,730,774,105,15,4,1628,16,1047
인천광역시,계양구,계산1동,계산1동제3투,1934,1106,449,550,87,9,1,1096,10,828
인천광역시,계양구,계산1동,계산1동제4투,2442,1515,673,698,112,20,1,1504,11,927
인천광역시,계양구,계산1동,계산1동제5투,1606,1005,418,488,77,15,4,1002,3,601
인천광역시,계양구,계산2동,관내사전투표,4898,4898,3358,1109,350,41,2,4860,38,0
인천광역시,계양구,계산2동,계산2동제1투,1986,1190,458,611,99,12,1,1181,9,796
인천광역시,계양구,계산2동,계산2동제2투,2051,1238,508,638,63,13,3,1225,13,813
인천광역시,계양구,계산2동,계산2동제3투,2362,1702,751,784,128,18,3,1684,18,660
인천광역시,계양구,계산2동,계산2동제4투,2108,1221,497,605,93,11,2,1208,13,887
인천광역시,계양구,계산3동,관내사전투표,4917,4917,3397,1123,326,42,5,4893,24,0
인천광역시,계양구,계산3동,계산3동제1투,2474,1755,769,833,133,15,1,1751,4,719
인천광역시,계양구,계산3동,계산3동제2투,1958,1309,586,565,121,19,1,1292,17,649
인천광역시,계양구,계산3동,계산3동제3투,1730,1176,498,542,103,19,1,1163,13,554
인천광역시,계양구,계산3동,계산3동제4투,2125,1461,620,698,108,16,0,1442,19,664
인천광역시,계양구,계산3동,계산3동제5투,2038,1256,515,596,110,20,0,1241,15,782
인천광역시,계양구,계산4동,관내사전투표,5946,5946,4298,1140,410,57,2,5907,39,0
인천광역시,계양구,계산4동,계산4동제1투,2805,1592,696,703,163,23,2,1587,5,1213
인천광역시,계양구,계산4동,계산4동제2투,1899,1371,618,613,112,17,3,1363,8,528
인천광역시,계양구,계산4동,계산4동제3투,3300,2287,943,1121,179,26,1,2270,17,1013
인천광역시,계양구,계산4동,계산4동제4투,2781,2076,996,860,184,23,1,2064,12,705
인천광역시,계양구,계산4동,계산4동제5투,1868,1521,725,647,121,20,1,1514,7,347
인천광역시,계양구,작전1동,관내사전투표,4688,4688,3299,1088,255,30,1,4673,15,0
인천광역시,계양구,작전1동,작전1동제1투,2945,2048,925,901,178,25,3,2032,16,897
인천광역시,계양구,작전1동,작전1동제2투,2642,1782,893,708,143,21,1,1766,16,860
인천광역시,계양구,작전1동,작전1동제3투,2691,1897,824,895,152,15,1,1887,10,794
인천광역시,계양구,작전1동,작전1동제4투,1553,979,361,523,74,13,1,972,7,574
인천광역시,계양구,작전1동,작전1동제5투,2738,1847,844,814,145,23,6,1832,15,891
인천광역시,계양구,작전1동,작전1동제6투,2655,1910,958,743,184,14,1,1900,10,745
인천광역시,계양구,작전2동,관내사전투표,5164,5164,3485,1309,292,43,5,5134,30,0
인천광역시,계양구,작전2동,작전2동제1투,1935,1131,447,599,70,7,1,1124,7,804
인천광역시,계양구,작전2동,작전2동제2투,2190,1490,645,693,116,21,1,1476,14,700
인천광역시,계양구,작전2동,작전2동제3투,1834,1217,497,602,88,15,1,1203,14,617
인천광역시,계양구,작전2동,작전2동제4투,2886,1890,864,839,151,25,1,1880,10,996
인천광역시,계양구,작전2동,작전2동제5투,4973,3685,1652,1612,339,46,5,3654,31,1288
인천광역시,계양구,작전서운동,관내사전투표,5266,5264,3627,1179,377,45,3,5231,33,2
인천광역시,계양구,작전서운동,작전서운동제1투,2217,1214,574,517,106,10,0,1207,7,1003
인천광역시,계양구,작전서운동,작전서운동제2투,2603,1909,907,788,168,26,2,1891,18,694
인천광역시,계양구,작전서운동,작전서운동제3투,2205,1568,647,772,124,17,0,1560,8,637
인천광역시,계양구,작전서운동,작전서운동제4투,3178,2375,1150,984,200,25,4,2363,12,803
인천광역시,계양구,작전서운동,작전서운동제5투,2520,1828,936,699,159,19,1,1814,14,692
인천광역시,계양구,작전서운동,작전서운동제6투,2445,1775,896,698,152,13,1,1760,15,670
인천광역시,계양구,작전서운동,작전서운동제7투,2216,1356,661,564,109,8,4,1346,10,860
인천광역시,계양구,작전서운동,작전서운동제8투,1219,893,481,341,51,9,3,885,8,326
인천광역시,계양구,계양1동,관내사전투표,2680,2680,1776,696,161,30,3,2666,14,0
인천광역시,계양구,계양1동,계양1동제1투,2713,1693,596,940,110,24,3,1673,20,1020
인천광역시,계양구,계양1동,계양1동제2투,3260,2215,1036,1024,122,14,2,2198,17,1045
인천광역시,계양구,계양1동,계양1동제3투,2985,2259,1081,955,181,21,2,2240,19,726
인천광역시,계양구,계양1동,계양1동제4투,2332,1706,732,811,119,30,0,1692,14,626
인천광역시,계양구,계양2동,관내사전투표,7462,7462,5220,1629,491,65,5,7410,52,0
인천광역시,계양구,계양2동,계양2동제1투,2569,1433,594,704,103,15,1,1417,16,1136
인천광역시,계양구,계양2동,계양2동제2투,2041,1270,549,606,91,10,2,1258,12,771
인천광역시,계양구,계양2동,계양2동제3투,1589,1043,440,494,80,13,2,1029,14,546
인천광역시,계양구,계양2동,계양2동제4투,1673,1017,444,501,59,8,0,1012,5,656
인천광역시,계양구,계양2동,계양2동제5투,2946,2024,885,927,168,23,3,2006,18,922
인천광역시,계양구,계양2동,계양2동제6투,3030,1854,889,809,131,16,0,1845,9,1176
인천광역시,계양구,계양2동,계양2동제7투,2884,2171,1093,816,225,21,0,2155,16,713
인천광역시,계양구,계양2동,계양2동제8투,2496,1746,802,767,142,16,2,1729,17,750
인천광역시,계양구,계양3동,관내사전투표,4959,4959,3744,886,264,37,2,4933,26,0
인천광역시,계양구,계양3동,계양3동제1투,2042,1396,639,636,97,17,0,1389,7,646
인천광역시,계양구,계양3동,계양3동제2투,270,188,61,120,5,2,0,188,0,82
인천광역시,계양구,계양3동,계양3동제3투,2815,1978,1035,763,141,21,6,1966,12,837
인천광역시,계양구,계양3동,계양3동제4투,2645,1818,915,753,120,19,3,1810,8,827
인천광역시,계양구,계양3동,계양3동제5투,2827,1688,866,671,128,15,2,1682,6,1139
인천광역시,계양구,계양3동,계양3동제6투,2313,1858,909,781,133,22,1,1846,12,455
인천광역시,서구,거소·선상투표,,798,750,329,224,169,4,1,727,23,48
인천광역시,서구,관외사전투표,,50306,50290,31013,11505,6665,572,60,49815,475,16
인천광역시,서구,재외투표,,2481,2059,1430,392,202,23,1,2048,11,422
인천광역시,서구,검암경서동,관내사전투표,7662,7661,5384,1517,614,87,6,7608,53,1
인천광역시,서구,검암경서동,검암경서동제1투,2723,1909,766,900,201,18,2,1887,22,814
인천광역시,서구,검암경서동,검암경서동제2투,3915,2944,1384,1142,352,42,3,2923,21,971
인천광역시,서구,검암경서동,검암경서동제3투,3264,1819,905,751,135,9,2,1802,17,1445
인천광역시,서구,검암경서동,검암경서동제4투,2269,1649,693,741,185,10,1,1630,19,620
인천광역시,서구,검암경서동,검암경서동제5투,2395,1708,811,689,168,24,1,1693,15,687
인천광역시,서구,검암경서동,검암경서동제6투,1899,1455,674,612,135,22,2,1445,10,444
인천광역시,서구,검암경서동,검암경서동제7투,2098,1321,656,475,150,15,4,1300,21,777
인천광역시,서구,검암경서동,검암경서동제8투,3077,2302,1141,957,163,26,1,2288,14,775
인천광역시,서구,검암경서동,검암경서동제9투,2181,1392,653,564,146,15,3,1381,11,789
인천광역시,서구,검암경서동,검암경서동제10투,2890,1781,925,675,144,23,2,1769,12,1109
인천광역시,서구,검암경서동,검암경서동제11투,1882,1414,724,528,130,18,2,1402,12,468
인천광역시,서구,검암경서동,검암경서동제12투,3347,2612,1283,1013,276,29,1,2602,10,735
인천광역시,서구,연희동,관내사전투표,9262,9262,5984,2318,758,105,13,9178,84,0
인천광역시,서구,연희동,연희동제1투,2451,1501,684,669,117,20,1,1491,10,950
인천광역시,서구,연희동,연희동제2투,2781,1769,779,814,140,16,6,1755,14,1012
인천광역시,서구,연희동,연희동제3투,2896,1599,613,836,125,15,0,1589,10,1297
인천광역시,서구,연희동,연희동제4투,2563,1604,645,810,127,9,2,1593,11,959
인천광역시,서구,연희동,연희동제5투,2551,1667,689,816,132,18,0,1655,12,884
인천광역시,서구,연희동,연희동제6투,2294,1459,694,604,127,19,0,1444,15,835
인천광역시,서구,연희동,연희동제7투,2501,1492,619,715,136,14,1,1485,7,1009
인천광역시,서구,연희동,연희동제8투,2089,1380,597,634,130,12,2,1375,5,709
인천광역시,서구,연희동,연희동제9투,2918,1620,664,780,148,18,4,1614,6,1298
인천광역시,서구,청라1동,관내사전투표,7289,7289,4966,1505,680,79,5,7235,54,0
인천광역시,서구,청라1동,청라1동제1투,2772,2116,1017,841,220,25,3,2106,10,656
인천광역시,서구,청라1동,청라1동제2투,2609,1951,915,821,174,29,4,1943,8,658
인천광역시,서구,청라1동,청라1동제3투,3320,2088,835,1016,208,21,3,2083,5,1232
인천광역시,서구,청라1동,청라1동제4투,3516,2269,925,1068,239,19,0,2251,18,1247
인천광역시,서구,청라1동,청라1동제5투,3449,2501,1122,1070,262,25,3,2482,19,948
인천광역시,서구,청라2동,관내사전투표,8690,8690,5795,1950,814,79,4,8642,48,0
인천광역시,서구,청라2동,청라2동제1투,3455,2628,1089,1265,227,34,0,2615,13,827
인천광역시,서구,청라2동,청라2동제2투,2106,1589,709,700,158,15,1,1583,6,517
인천광역시,서구,청라2동,청라2동제3투,2625,1758,658,911,161,13,2,1745,13,867
인천광역시,서구,청라2동,청라2동제4투,2622,1733,558,947,195,21,0,1721,12,889
인천광역시,서구,청라2동,청라2동제5투,3188,2456,1216,955,252,21,2,2446,10,732
인천광역시,서구,청라2동,청라2동제6투,2573,1737,762,829,113,19,3,1726,11,836
인천광역시,서구,청라2동,청라2동제7투,1615,1103,374,613,100,10,0,1097,6,512
인천광역시,서구,청라2동,청라2동제8투,2243,1786,947,633,178,14,1,1773,13,457
인천광역시,서구,청라2동,청라2동제9투,3548,2130,786,1088,221,11,2,2108,22,1418
인천광역시,서구,청라3동,관내사전투표,7206,7206,4912,1487,708,61,6,7174,32,0
인천광역시,서구,청라3동,청라3동제1투,2645,1939,801,951,150,24,0,1926,13,706
인천광역시,서구,청라3동,청라3동제2투,3208,2460,1066,1162,194,21,1,2444,16,748
인천광역시,서구,청라3동,청라3동제3투,3149,2161,925,1013,181,26,1,2146,15,988
인천광역시,서구,청라3동,청라3동제4투,2795,2140,943,929,240,21,0,2133,7,655
인천광역시,서구,청라3동,청라3동제5투,2982,1758,689,776,264,19,1,1749,9,1224
인천광역시,서구,청라3동,청라3동제6투,3097,1957,792,916,223,17,2,1950,7,1140
인천광역시,서구,가정1동,관내사전투표,6803,6803,4628,1593,492,52,2,6767,36,0
인천광역시,서구,가정1동,가정1동제1투,3114,1855,719,925,162,22,5,1833,22,1259
인천광역시,서구,가정1동,가정1동제2투,2200,1302,494,682,89,24,3,1292,10,898
인천광역시,서구,가정1동,가정1동제3투,4126,2953,1380,1257,268,24,3,2932,21,1173
인천광역시,서구,가정1동,가정1동제4투,3716,2827,1399,1078,304,30,1,2812,15,889
인천광역시,서구,가정1동,가정1동제5투,3663,2752,1357,1098,246,28,1,2730,22,911
인천광역시,서구,가정1동,가정1동제6투,3995,3089,1520,1192,317,42,0,3071,18,906
인천광역시,서구,가정1동,가정1동제7투,2225,1756,889,648,183,27,2,1749,7,469
인천광역시,서구,가정2동,관내사전투표,3766,3766,2604,776,328,28,3,3739,27,0
인천광역시,서구,가정2동,가정2동제1투,2432,1548,613,767,144,11,2,1537,11,884
인천광역시,서구,가정2동,가정2동제2투,2275,1453,564,727,128,24,2,1445,8,822
인천광역시,서구,가정2동,가정2동제3투,4475,3400,1627,1338,370,39,4,3378,22,1075
인천광역시,서구,가정3동,관내사전투표,1990,1990,1292,565,103,14,4,1978,12,0
인천광역시,서구,가정3동,가정3동제1투,2568,1592,639,803,125,13,3,1583,9,976
인천광역시,서구,가정3동,가정3동제2투,2435,1597,638,786,138,20,4,1586,11,838
인천광역시,서구,신현원창동,관내사전투표,4264,4264,2739,1210,260,36,3,4248,16,0
인천광역시,서구,신현원창동,신현원창동제1투,1885,1118,450,584,64,10,0,1108,10,767
인천광역시,서구,신현원창동,신현원창동제2투,1952,1162,495,569,80,9,2,1155,7,790
인천광역시,서구,신현원창동,신현원창동제3투,1751,938,403,440,76,13,2,934,4,813
인천광역시,서구,신현원창동,신현원창동제4투,2811,1859,846,832,155,14,2,1849,10,952
인천광역시,서구,신현원창동,신현원창동제5투,14,14,4,10,0,0,0,14,0,0
인천광역시,서구,신현원창동,신현원창동제6투,3099,2357,976,1165,172,25,2,2340,17,742
인천광역시,서구,신현원창동,신현원창동제7투,2548,1936,797,961,140,23,2,1923,13,612
인천광역시,서구,신현원창동,신현원창동제8투,2956,2278,1170,862,205,19,3,2259,19,678
인천광역시,서구,석남1동,관내사전투표,3751,3751,2424,1060,216,29,3,3732,19,0
인천광역시,서구,석남1동,석남1동제1투,2796,1799,801,833,120,22,5,1781,18,997
인천광역시,서구,석남1동,석남1동제2투,2594,1819,751,905,123,26,0,1805,14,775
인천광역시,서구,석남1동,석남1동제3투,2794,1620,691,756,146,14,4,1611,9,1174
인천광역시,서구,석남1동,석남1동제4투,1760,1027,389,569,51,12,1,1022,5,733
인천광역시,서구,석남1동,석남1동제5투,3142,1835,751,882,158,22,4,1817,18,1307
인천광역시,서구,석남2동,관내사전투표,3363,3363,2168,968,187,21,4,3348,15,0
인천광역시,서구,석남2동,석남2동제1투,2355,1332,422,791,104,8,1,1326,6,1023
인천광역시,서구,석남2동,석남2동제2투,2525,1810,800,845,130,16,0,1791,19,715
인천광역시,서구,석남2동,석남2동제3투,2470,1614,699,775,106,21,5,1606,8,856
인천광역시,서구,석남3동,관내사전투표,2645,2645,1731,693,180,22,2,2628,17,0
인천광역시,서구,석남3동,석남3동제1투,2678,1660,681,773,172,15,3,1644,16,1018
인천광역시,서구,석남3동,석남3동제2투,2594,1547,622,762,138,11,1,1534,13,1047
인천광역시,서구,석남3동,석남3동제3투,2625,1451,566,755,107,13,1,1442,9,1174
인천광역시,서구,가좌1동,관내사전투표,2765,2765,1881,659,165,32,5,2742,23,0
인천광역시,서구,가좌1동,가좌1동제1투,2452,1375,536,695,116,13,1,1361,14,1077
인천광역시,서구,가좌1동,가좌1동제2투,2236,1256,499,635,96,13,3,1246,10,980
인천광역시,서구,가좌1동,가좌1동제3투,3157,1897,804,841,219,15,0,1879,18,1260
인천광역시,서구,가좌2동,관내사전투표,4300,4300,2828,1130,280,35,9,4282,18,0
인천광역시,서구,가좌2동,가좌2동제1투,2341,1545,590,788,127,20,2,1527,18,796
인천광역시,서구,가좌2동,가좌2동제2투,2277,1450,532,775,117,18,2,1444,6,827
인천광역시,서구,가좌2동,가좌2동제3투,2483,1779,657,959,125,18,3,1762,17,704
인천광역시,서구,가좌2동,가좌2동제4투,3599,2781,1201,1276,249,28,4,2758,23,818
인천광역시,서구,가좌3동,관내사전투표,3967,3967,2435,1211,244,45,1,3936,31,0
인천광역시,서구,가좌3동,가좌3동제1투,1777,1075,361,616,77,13,1,1068,7,702
인천광역시,서구,가좌3동,가좌3동제2투,2165,1272,464,694,84,13,1,1256,16,893
인천광역시,서구,가좌3동,가좌3동제3투,2601,1604,663,747,159,23,0,1592,12,997
인천광역시,서구,가좌3동,가좌3동제4투,2454,1604,683,789,109,14,1,1596,8,850
인천광역시,서구,가좌4동,관내사전투표,2457,2457,1563,683,177,18,3,2444,13,0
인천광역시,서구,가좌4동,가좌4동제1투,2306,1560,636,750,130,32,4,1552,8,746
인천광역시,서구,가좌4동,가좌4동제2투,2468,1695,670,832,164,19,2,1687,8,773
인천광역시,서구,가좌4동,가좌4동제3투,2143,1428,529,748,122,13,2,1414,14,715
인천광역시,서구,검단동,관내사전투표,6313,6312,4366,1464,405,41,3,6279,33,1
인천광역시,서구,검단동,검단동제1투,4083,2629,1225,1117,232,32,3,2609,20,1454
인천광역시,서구,검단동,검단동제2투,1927,1161,465,591,90,8,2,1156,5,766
인천광역시,서구,검단동,검단동제3투,2746,1884,809,898,148,12,1,1868,16,862
인천광역시,서구,검단동,검단동제4투,4545,2691,1217,1181,246,27,3,2674,17,1854
인천광역시,서구,검단동,검단동제5투,3980,2638,1223,1199,171,26,3,2622,16,1342
인천광역시,서구,검단동,검단동제6투,2240,1216,510,576,106,9,2,1203,13,1024
인천광역시,서구,불로대곡동,관내사전투표,6031,6031,4102,1414,434,50,0,6000,31,0
인천광역시,서구,불로대곡동,불로대곡동제1투,4018,2454,1054,1166,205,17,5,2447,7,1564
인천광역시,서구,불로대곡동,불로대곡동제2투,2397,1628,770,722,111,14,4,1621,7,769
인천광역시,서구,불로대곡동,불로대곡동제3투,3105,2118,943,991,143,24,6,2107,11,987
인천광역시,서구,불로대곡동,불로대곡동제4투,3604,2095,905,980,166,26,0,2077,18,1509
인천광역시,서구,불로대곡동,불로대곡동제5투,4187,3197,1787,1004,338,38,2,3169,28,990
인천광역시,서구,원당동,관내사전투표,5628,5628,4075,1039,438,43,7,5602,26,0
인천광역시,서구,원당동,원당동제1투,1951,1224,458,622,130,8,0,1218,6,727
인천광역시,서구,원당동,원당동제2투,2771,1948,959,789,165,21,1,1935,13,823
인천광역시,서구,원당동,원당동제3투,2875,1906,985,731,149,23,4,1892,14,969
인천광역시,서구,원당동,원당동제4투,3091,1825,884,785,134,10,0,1813,12,1266
인천광역시,서구,원당동,원당동제5투,2644,1865,915,736,187,14,3,1855,10,779
인천광역시,서구,당하동,관내사전투표,7459,7459,5153,1565,599,79,6,7402,57,0
인천광역시,서구,당하동,당하동제1투,3766,2401,1083,1060,213,27,2,2385,16,1365
인천광역시,서구,당하동,당하동제2투,3201,2182,1054,908,183,19,3,2167,15,1019
인천광역시,서구,당하동,당하동제3투,2527,1705,701,820,149,15,2,1687,18,822
인천광역시,서구,당하동,당하동제4투,3046,1983,951,846,163,14,3,1977,6,1063
인천광역시,서구,당하동,당하동제5투,2597,1734,871,684,146,20,3,1724,10,863
인천광역시,서구,오류왕길동,관내사전투표,4864,4863,3303,1198,301,38,8,4848,15,1
인천광역시,서구,오류왕길동,오류왕길동제1투,3533,2131,1019,915,165,21,1,2121,10,1402
인천광역시,서구,오류왕길동,오류왕길동제2투,3026,2006,861,950,162,21,5,1999,7,1020
인천광역시,서구,오류왕길동,오류왕길동제3투,3889,2475,1021,1244,177,18,3,2463,12,1414
인천광역시,서구,오류왕길동,오류왕길동제4투,3616,2560,1271,1078,166,23,5,2543,17,1056
인천광역시,서구,마전동,관내사전투표,5253,5253,3640,1139,406,31,5,5221,32,0
인천광역시,서구,마전동,마전동제1투,3229,2134,947,986,167,16,0,2116,18,1095
인천광역시,서구,마전동,마전동제2투,2396,1648,658,809,146,21,2,1636,12,748
인천광역시,서구,마전동,마전동제3투,3600,2463,1223,980,223,25,2,2453,10,1137
인천광역시,서구,마전동,마전동제4투,1866,1182,488,556,110,13,2,1169,13,684
인천광역시,서구,아라동,관내사전투표,9489,9488,6660,1769,914,91,4,9438,50,1
인천광역시,서구,아라동,아라동제1투,3169,2325,1186,833,263,27,1,2310,15,844
인천광역시,서구,아라동,아라동제2투,3532,2754,1384,1024,302,26,2,2738,16,778
인천광역시,서구,아라동,아라동제3투,3492,2608,1302,1019,251,24,1,2597,11,884
인천광역시,서구,아라동,아라동제4투,3691,2642,1171,1118,305,32,3,2629,13,1049
인천광역시,서구,아라동,아라동제5투,2847,2072,1006,837,195,22,0,2060,12,775
인천광역시,서구,아라동,아라동제6투,4558,3327,1634,1244,366,54,1,3299,28,1231
인천광역시,서구,아라동,아라동제7투,4244,2914,1432,1176,251,37,3,2899,15,1330
인천광역시,서구,아라동,아라동제8투,3672,2866,1552,1004,267,28,1,2852,14,806
인천광역시,서구,아라동,아라동제9투,2991,2171,1070,874,182,26,3,2155,16,820
인천광역시,서구,아라동,아라동제10투,2597,1774,732,727,270,26,1,1756,18,823
인천광역시,강화군,거소·선상투표,,151,138,53,57,21,3,1,135,3,13
인천광역시,강화군,관외사전투표,,6271,6268,3041,2491,601,89,7,6229,39,3
인천광역시,강화군,재외투표,,341,273,207,41,20,3,0,271,2,68
인천광역시,강화군,강화읍,관내사전투표,5453,5453,2999,2043,321,48,6,5417,36,0
인천광역시,강화군,강화읍,강화읍제1투,1314,795,234,530,22,6,1,793,2,519
인천광역시,강화군,강화읍,강화읍제2투,2146,1340,408,862,56,3,4,1333,7,806
인천광역시,강화군,강화읍,강화읍제3투,1053,617,172,407,29,4,1,613,4,436
인천광역시,강화군,강화읍,강화읍제4투,1692,1030,326,647,44,5,2,1024,6,662
인천광역시,강화군,강화읍,강화읍제5투,2642,1705,614,965,96,14,2,1691,14,937
인천광역시,강화군,강화읍,강화읍제6투,1251,764,217,490,48,6,0,761,3,487
인천광역시,강화군,강화읍,강화읍제7투,1946,1188,386,735,47,9,4,1181,7,758
인천광역시,강화군,선원면,관내사전투표,2389,2389,1345,892,120,16,0,2373,16,0
인천광역시,강화군,선원면,선원면제1투,1677,1029,269,711,38,2,2,1022,7,648
인천광역시,강화군,선원면,선원면제2투,3273,2092,721,1221,116,22,0,2080,12,1181
인천광역시,강화군,불은면,관내사전투표,1322,1322,657,595,57,8,1,1318,4,0
인천광역시,강화군,불은면,불은면제1투,1792,1023,256,730,28,4,1,1019,4,769
인천광역시,강화군,불은면,불은면제2투,950,585,151,406,21,1,0,579,6,365
인천광역시,강화군,길상면,관내사전투표,2218,2218,1192,911,82,16,3,2204,14,0
인천광역시,강화군,길상면,길상면제1투,1570,924,224,646,39,7,0,916,8,646
인천광역시,강화군,길상면,길상면제2투,1008,653,143,488,20,0,0,651,2,355
인천광역시,강화군,길상면,길상면제3투,942,592,137,419,30,1,1,588,4,350
인천광역시,강화군,길상면,길상면제4투,520,352,70,264,16,2,0,352,0,168
인천광역시,강화군,화도면,관내사전투표,908,908,476,383,39,7,0,905,3,0
인천광역시,강화군,화도면,화도면제1투,967,592,113,453,17,2,0,585,7,375
인천광역시,강화군,화도면,화도면제2투,677,429,98,317,8,4,1,428,1,248
인천광역시,강화군,화도면,화도면제3투,555,355,87,260,7,0,0,354,1,200
인천광역시,강화군,화도면,화도면제4투,412,252,52,192,8,0,0,252,0,160
인천광역시,강화군,양도면,관내사전투표,988,987,446,478,46,8,0,978,9,1
인천광역시,강화군,양도면,양도면제1투,1212,677,178,466,30,2,1,677,0,535
인천광역시,강화군,양도면,양도면제2투,1126,726,151,543,20,11,0,725,1,400
인천광역시,강화군,내가면,관내사전투표,812,812,385,377,44,5,0,811,1,0
인천광역시,강화군,내가면,내가면제1투,843,550,141,389,14,2,0,546,4,293
인천광역시,강화군,내가면,내가면제2투,421,288,72,198,15,0,0,285,3,133
인천광역시,강화군,내가면,내가면제3투,436,312,79,224,7,1,1,312,0,124
인천광역시,강화군,하점면,관내사전투표,1036,1036,505,466,53,8,0,1032,4,0
인천광역시,강화군,하점면,하점면제1투,1066,621,134,461,18,3,2,618,3,445
인천광역시,강화군,하점면,하점면제2투,590,389,79,291,13,2,1,386,3,201
인천광역시,강화군,하점면,하점면제3투,612,326,79,232,11,2,0,324,2,286
인천광역시,강화군,양사면,관내사전투표,380,380,184,173,19,3,0,379,1,0
인천광역시,강화군,양사면,양사면제1투,347,235,47,179,7,1,0,234,1,112
인천광역시,강화군,양사면,양사면제2투,501,332,85,229,11,1,0,326,6,169
인천광역시,강화군,양사면,양사면제3투,236,171,37,125,4,2,0,168,3,65
인천광역시,강화군,송해면,관내사전투표,1197,1197,533,585,64,8,0,1190,7,0
인천광역시,강화군,송해면,송해면투표소,1611,936,213,666,46,7,1,933,3,675
인천광역시,강화군,교동면,관내사전투표,801,801,351,392,41,8,0,792,9,0
인천광역시,강화군,교동면,교동면제1투,643,371,91,263,13,0,0,367,4,272
인천광역시,강화군,교동면,교동면제2투,456,303,73,218,8,2,0,301,2,153
인천광역시,강화군,교동면,교동면제3투,395,250,73,152,5,1,2,233,17,145
인천광역시,강화군,삼산면,관내사전투표,528,528,248,259,16,3,1,527,1,0
인천광역시,강화군,삼산면,삼산면제1투,366,210,41,160,7,1,0,209,1,156
인천광역시,강화군,삼산면,삼산면제2투,198,109,35,68,4,0,0,107,2,89
인천광역시,강화군,삼산면,삼산면제3투,594,360,74,273,11,2,0,360,0,234
인천광역시,강화군,삼산면,삼산면제4투,50,42,8,28,4,0,0,40,2,8
인천광역시,강화군,서도면,관내사전투표,107,107,48,51,7,1,0,107,0,0
인천광역시,강화군,서도면,서도면제1투,200,132,22,105,3,0,0,130,2,68
인천광역시,강화군,서도면,서도면제2투,207,160,35,116,5,1,1,158,2,47
경기도,구리시,거소·선상투표,,215,206,91,60,48,1,0,200,6,9
경기도,구리시,관외사전투표,,16466,16466,10129,3949,2072,155,12,16317,149,0
경기도,구리시,재외투표,,1003,833,562,196,64,4,1,827,6,170
경기도,구리시,갈매동,관내사전투표,6240,6240,4444,1294,407,59,7,6211,29,0
경기도,구리시,갈매동,갈매동제1투,3590,2311,984,1056,237,23,1,2301,10,1279
경기도,구리시,갈매동,갈매동제2투,3099,2244,997,1013,187,31,1,2229,15,855
경기도,구리시,갈매동,갈매동제3투,2513,1909,885,851,141,24,2,1903,6,604
경기도,구리시,갈매동,갈매동제4투,1573,1092,420,609,43,7,0,1079,13,481
경기도,구리시,갈매동,갈매동제5투,4224,3016,1294,1426,245,30,2,2997,19,1208
경기도,구리시,동구동,관내사전투표,5700,5700,3961,1241,430,40,4,5676,24,0
경기도,구리시,동구동,동구동제1투,1328,849,329,443,64,8,0,844,5,479
경기도,구리시,동구동,동구동제2투,750,477,121,324,26,0,1,472,5,273
경기도,구리시,동구동,동구동제3투,2452,1859,792,877,162,15,1,1847,12,593
경기도,구리시,동구동,동구동제4투,2161,1678,768,730,146,24,1,1669,9,483
경기도,구리시,동구동,동구동제5투,2129,1588,656,779,130,11,0,1576,12,541
경기도,구리시,동구동,동구동제6투,3836,2869,1182,1362,265,33,2,2844,25,967
경기도,구리시,동구동,동구동제7투,1931,1594,680,771,121,13,0,1585,9,337
경기도,구리시,동구동,동구동제8투,2092,1620,719,731,144,15,3,1612,8,472
경기도,구리시,동구동,동구동제9투,2555,1993,836,944,189,14,3,1986,7,562
경기도,구리시,동구동,동구동제10투,2116,1688,762,768,124,19,4,1677,11,428
경기도,구리시,인창동,관내사전투표,4366,4366,2938,1068,302,34,2,4344,22,0
경기도,구리시,인창동,인창동제1투,1934,1239,466,647,99,12,1,1225,14,695
경기도,구리시,인창동,인창동제2투,2508,1800,822,813,145,10,0,1790,10,708
경기도,구리시,인창동,인창동제3투,2681,1759,662,881,182,19,1,1745,14,922
경기도,구리시,인창동,인창동제4투,2429,1822,799,830,162,22,3,1816,6,607
경기도,구리시,인창동,인창동제5투,1957,1593,790,640,144,10,1,1585,8,364
경기도,구리시,인창동,인창동제6투,2194,1729,716,853,134,16,2,1721,8,465
경기도,구리시,교문1동,관내사전투표,2698,2698,1732,735,194,23,1,2685,13,0
경기도,구리시,교문1동,교문1동제1투,3868,2317,926,1173,166,27,3,2295,22,1551
경기도,구리시,교문1동,교문1동제2투,1745,1043,397,578,55,5,0,1035,8,702
경기도,구리시,교문1동,교문1동제3투,1525,996,406,531,50,5,0,992,4,529
경기도,구리시,교문1동,교문1동제4투,1290,850,271,499,68,5,1,844,6,440
경기도,구리시,교문1동,교문1동제5투,1188,880,305,507,53,11,0,876,4,308
경기도,구리시,교문2동,관내사전투표,2854,2854,1917,686,215,20,0,2838,16,0
경기도,구리시,교문2동,교문2동제1투,2026,1507,536,820,121,19,1,1497,10,519
경기도,구리시,교문2동,교문2동제2투,1593,1032,405,523,83,7,0,1018,14,561
경기도,구리시,교문2동,교문2동제3투,1799,1399,537,742,96,15,0,1390,9,400
경기도,구리시,교문2동,교문2동제4투,1973,1611,607,846,137,15,1,1606,5,362
경기도,구리시,교문2동,교문2동제5투,2187,1694,595,937,141,9,1,1683,11,493
경기도,구리시,교문2동,교문2동제6투,2227,1768,689,880,161,21,3,1754,14,459
경기도,구리시,수택1동,관내사전투표,4588,4588,2926,1212,374,36,1,4549,39,0
경기도,구리시,수택1동,수택1동제1투,2768,1935,784,957,157,24,1,1923,12,833
경기도,구리시,수택1동,수택1동제2투,2168,1190,415,637,118,8,2,1180,10,978
경기도,구리시,수택1동,수택1동제3투,5168,3512,1427,1729,302,27,3,3488,24,1656
경기도,구리시,수택2동,관내사전투표,3980,3980,2691,1009,234,23,2,3959,21,0
경기도,구리시,수택2동,수택2동제1투,1938,1152,432,611,88,7,0,1138,14,786
경기도,구리시,수택2동,수택2동제2투,3115,2207,866,1133,182,17,0,2198,9,908
경기도,구리시,수택2동,수택2동제3투,2519,1519,581,770,139,10,2,1502,17,1000
경기도,구리시,수택2동,수택2동제4투,1539,969,399,488,66,8,1,962,7,570
경기도,구리시,수택2동,수택2동제5투,2254,1485,667,665,120,16,5,1473,12,769
경기도,구리시,수택2동,수택2동제6투,1999,1373,597,674,82,13,3,1369,4,626
경기도,구리시,수택2동,수택2동제7투,1684,1175,536,541,80,8,2,1167,8,509
경기도,구리시,수택3동,관내사전투표,5791,5791,3826,1368,507,56,2,5759,32,0
경기도,구리시,수택3동,수택3동제1투,2261,1551,576,812,133,13,1,1535,16,710
경기도,구리시,수택3동,수택3동제2투,2650,2041,822,1029,157,19,2,2029,12,609
경기도,구리시,수택3동,수택3동제3투,3096,2361,872,1265,177,27,2,2343,18,735
경기도,구리시,수택3동,수택3동제4투,2239,1263,493,662,87,12,1,1255,8,976
경기도,구리시,수택3동,수택3동제5투,2004,1476,647,690,108,11,0,1456,20,528
경기도,남양주시,거소·선상투표,,979,925,414,292,189,5,2,902,23,54
경기도,남양주시,관외사전투표,,61029,61025,38239,14381,7300,534,60,60514,511,4
경기도,남양주시,재외투표,,3505,2916,2037,547,277,31,5,2897,19,589
경기도,남양주시,와부읍,관내사전투표,10364,10364,7147,2399,702,76,5,10329,35,0
경기도,남양주시,와부읍,와부읍제1투,2394,1700,687,878,108,15,0,1688,12,694
경기도,남양주시,와부읍,와부읍제2투,1781,979,322,594,49,9,0,974,5,802
경기도,남양주시,와부읍,와부읍제3투,2267,1685,631,878,138,22,2,1671,14,582
경기도,남양주시,와부읍,와부읍제4투,3056,2286,960,1123,155,29,2,2269,17,770
경기도,남양주시,와부읍,와부읍제5투,720,523,154,344,21,1,0,520,3,197
경기도,남양주시,와부읍,와부읍제6투,574,424,125,284,13,0,0,422,2,150
경기도,남양주시,와부읍,와부읍제7투,2941,2258,925,1115,181,18,0,2239,19,683
경기도,남양주시,와부읍,와부읍제8투,2441,1882,722,982,148,14,0,1866,16,559
경기도,남양주시,와부읍,와부읍제9투,959,665,208,417,36,3,0,664,1,294
경기도,남양주시,와부읍,와부읍제10투,2720,2037,941,908,157,18,2,2026,11,683
경기도,남양주시,와부읍,와부읍제11투,3047,2474,1155,1130,159,21,1,2466,8,573
경기도,남양주시,와부읍,와부읍제12투,518,325,97,211,16,0,1,325,0,193
경기도,남양주시,와부읍,와부읍제13투,2232,1845,649,1047,123,13,2,1834,11,387
경기도,남양주시,와부읍,와부읍제14투,2613,1986,832,995,122,25,1,1975,11,627
경기도,남양주시,와부읍,와부읍제15투,2004,1579,676,749,123,25,1,1574,5,425
경기도,남양주시,와부읍,와부읍제16투,2417,1756,720,873,129,17,0,1739,17,661
경기도,남양주시,와부읍,와부읍제17투,1718,1366,620,609,111,11,1,1352,14,352
경기도,남양주시,진접읍,관내사전투표,13493,13493,9647,2885,786,86,10,13414,79,0
경기도,남양주시,진접읍,진접읍제1투,1625,718,308,364,45,0,0,717,1,907
경기도,남양주시,진접읍,진접읍제2투,3874,2527,1154,1163,169,23,1,2510,17,1347
경기도,남양주시,진접읍,진접읍제3투,4498,3057,1463,1309,239,30,1,3042,15,1441
경기도,남양주시,진접읍,진접읍제4투,2916,1722,750,865,88,6,2,1711,11,1194
경기도,남양주시,진접읍,진접읍제5투,2503,1641,758,770,97,10,3,1638,3,862
경기도,남양주시,진접읍,진접읍제6투,3758,2312,1005,1113,150,22,4,2294,18,1446
경기도,남양주시,진접읍,진접읍제7투,4009,2665,1194,1258,166,23,3,2644,21,1344
경기도,남양주시,진접읍,진접읍제8투,3232,2127,967,999,121,16,2,2105,22,1105
경기도,남양주시,진접읍,진접읍제9투,2228,1399,562,758,60,11,1,1392,7,829
경기도,남양주시,진접읍,진접읍제10투,3336,2363,1188,987,147,27,1,2350,13,973
경기도,남양주시,진접읍,진접읍제11투,2673,1748,837,768,122,10,3,1740,8,925
경기도,남양주시,진접읍,진접읍제12투,3358,2483,1343,903,210,18,1,2475,8,875
경기도,남양주시,진접읍,진접읍제13투,3989,2914,1598,1031,244,31,2,2906,8,1075
경기도,남양주시,진접읍,진접읍제14투,3562,2551,1318,952,235,29,4,2538,13,1011
경기도,남양주시,진접읍,진접읍제15투,3759,2453,1216,1059,145,10,4,2434,19,1306
경기도,남양주시,진접읍,진접읍제16투,2266,1478,658,684,108,15,1,1466,12,788
경기도,남양주시,진접읍,진접읍제17투,2582,1784,801,862,98,11,2,1774,10,798
경기도,남양주시,진접읍,진접읍제18투,3535,2556,1266,1039,218,22,0,2545,11,979
경기도,남양주시,화도읍,관내사전투표,15169,15169,10907,3325,776,91,8,15107,62,0
경기도,남양주시,화도읍,화도읍제1투,2900,1710,721,855,109,15,0,1700,10,1190
경기도,남양주시,화도읍,화도읍제2투,3587,2125,1105,853,140,15,4,2117,8,1462
경기도,남양주시,화도읍,화도읍제3투,4125,2613,1197,1251,128,22,1,2599,14,1512
경기도,남양주시,화도읍,화도읍제4투,3026,1862,798,934,103,18,0,1853,9,1164
경기도,남양주시,화도읍,화도읍제5투,2612,1672,710,831,112,10,0,1663,9,940
경기도,남양주시,화도읍,화도읍제6투,2667,1718,751,836,103,15,3,1708,10,949
경기도,남양주시,화도읍,화도읍제7투,1867,1175,610,480,62,13,1,1166,9,692
경기도,남양주시,화도읍,화도읍제8투,2876,2080,1060,851,126,19,4,2060,20,796
경기도,남양주시,화도읍,화도읍제9투,2234,1464,668,703,82,8,0,1461,3,770
경기도,남양주시,화도읍,화도읍제10투,2794,1984,956,870,131,18,3,1978,6,810
경기도,남양주시,화도읍,화도읍제11투,2311,1583,758,672,117,19,0,1566,17,728
경기도,남양주시,화도읍,화도읍제12투,2287,1427,510,839,60,11,0,1420,7,860
경기도,남양주시,화도읍,화도읍제13투,908,590,205,362,15,5,0,587,3,318
경기도,남양주시,화도읍,화도읍제14투,2922,2007,1023,819,130,24,0,1996,11,915
경기도,남양주시,화도읍,화도읍제15투,2170,1465,673,684,80,15,4,1456,9,705
경기도,남양주시,화도읍,화도읍제16투,3368,2047,912,968,139,11,0,2030,17,1321
경기도,남양주시,화도읍,화도읍제17투,2608,1748,829,817,79,10,3,1738,10,860
경기도,남양주시,화도읍,화도읍제18투,3843,2117,1030,904,145,20,3,2102,15,1726
경기도,남양주시,화도읍,화도읍제19투,2434,1721,929,655,111,12,1,1708,13,713
경기도,남양주시,화도읍,화도읍제20투,1858,1083,485,513,69,5,1,1073,10,775
경기도,남양주시,화도읍,화도읍제21투,3450,2072,1094,843,109,13,5,2064,8,1378
경기도,남양주시,화도읍,화도읍제22투,2359,1214,611,464,121,8,0,1204,10,1145
경기도,남양주시,화도읍,화도읍제23투,4183,2941,1516,1198,177,25,5,2921,20,1242
경기도,남양주시,화도읍,화도읍제24투,2663,1798,968,706,99,12,3,1788,10,865
경기도,남양주시,화도읍,화도읍제25투,2632,2046,1060,818,139,11,2,2030,16,586
경기도,남양주시,진건읍,관내사전투표,4625,4625,3120,1199,257,25,2,4603,22,0
경기도,남양주시,진건읍,진건읍제1투,2106,1206,404,719,65,9,0,1197,9,900
경기도,남양주시,진건읍,진건읍제2투,561,398,94,282,17,2,1,396,2,163
경기도,남양주시,진건읍,진건읍제3투,763,482,121,343,10,5,0,479,3,281
경기도,남양주시,진건읍,진건읍제4투,2175,1471,608,740,104,9,1,1462,9,704
경기도,남양주시,진건읍,진건읍제5투,2459,1642,696,811,105,23,0,1635,7,817
경기도,남양주시,진건읍,진건읍제6투,2999,2113,914,1036,134,15,2,2101,12,886
경기도,남양주시,진건읍,진건읍제7투,1504,976,379,539,46,9,1,974,2,528
경기도,남양주시,오남읍,관내사전투표,10255,10255,7403,2137,596,63,7,10206,49,0
경기도,남양주시,오남읍,오남읍제1투,3656,1887,810,921,127,14,3,1875,12,1769
경기도,남양주시,오남읍,오남읍제2투,2238,1392,631,622,118,11,1,1383,9,846
경기도,남양주시,오남읍,오남읍제3투,2416,1427,572,745,92,8,0,1417,10,989
경기도,남양주시,오남읍,오남읍제4투,2699,1738,792,807,107,14,5,1725,13,961
경기도,남양주시,오남읍,오남읍제5투,4063,2613,1304,1092,184,16,3,2599,14,1450
경기도,남양주시,오남읍,오남읍제6투,2930,1945,1005,792,112,15,4,1928,17,985
경기도,남양주시,오남읍,오남읍제7투,2495,1730,959,650,99,12,1,1721,9,765
경기도,남양주시,오남읍,오남읍제8투,3751,2610,1405,1009,163,17,4,2598,12,1141
경기도,남양주시,오남읍,오남읍제9투,3741,2514,1277,1004,200,22,2,2505,9,1227
경기도,남양주시,오남읍,오남읍제10투,2283,1382,582,668,111,12,0,1373,9,901
경기도,남양주시,퇴계원읍,관내사전투표,5857,5857,3900,1557,315,55,4,5831,26,0
경기도,남양주시,퇴계원읍,퇴계원읍제1투,2876,2083,830,1056,149,26,3,2064,19,793
경기도,남양주시,퇴계원읍,퇴계원읍제2투,3249,2115,954,984,138,21,4,2101,14,1134
경기도,남양주시,퇴계원읍,퇴계원읍제3투,3224,2092,849,1043,150,23,7,2072,20,1132
경기도,남양주시,퇴계원읍,퇴계원읍제4투,1515,996,374,530,79,8,0,991,5,519
경기도,남양주시,퇴계원읍,퇴계원읍제5투,2760,2092,940,982,140,15,2,2079,13,668
경기도,남양주시,퇴계원읍,퇴계원읍제6투,2139,1573,592,855,98,16,0,1561,12,566
경기도,남양주시,별내면,관내사전투표,4096,4096,2862,954,236,32,1,4085,11,0
경기도,남양주시,별내면,별내면제1투,778,459,132,305,19,2,0,458,1,319
경기도,남양주시,별내면,별내면제2투,2374,1668,792,737,109,15,4,1657,11,706
경기도,남양주시,별내면,별내면제3투,2464,1565,691,757,89,13,2,1552,13,899
경기도,남양주시,별내면,별내면제4투,2371,1727,811,759,126,19,2,1717,10,644
경기도,남양주시,별내면,별내면제5투,2556,1720,740,849,105,18,0,1712,8,836
경기도,남양주시,수동면,관내사전투표,3665,3665,2303,1095,180,28,13,3619,46,0
경기도,남양주시,수동면,수동면제1투,1846,1018,323,631,54,7,1,1016,2,828
경기도,남양주시,수동면,수동면제2투,1948,1153,316,764,55,9,2,1146,7,795
경기도,남양주시,수동면,수동면제3투,960,635,216,384,27,2,1,630,5,325
경기도,남양주시,조안면,관내사전투표,897,897,524,311,44,9,1,889,8,0
경기도,남양주시,조안면,조안면제1투,1016,657,160,461,30,5,0,656,1,359
경기도,남양주시,조안면,조안면제2투,1176,772,228,493,37,12,0,770,2,404
경기도,남양주시,호평동,관내사전투표,11408,11408,8197,2352,723,82,3,11357,51,0
경기도,남양주시,호평동,호평동제1투,3731,2227,864,1145,180,20,3,2212,15,1504
경기도,남양주시,호평동,호평동제2투,3859,2661,1247,1207,166,23,4,2647,14,1198
경기도,남양주시,호평동,호평동제3투,4024,2692,1154,1330,175,15,2,2676,16,1332
경기도,남양주시,호평동,호평동제4투,2426,1661,767,770,103,16,1,1657,4,765
경기도,남양주시,호평동,호평동제5투,2826,2021,918,956,123,12,1,2010,11,805
경기도,남양주시,호평동,호평동제6투,1987,1401,652,634,93,18,2,1399,2,586
경기도,남양주시,호평동,호평동제7투,3433,2488,1143,1131,183,14,2,2473,15,945
경기도,남양주시,호평동,호평동제8투,3315,2280,1142,943,168,11,2,2266,14,1035
경기도,남양주시,호평동,호평동제9투,4231,3080,1548,1289,209,18,1,3065,15,1151
경기도,남양주시,평내동,관내사전투표,7504,7504,5349,1553,522,46,4,7474,30,0
경기도,남양주시,평내동,평내동제1투,2000,1467,665,705,77,12,2,1461,6,533
경기도,남양주시,평내동,평내동제2투,3468,2081,839,1035,171,18,4,2067,14,1387
경기도,남양주시,평내동,평내동제3투,3299,2385,1139,1014,194,22,6,2375,10,914
경기도,남양주시,평내동,평내동제4투,2754,1990,976,821,153,21,3,1974,16,764
경기도,남양주시,평내동,평내동제5투,3619,2417,1145,1064,168,15,5,2397,20,1202
경기도,남양주시,평내동,평내동제6투,3027,2231,1078,924,186,26,1,2215,16,796
경기도,남양주시,평내동,평내동제7투,2529,1913,971,791,121,17,2,1902,11,616
경기도,남양주시,금곡동,관내사전투표,4390,4390,2847,1165,313,38,1,4364,26,0
경기도,남양주시,금곡동,금곡동제1투,1855,1087,380,620,74,7,0,1081,6,768
경기도,남양주시,금곡동,금곡동제2투,2453,1612,615,871,103,13,0,1602,10,841
경기도,남양주시,금곡동,금곡동제3투,1992,1295,521,675,87,4,2,1289,6,697
경기도,남양주시,금곡동,금곡동제4투,1707,1024,359,602,52,5,1,1019,5,683
경기도,남양주시,금곡동,금곡동제5투,3628,2583,974,1430,146,24,2,2576,7,1045
경기도,남양주시,양정동,관내사전투표,1299,1299,822,361,90,11,1,1285,14,0
경기도,남양주시,양정동,양정동투표소,1294,799,216,528,47,1,2,794,5,495
경기도,남양주시,다산1동,관내사전투표,13999,13999,9870,2883,1077,103,7,13940,59,0
경기도,남양주시,다산1동,다산1동제1투,2542,1543,618,795,98,12,2,1525,18,999
경기도,남양주시,다산1동,다산1동제2투,3222,2330,938,1167,186,22,2,2315,15,892
경기도,남양주시,다산1동,다산1동제3투,2843,2016,824,985,177,18,2,2006,10,827
경기도,남양주시,다산1동,다산1동제4투,2275,1818,634,1009,147,14,4,1808,10,457
경기도,남양주시,다산1동,다산1동제5투,2834,2283,897,1203,147,20,3,2270,13,551
경기도,남양주시,다산1동,다산1동제6투,2240,1800,655,978,122,30,4,1789,11,440
경기도,남양주시,다산1동,다산1동제7투,2779,2216,773,1271,154,11,0,2209,7,563
경기도,남양주시,다산1동,다산1동제8투,2015,1461,549,771,122,10,3,1455,6,554
경기도,남양주시,다산1동,다산1동제9투,4463,3368,1724,1343,248,37,1,3353,15,1095
경기도,남양주시,다산1동,다산1동제10투,2001,1256,577,543,117,11,2,1250,6,745
경기도,남양주시,다산1동,다산1동제11투,2982,2319,1084,1009,188,22,0,2303,16,663
경기도,남양주시,다산1동,다산1동제12투,2979,2468,1425,812,194,21,0,2452,16,511
경기도,남양주시,다산1동,다산1동제13투,3336,2367,1085,1050,193,21,1,2350,17,969
경기도,남양주시,다산1동,다산1동제14투,2004,1601,963,506,114,15,1,1599,2,403
경기도,남양주시,다산1동,다산1동제15투,3303,2122,969,866,251,21,1,2108,14,1181
경기도,남양주시,다산1동,다산1동제16투,4987,3773,1807,1519,376,45,1,3748,25,1214
경기도,남양주시,다산1동,다산1동제17투,2760,2068,1046,811,181,19,1,2058,10,692
경기도,남양주시,다산1동,다산1동제18투,3076,2303,1124,877,250,28,0,2279,24,773
경기도,남양주시,다산1동,다산1동제19투,2346,1533,651,752,109,9,0,1521,12,813
경기도,남양주시,다산1동,다산1동제20투,2825,2206,1197,769,200,28,2,2196,10,619
경기도,남양주시,다산2동,관내사전투표,7701,7701,5309,1701,579,60,4,7653,48,0
경기도,남양주시,다산2동,다산2동제1투,3113,2322,956,1148,177,26,1,2308,14,791
경기도,남양주시,다산2동,다산2동제2투,3104,2132,904,1079,115,18,3,2119,13,972
경기도,남양주시,다산2동,다산2동제3투,2830,2199,982,1024,159,19,3,2187,12,631
경기도,남양주시,다산2동,다산2동제4투,3165,2321,1024,1045,198,26,3,2296,25,844
경기도,남양주시,다산2동,다산2동제5투,3399,2366,1029,1096,206,25,0,2356,10,1033
경기도,남양주시,다산2동,다산2동제6투,3766,2683,1326,1088,219,29,0,2662,21,1083
경기도,남양주시,별내동,관내사전투표,14129,14127,9777,3073,1081,107,9,14047,80,2
경기도,남양주시,별내동,별내동제1투,3826,2903,1394,1125,308,55,1,2883,20,923
경기도,남양주시,별내동,별내동제2투,2855,2110,875,1031,161,27,2,2096,14,745
경기도,남양주시,별내동,별내동제3투,2196,1677,783,762,108,12,3,1668,9,519
경기도,남양주시,별내동,별내동제4투,4719,3501,1680,1494,288,20,1,3483,18,1218
경기도,남양주시,별내동,별내동제5투,3489,2437,1088,1164,153,15,1,2421,16,1052
경기도,남양주시,별내동,별내동제6투,4318,3017,1222,1502,244,24,4,2996,21,1301
경기도,남양주시,별내동,별내동제7투,3657,2550,1085,1212,213,23,4,2537,13,1107
경기도,남양주시,별내동,별내동제8투,3542,2456,1031,1168,192,36,3,2430,26,1086
경기도,남양주시,별내동,별내동제9투,2601,1778,774,851,122,19,0,1766,12,823
경기도,남양주시,별내동,별내동제10투,2226,1604,626,821,134,14,2,1597,7,622
경기도,남양주시,별내동,별내동제11투,3254,2378,1047,1142,153,18,6,2366,12,876
경기도,남양주시,별내동,별내동제12투,2913,1673,646,828,155,21,3,1653,20,1240
경기도,남양주시,별내동,별내동제13투,4678,3085,1457,1239,322,40,2,3060,25,1593
경기도,남양주시,별내동,별내동제14투,1787,1240,592,515,109,10,0,1226,14,547
경기도,오산시,거소·선상투표,,315,301,122,85,65,3,5,280,21,14
경기도,오산시,관외사전투표,,19192,19186,11764,4309,2722,185,29,19009,177,6
경기도,오산시,재외투표,,753,625,437,111,68,4,1,621,4,128
경기도,오산시,중앙동,관내사전투표,7228,7228,4616,1959,557,47,6,7185,43,0
경기도,오산시,중앙동,중앙동제1투,1190,642,230,364,38,4,0,636,6,548
경기도,오산시,중앙동,중앙동제2투,1806,997,343,538,93,10,4,988,9,809
경기도,오산시,중앙동,중앙동제3투,2940,1997,935,826,195,27,2,1985,12,943
경기도,오산시,중앙동,중앙동제4투,2997,2169,1059,872,200,28,2,2161,8,828
경기도,오산시,중앙동,중앙동제5투,2766,1966,717,1051,167,18,3,1956,10,800
경기도,오산시,중앙동,중앙동제6투,2290,1670,826,648,161,28,0,1663,7,620
경기도,오산시,중앙동,중앙동제7투,3038,2379,1302,811,229,24,1,2367,12,659
경기도,오산시,중앙동,중앙동제8투,2169,1631,867,620,130,7,3,1627,4,538
경기도,오산시,대원1동,관내사전투표,7204,7204,4818,1706,568,51,4,7147,57,0
경기도,오산시,대원1동,대원1동제1투,3560,1526,570,733,193,14,3,1513,13,2034
경기도,오산시,대원1동,대원1동제2투,1722,1242,592,523,106,9,3,1233,9,480
경기도,오산시,대원1동,대원1동제3투,2626,1672,760,724,166,14,0,1664,8,954
경기도,오산시,대원1동,대원1동제4투,3769,2073,897,889,246,19,3,2054,19,1696
경기도,오산시,대원1동,대원1동제5투,1530,1149,542,468,118,15,0,1143,6,381
경기도,오산시,대원1동,대원1동제6투,1979,1510,646,691,147,13,0,1497,13,469
경기도,오산시,대원1동,대원1동제7투,3374,2372,1137,973,207,33,5,2355,17,1002
경기도,오산시,대원1동,대원1동제8투,2549,1765,909,645,171,19,2,1746,19,784
경기도,오산시,대원1동,대원1동제9투,4749,3082,1503,1277,252,27,6,3065,17,1667
경기도,오산시,대원1동,대원1동제10투,1583,1117,645,374,86,4,3,1112,5,466
경기도,오산시,대원2동,관내사전투표,3649,3649,2550,699,347,27,4,3627,22,0
경기도,오산시,대원2동,대원2동제1투,2446,1789,854,762,140,19,5,1780,9,657
경기도,오산시,대원2동,대원2동제2투,3583,2820,1517,929,326,29,2,2803,17,763
경기도,오산시,대원2동,대원2동제3투,2286,1427,696,570,133,15,2,1416,11,859
경기도,오산시,대원2동,대원2동제4투,3817,2527,1160,1072,255,22,4,2513,14,1290
경기도,오산시,대원2동,대원2동제5투,1873,1248,591,511,127,11,2,1242,6,625
경기도,오산시,남촌동,관내사전투표,3218,3218,2218,660,273,31,4,3186,32,0
경기도,오산시,남촌동,남촌동제1투,1942,1178,475,581,98,13,1,1168,10,764
경기도,오산시,남촌동,남촌동제2투,2517,1194,416,615,139,13,1,1184,10,1323
경기도,오산시,남촌동,남촌동제3투,2695,977,498,352,109,9,1,969,8,1718
경기도,오산시,남촌동,남촌동제4투,2310,1695,845,689,126,21,0,1681,14,615
경기도,오산시,남촌동,남촌동제5투,2606,856,410,369,53,10,1,843,13,1750
경기도,오산시,남촌동,남촌동제6투,2203,694,348,260,73,6,0,687,7,1509
경기도,오산시,남촌동,남촌동제7투,4558,3476,1906,1123,389,29,3,3450,26,1082
경기도,오산시,신장1동,관내사전투표,5824,5824,4142,1199,409,43,0,5793,31,0
경기도,오산시,신장1동,신장1동제1투,3083,2085,870,1020,160,19,3,2072,13,998
경기도,오산시,신장1동,신장1동제2투,2751,1808,858,709,201,21,2,1791,17,943
경기도,오산시,신장1동,신장1동제3투,2274,1402,709,589,87,5,1,1391,11,872
경기도,오산시,신장1동,신장1동제4투,2725,1750,855,751,115,14,6,1741,9,975
경기도,오산시,신장1동,신장1동제5투,3783,2740,1413,1070,213,26,2,2724,16,1043
경기도,오산시,신장1동,신장1동제6투,2863,1817,931,676,173,20,3,1803,14,1046
경기도,오산시,신장1동,신장1동제7투,2611,1707,785,728,159,20,2,1694,13,904
경기도,오산시,신장2동,관내사전투표,3585,3585,2498,695,329,35,1,3558,27,0
경기도,오산시,신장2동,신장2동제1투,1799,1190,475,615,76,11,2,1179,11,609
경기도,오산시,신장2동,신장2동제2투,3152,2143,967,962,179,22,2,2132,11,1009
경기도,오산시,신장2동,신장2동제3투,2812,1811,872,794,118,11,1,1796,15,1001
경기도,오산시,신장2동,신장2동제4투,2632,1925,940,800,159,14,1,1914,11,707
경기도,오산시,신장2동,신장2동제5투,2636,1978,1106,657,189,20,1,1973,5,658
경기도,오산시,세마동,관내사전투표,4815,4815,3237,1116,394,38,1,4786,29,0
경기도,오산시,세마동,세마동제1투,3289,1814,621,956,202,16,1,1796,18,1475
경기도,오산시,세마동,세마동제2투,2851,1874,774,889,173,21,0,1857,17,977
경기도,오산시,세마동,세마동제3투,2920,2337,1158,914,226,23,1,2322,15,583
경기도,오산시,세마동,세마동제4투,2642,2020,1003,788,189,26,1,2007,13,622
경기도,오산시,세마동,세마동제5투,3082,2239,1209,779,206,28,5,2227,12,843
경기도,오산시,세마동,세마동제6투,3836,3068,1512,1179,330,23,2,3046,22,768
경기도,오산시,초평동,관내사전투표,4340,4339,2982,963,335,29,3,4312,27,1
경기도,오산시,초평동,초평동제1투,4821,3080,1371,1374,273,31,5,3054,26,1741
경기도,오산시,초평동,초평동제2투,2109,1346,609,561,150,11,1,1332,14,763
경기도,오산시,초평동,초평동제3투,4335,3056,1481,1178,339,37,2,3037,19,1279
경기도,오산시,초평동,초평동제4투,2846,1801,860,741,162,22,4,1789,12,1045
경기도,시흥시,거소·선상투표,,612,584,266,159,141,1,1,568,16,28
경기도,시흥시,관외사전투표,,36337,36330,22591,8250,4765,321,39,35966,364,7
경기도,시흥시,재외투표,,1644,1340,955,232,124,17,2,1330,10,304
경기도,시흥시,대야동,관내사전투표,9571,9571,6467,2332,613,102,9,9523,48,0
경기도,시흥시,대야동,대야동제1투,3195,1803,729,946,105,2,1,1783,20,1392
경기도,시흥시,대야동,대야동제2투,1793,1143,468,589,71,12,0,1140,3,650
경기도,시흥시,대야동,대야동제3투,2399,1571,694,755,89,17,3,1558,13,828
경기도,시흥시,대야동,대야동제4투,3277,2524,1162,1092,220,20,4,2498,26,753
경기도,시흥시,대야동,대야동제5투,298,222,49,160,9,1,0,219,3,76
경기도,시흥시,대야동,대야동제6투,1796,1312,601,546,132,15,0,1294,18,484
경기도,시흥시,대야동,대야동제7투,2590,1973,887,898,145,22,3,1955,18,617
경기도,시흥시,대야동,대야동제8투,2937,2105,918,962,190,24,1,2095,10,832
경기도,시흥시,대야동,대야동제9투,2899,2279,1257,740,236,26,4,2263,16,620
경기도,시흥시,대야동,대야동제10투,3197,2547,1120,1147,244,12,3,2526,21,650
경기도,시흥시,신천동,관내사전투표,5224,5224,3589,1313,269,28,3,5202,22,0
경기도,시흥시,신천동,신천동제1투,1695,988,398,480,95,9,0,982,6,707
경기도,시흥시,신천동,신천동제2투,3722,2300,975,1138,150,13,3,2279,21,1422
경기도,시흥시,신천동,신천동제3투,1850,1146,496,567,68,10,0,1141,5,704
경기도,시흥시,신천동,신천동제4투,2674,1693,805,730,123,20,4,1682,11,981
경기도,시흥시,신천동,신천동제5투,2285,1418,626,662,114,7,2,1411,7,867
경기도,시흥시,신천동,신천동제6투,2172,1376,583,657,104,15,3,1362,14,796
경기도,시흥시,신천동,신천동제7투,3452,2520,1190,1092,189,22,7,2500,20,932
경기도,시흥시,신천동,신천동제8투,3187,2143,1009,946,145,28,2,2130,13,1044
경기도,시흥시,신현동,관내사전투표,2723,2723,1770,768,136,28,2,2704,19,0
경기도,시흥시,신현동,신현동제1투,3011,2039,745,1101,163,14,3,2026,13,972
경기도,시흥시,신현동,신현동제2투,2052,1413,571,741,80,11,2,1405,8,639
경기도,시흥시,신현동,신현동제3투,239,172,35,130,6,0,0,171,1,67
경기도,시흥시,은행동,관내사전투표,10007,10007,7210,1990,686,65,8,9959,48,0
경기도,시흥시,은행동,은행동제1투,2209,1322,548,638,119,8,0,1313,9,887
경기도,시흥시,은행동,은행동제2투,2850,1820,837,817,134,15,4,1807,13,1030
경기도,시흥시,은행동,은행동제3투,2737,2075,991,861,181,26,3,2062,13,662
경기도,시흥시,은행동,은행동제4투,3493,2653,1344,1043,225,24,1,2637,16,840
경기도,시흥시,은행동,은행동제5투,2831,2074,971,876,187,22,2,2058,16,757
경기도,시흥시,은행동,은행동제6투,2364,1855,975,692,162,17,1,1847,8,509
경기도,시흥시,은행동,은행동제7투,3297,2606,1533,856,186,16,1,2592,14,691
경기도,시흥시,은행동,은행동제8투,3284,2504,1319,964,190,18,3,2494,10,780
경기도,시흥시,은행동,은행동제9투,2211,1761,1073,506,156,14,1,1750,11,450
경기도,시흥시,은행동,은행동제10투,2180,1508,722,668,91,11,3,1495,13,672
경기도,시흥시,은행동,은행동제11투,1459,1205,687,388,102,20,0,1197,8,254
경기도,시흥시,매화동,관내사전투표,3139,3139,2224,696,193,13,0,3126,13,0
경기도,시흥시,매화동,매화동제1투,2722,1725,799,782,110,16,1,1708,17,997
경기도,시흥시,매화동,매화동제2투,1818,1131,467,584,64,10,0,1125,6,687
경기도,시흥시,매화동,매화동제3투,1817,1152,538,512,81,11,3,1145,7,665
경기도,시흥시,목감동,관내사전투표,8205,8204,5726,1840,543,56,3,8168,36,1
경기도,시흥시,목감동,목감동제1투,2680,1779,667,957,125,15,4,1768,11,901
경기도,시흥시,목감동,목감동제2투,1128,831,346,409,55,14,2,826,5,297
경기도,시흥시,목감동,목감동제3투,2638,1796,760,858,151,13,2,1784,12,842
경기도,시흥시,목감동,목감동제4투,2172,1504,748,582,141,22,1,1494,10,668
경기도,시흥시,목감동,목감동제5투,2539,1933,1109,639,146,25,1,1920,13,606
경기도,시흥시,목감동,목감동제6투,3302,2212,924,1067,186,19,2,2198,14,1090
경기도,시흥시,목감동,목감동제7투,3021,2351,1232,907,180,17,0,2336,15,670
경기도,시흥시,목감동,목감동제8투,3402,2658,1389,1004,222,27,4,2646,12,744
경기도,시흥시,군자동,관내사전투표,3789,3788,2594,924,228,22,0,3768,20,1
경기도,시흥시,군자동,군자동제1투,2599,1511,726,649,98,21,3,1497,14,1088
경기도,시흥시,군자동,군자동제2투,2129,1291,616,553,93,20,1,1283,8,838
경기도,시흥시,군자동,군자동제3투,2604,1692,850,682,116,12,3,1663,29,912
경기도,시흥시,군자동,군자동제4투,2694,1758,885,732,108,17,1,1743,15,936
경기도,시흥시,군자동,군자동제5투,3064,2037,1034,823,141,22,2,2022,15,1027
경기도,시흥시,정왕본동,관내사전투표,3633,3633,2572,715,288,25,4,3604,29,0
경기도,시흥시,정왕본동,정왕본동제1투,1976,831,374,382,60,7,2,825,6,1145
경기도,시흥시,정왕본동,정왕본동제2투,3527,1397,590,577,201,14,4,1386,11,2130
경기도,시흥시,정왕본동,정왕본동제3투,1111,475,265,171,32,2,0,470,5,636
경기도,시흥시,정왕본동,정왕본동제4투,1050,490,279,180,29,0,0,488,2,560
경기도,시흥시,정왕본동,정왕본동제5투,1130,462,270,155,32,2,0,459,3,668
경기도,시흥시,정왕본동,정왕본동제6투,3061,2269,1163,876,199,18,4,2260,9,792
경기도,시흥시,정왕1동,관내사전투표,4277,4277,3069,785,370,27,4,4255,22,0
경기도,시흥시,정왕1동,정왕1동제1투,2140,1228,642,467,99,13,3,1224,4,912
경기도,시흥시,정왕1동,정왕1동제2투,2801,1209,596,476,126,6,1,1205,4,1592
경기도,시흥시,정왕1동,정왕1동제3투,2023,1261,365,488,372,14,1,1240,21,762
경기도,시흥시,정왕1동,정왕1동제4투,1629,725,394,263,61,3,1,722,3,904
경기도,시흥시,정왕1동,정왕1동제5투,1674,1102,603,411,73,10,0,1097,5,572
경기도,시흥시,정왕1동,정왕1동제6투,3313,2164,1128,824,182,18,4,2156,8,1149
경기도,시흥시,정왕2동,관내사전투표,5441,5441,3944,1023,395,52,4,5418,23,0
경기도,시흥시,정왕2동,정왕2동제1투,2407,1579,851,579,115,14,1,1560,19,828
경기도,시흥시,정왕2동,정왕2동제2투,3611,2554,1251,1049,209,21,8,2538,16,1057
경기도,시흥시,정왕2동,정왕2동제3투,2618,1676,791,699,151,20,3,1664,12,942
경기도,시흥시,정왕2동,정왕2동제4투,2505,1775,910,693,144,13,2,1762,13,730
경기도,시흥시,정왕2동,정왕2동제5투,2740,1742,830,748,132,13,3,1726,16,998
경기도,시흥시,정왕2동,정왕2동제6투,2047,1181,614,463,88,10,0,1175,6,866
경기도,시흥시,정왕3동,관내사전투표,4879,4879,3539,921,338,46,5,4849,30,0
경기도,시흥시,정왕3동,정왕3동제1투,2608,1731,814,739,157,11,1,1722,9,877
경기도,시흥시,정왕3동,정왕3동제2투,2634,1795,907,721,144,10,0,1782,13,839
경기도,시흥시,정왕3동,정왕3동제3투,3394,2061,1041,840,143,26,0,2050,11,1333
경기도,시흥시,정왕3동,정왕3동제4투,2143,1193,664,452,65,8,1,1190,3,950
경기도,시흥시,정왕3동,정왕3동제5투,2581,1450,741,613,80,5,2,1441,9,1131
경기도,시흥시,정왕4동,관내사전투표,5071,5070,3506,1024,455,43,6,5034,36,1
경기도,시흥시,정왕4동,정왕4동제1투,2501,1739,753,812,133,21,2,1721,18,762
경기도,시흥시,정왕4동,정왕4동제2투,1762,1252,550,597,95,5,0,1247,5,510
경기도,시흥시,정왕4동,정왕4동제3투,2372,1651,815,668,147,10,1,1641,10,721
경기도,시흥시,정왕4동,정왕4동제4투,2190,1506,758,586,136,9,1,1490,16,684
경기도,시흥시,정왕4동,정왕4동제5투,1975,1470,815,493,126,19,2,1455,15,505
경기도,시흥시,거북섬동,관내사전투표,2800,2800,2097,443,228,20,3,2791,9,0
경기도,시흥시,거북섬동,거북섬동제1투,3643,2447,1393,784,228,23,5,2433,14,1196
경기도,시흥시,거북섬동,거북섬동제2투,2293,1051,496,358,180,7,2,1043,8,1242
경기도,시흥시,배곧1동,관내사전투표,6633,6633,4882,1128,534,54,3,6601,32,0
경기도,시흥시,배곧1동,배곧1동제1투,3831,2857,1579,1008,219,33,2,2841,16,974
경기도,시흥시,배곧1동,배곧1동제2투,2318,1896,1006,688,174,17,2,1887,9,422
경기도,시흥시,배곧1동,배곧1동제3투,2472,1823,1010,640,145,14,2,1811,12,649
경기도,시흥시,배곧1동,배곧1동제4투,1730,1330,727,465,117,12,3,1324,6,400
경기도,시흥시,배곧1동,배곧1동제5투,1913,1462,793,557,84,19,0,1453,9,451
경기도,시흥시,배곧1동,배곧1동제6투,2321,1745,966,617,134,21,2,1740,5,576
경기도,시흥시,배곧1동,배곧1동제7투,2910,1999,1015,794,155,23,2,1989,10,911
경기도,시흥시,배곧2동,관내사전투표,5157,5157,3711,963,404,47,4,5129,28,0
경기도,시흥시,배곧2동,배곧2동제1투,3414,2116,993,803,281,18,1,2096,20,1298
경기도,시흥시,배곧2동,배곧2동제2투,4284,2561,1104,1059,346,25,6,2540,21,1723
경기도,시흥시,배곧2동,배곧2동제3투,3671,2673,1283,1115,238,19,0,2655,18,998
경기도,시흥시,배곧2동,배곧2동제4투,3930,3012,1582,1157,228,25,2,2994,18,918
경기도,시흥시,배곧2동,배곧2동제5투,2379,1843,1000,601,201,29,4,1835,8,536
경기도,시흥시,배곧2동,배곧2동제6투,1445,1078,592,402,70,6,3,1073,5,367
경기도,시흥시,과림동,관내사전투표,837,837,507,260,61,4,2,834,3,0
경기도,시흥시,과림동,과림동투표소,979,648,155,463,20,4,0,642,6,331
경기도,시흥시,연성동,관내사전투표,4854,4854,3465,905,402,40,4,4816,38,0
경기도,시흥시,연성동,연성동제1투,2341,1582,716,680,163,8,3,1570,12,759
경기도,시흥시,연성동,연성동제2투,3081,2301,1094,996,188,9,1,2288,13,780
경기도,시흥시,연성동,연성동제3투,3060,2253,1182,859,173,24,0,2238,15,807
경기도,시흥시,연성동,연성동제4투,2174,1583,812,619,126,11,1,1569,14,591
경기도,시흥시,연성동,연성동제5투,1582,1185,513,548,100,17,2,1180,5,397
경기도,시흥시,연성동,연성동제6투,1785,1280,689,421,146,10,1,1267,13,505
경기도,시흥시,능곡동,관내사전투표,5671,5671,3948,1247,415,31,5,5646,25,0
경기도,시흥시,능곡동,능곡동제1투,2628,1789,669,982,110,14,4,1779,10,839
경기도,시흥시,능곡동,능곡동제2투,2119,1460,622,683,131,17,2,1455,5,659
경기도,시흥시,능곡동,능곡동제3투,2424,1631,737,732,137,15,2,1623,8,793
경기도,시흥시,능곡동,능곡동제4투,2283,1676,816,668,162,22,0,1668,8,607
경기도,시흥시,능곡동,능곡동제5투,4167,3100,1450,1241,351,36,3,3081,19,1067
경기도,시흥시,월곶동,관내사전투표,3955,3955,2799,825,284,25,1,3934,21,0
경기도,시흥시,월곶동,월곶동제1투,1093,754,325,370,40,8,1,744,10,339
경기도,시흥시,월곶동,월곶동제2투,3377,2115,924,1001,162,15,3,2105,10,1262
경기도,시흥시,월곶동,월곶동제3투,2123,1445,711,593,116,15,1,1436,9,678
경기도,시흥시,월곶동,월곶동제4투,3397,2092,894,967,197,19,0,2077,15,1305
경기도,시흥시,장곡동,관내사전투표,9558,9558,6768,1888,759,78,7,9500,58,0
경기도,시흥시,장곡동,장곡동제1투,2527,1789,783,792,171,19,2,1767,22,738
경기도,시흥시,장곡동,장곡동제2투,2848,1966,998,762,166,23,3,1952,14,882
경기도,시흥시,장곡동,장곡동제3투,2922,1877,894,820,137,14,1,1866,11,1045
경기도,시흥시,장곡동,장곡동제4투,3634,2483,1175,1067,206,19,4,2471,12,1151
경기도,시흥시,장곡동,장곡동제5투,2490,1886,944,764,152,22,1,1883,3,604
경기도,시흥시,장곡동,장곡동제6투,2424,1747,896,679,141,22,1,1739,8,677
경기도,시흥시,장곡동,장곡동제7투,3033,2101,1043,810,197,24,4,2078,23,932
경기도,시흥시,장곡동,장곡동제8투,3350,2560,1194,971,341,33,1,2540,20,790
경기도,군포시,거소·선상투표,,320,298,127,89,63,5,3,287,11,22
경기도,군포시,관외사전투표,,21679,21677,13323,4883,2981,237,20,21444,233,2
경기도,군포시,재외투표,,1387,1140,819,208,92,13,0,1132,8,247
경기도,군포시,군포1동,관내사전투표,4356,4356,2853,1167,284,28,6,4338,18,0
경기도,군포시,군포1동,군포1동제1투,2575,1629,656,809,135,13,1,1614,15,946
경기도,군포시,군포1동,군포1동제2투,3001,1668,652,826,153,18,0,1649,19,1333
경기도,군포시,군포1동,군포1동제3투,2503,1648,661,840,116,12,0,1629,19,855
경기도,군포시,군포1동,군포1동제4투,2671,1766,791,836,115,15,3,1760,6,905
경기도,군포시,군포1동,군포1동제5투,457,255,77,129,40,6,0,252,3,202
경기도,군포시,군포1동,군포1동제6투,115,79,29,45,3,0,0,77,2,36
경기도,군포시,군포1동,군포1동제7투,3417,2559,1103,1188,228,23,1,2543,16,858
경기도,군포시,군포1동,군포1동제8투,2388,1884,871,804,184,17,2,1878,6,504
경기도,군포시,군포1동,군포1동제9투,1971,1533,694,642,163,21,1,1521,12,438
경기도,군포시,군포2동,관내사전투표,9428,9428,6553,2053,696,72,2,9376,52,0
경기도,군포시,군포2동,군포2동제1투,2564,1849,701,909,199,29,1,1839,10,715
경기도,군포시,군포2동,군포2동제2투,2424,1618,743,726,123,15,1,1608,10,806
경기도,군포시,군포2동,군포2동제3투,2322,1683,706,808,137,19,2,1672,11,639
경기도,군포시,군포2동,군포2동제4투,2885,2190,899,1042,198,30,3,2172,18,695
경기도,군포시,군포2동,군포2동제5투,2252,1840,918,736,163,15,2,1834,6,412
경기도,군포시,군포2동,군포2동제6투,2011,1431,607,686,116,13,0,1422,9,580
경기도,군포시,군포2동,군포2동제7투,3308,2479,1090,1103,236,30,1,2460,19,829
경기도,군포시,군포2동,군포2동제8투,3035,2325,1188,890,205,27,3,2313,12,710
경기도,군포시,군포2동,군포2동제9투,1479,1125,507,510,89,10,0,1116,9,354
경기도,군포시,군포2동,군포2동제10투,1065,898,381,436,66,8,1,892,6,167
경기도,군포시,산본1동,관내사전투표,3148,3148,2048,820,235,13,5,3121,27,0
경기도,군포시,산본1동,산본1동제1투,1886,1218,449,652,101,9,1,1212,6,668
경기도,군포시,산본1동,산본1동제2투,1380,886,300,495,80,5,1,881,5,494
경기도,군포시,산본1동,산본1동제3투,1660,1067,431,534,85,9,0,1059,8,593
경기도,군포시,산본1동,산본1동제4투,1874,1276,517,601,135,13,0,1266,10,598
경기도,군포시,산본1동,산본1동제5투,2150,1520,622,758,109,16,3,1508,12,630
경기도,군포시,산본2동,관내사전투표,4360,4360,2922,1096,298,28,2,4346,14,0
경기도,군포시,산본2동,산본2동제1투,2204,1601,630,804,138,19,1,1592,9,603
경기도,군포시,산본2동,산본2동제2투,1531,1098,490,510,81,4,0,1085,13,433
경기도,군포시,산본2동,산본2동제3투,2075,1615,688,774,129,15,0,1606,9,460
경기도,군포시,산본2동,산본2동제4투,1931,1526,614,745,142,18,1,1520,6,405
경기도,군포시,산본2동,산본2동제5투,1776,1330,577,617,109,14,1,1318,12,446
경기도,군포시,산본2동,산본2동제6투,2284,1805,698,920,156,18,1,1793,12,479
경기도,군포시,산본2동,산본2동제7투,2429,1986,689,1114,160,14,0,1977,9,443
경기도,군포시,금정동,관내사전투표,4287,4287,2922,1006,286,43,5,4262,25,0
경기도,군포시,금정동,금정동제1투,2229,1443,548,750,120,12,1,1431,12,786
경기도,군포시,금정동,금정동제2투,2798,1762,702,859,169,10,7,1747,15,1036
경기도,군포시,금정동,금정동제3투,2906,1878,793,908,148,22,0,1871,7,1028
경기도,군포시,금정동,금정동제4투,1840,1190,510,575,82,12,3,1182,8,650
경기도,군포시,금정동,금정동제5투,1726,1289,556,541,166,17,1,1281,8,437
경기도,군포시,재궁동,관내사전투표,5955,5955,4036,1245,559,56,7,5903,52,0
경기도,군포시,재궁동,재궁동제1투,2335,1701,685,864,121,15,3,1688,13,634
경기도,군포시,재궁동,재궁동제2투,2110,1489,666,690,107,20,1,1484,5,621
경기도,군포시,재궁동,재궁동제3투,2164,1464,553,730,150,17,2,1452,12,700
경기도,군포시,재궁동,재궁동제4투,2175,1592,681,715,159,22,1,1578,14,583
경기도,군포시,재궁동,재궁동제5투,1685,1148,489,540,91,14,1,1135,13,537
경기도,군포시,오금동,관내사전투표,4081,4081,2851,827,324,51,1,4054,27,0
경기도,군포시,오금동,오금동제1투,2443,1867,748,938,153,16,2,1857,10,576
경기도,군포시,오금동,오금동제2투,2632,2061,879,931,213,21,4,2048,13,571
경기도,군포시,오금동,오금동제3투,1935,1329,521,629,150,20,0,1320,9,606
경기도,군포시,오금동,오금동제4투,1596,1257,517,591,128,13,0,1249,8,339
경기도,군포시,오금동,오금동제5투,2659,2141,1078,816,211,23,0,2128,13,518
경기도,군포시,수리동,관내사전투표,3042,3042,2071,726,197,35,1,3030,12,0
경기도,군포시,수리동,수리동제1투,1709,1266,425,705,98,24,2,1254,12,443
경기도,군포시,수리동,수리동제2투,1657,1235,426,682,99,17,2,1226,9,422
경기도,군포시,수리동,수리동제3투,1717,1302,568,625,83,15,1,1292,10,415
경기도,군포시,수리동,수리동제4투,1933,1445,631,644,141,10,2,1428,17,488
경기도,군포시,수리동,수리동제5투,1703,1122,478,554,60,14,1,1107,15,581
경기도,군포시,궁내동,관내사전투표,3882,3882,2721,809,299,29,5,3863,19,0
경기도,군포시,궁내동,궁내동제1투,1529,1059,432,530,82,10,0,1054,5,470
경기도,군포시,궁내동,궁내동제2투,2074,1636,640,832,132,23,1,1628,8,438
경기도,군포시,궁내동,궁내동제3투,2300,1804,782,826,167,19,2,1796,8,496
경기도,군포시,궁내동,궁내동제4투,2390,1902,832,853,197,10,2,1894,8,488
경기도,군포시,궁내동,궁내동제5투,1790,1383,643,597,118,13,0,1371,12,407
경기도,군포시,광정동,관내사전투표,3892,3892,2704,825,300,33,1,3863,29,0
경기도,군포시,광정동,광정동제1투,2994,1828,742,893,153,17,6,1811,17,1166
경기도,군포시,광정동,광정동제2투,1850,1203,438,603,131,15,1,1188,15,647
경기도,군포시,광정동,광정동제3투,3087,2407,948,1225,194,27,6,2400,7,680
경기도,군포시,광정동,광정동제4투,1462,1173,474,583,92,10,2,1161,12,289
경기도,군포시,광정동,광정동제5투,1561,1295,555,622,96,13,0,1286,9,266
경기도,군포시,광정동,광정동제6투,2624,2088,964,869,221,22,1,2077,11,536
경기도,군포시,대야동,관내사전투표,2683,2683,1864,629,151,24,2,2670,13,0
경기도,군포시,대야동,대야동제1투,2204,1540,652,743,111,20,1,1527,13,664
경기도,군포시,대야동,대야동제2투,2466,1802,761,847,146,34,0,1788,14,664
경기도,군포시,송부동,관내사전투표,3734,3734,2742,688,263,25,1,3719,15,0
경기도,군포시,송부동,송부동제1투,3443,2524,1223,1075,189,25,1,2513,11,919
경기도,군포시,송부동,송부동제2투,1644,1356,711,505,107,23,2,1348,8,288
경기도,군포시,송부동,송부동제3투,2504,1884,809,862,184,15,1,1871,13,620
경기도,군포시,송부동,송부동제4투,1620,1173,519,520,109,10,2,1160,13,447
경기도,군포시,송부동,송부동제5투,1585,1210,611,480,93,16,2,1202,8,375
경기도,하남시,거소·선상투표,,369,351,141,125,75,2,0,343,8,18
경기도,하남시,관외사전투표,,34237,34234,20794,8539,4252,343,26,33954,280,3
경기도,하남시,재외투표,,1824,1516,998,328,160,20,1,1507,9,308
경기도,하남시,천현동,관내사전투표,1649,1649,972,543,110,12,4,1641,8,0
경기도,하남시,천현동,천현동제1투,1533,920,211,642,59,2,0,914,6,613
경기도,하남시,천현동,천현동제2투,1064,601,203,353,36,2,1,595,6,463
경기도,하남시,천현동,천현동제3투,836,500,126,343,25,1,0,495,5,336
경기도,하남시,신장1동,관내사전투표,3468,3468,2138,1029,257,18,3,3445,23,0
경기도,하남시,신장1동,신장1동투표소,3957,2369,799,1327,197,25,0,2348,21,1588
경기도,하남시,신장2동,관내사전투표,8601,8601,5330,2522,631,55,5,8543,58,0
경기도,하남시,신장2동,신장2동제1투,2214,1391,466,804,99,13,0,1382,9,823
경기도,하남시,신장2동,신장2동제2투,1682,976,252,652,64,3,1,972,4,706
경기도,하남시,신장2동,신장2동제3투,3145,2121,736,1200,152,16,4,2108,13,1024
경기도,하남시,신장2동,신장2동제4투,2114,1657,546,998,94,8,1,1647,10,457
경기도,하남시,신장2동,신장2동제5투,2048,1612,641,857,89,18,3,1608,4,436
경기도,하남시,신장2동,신장2동제6투,1989,1545,618,792,113,11,0,1534,11,444
경기도,하남시,신장2동,신장2동제7투,2873,2143,824,1109,176,17,1,2127,16,730
경기도,하남시,신장2동,신장2동제8투,3261,2466,874,1368,183,29,1,2455,11,795
경기도,하남시,신장2동,신장2동제9투,2583,1960,660,1158,117,11,1,1947,13,623
경기도,하남시,신장2동,신장2동제10투,3869,2857,1195,1382,239,27,3,2846,11,1012
경기도,하남시,덕풍1동,관내사전투표,3324,3324,2224,887,176,22,2,3311,13,0
경기도,하남시,덕풍1동,덕풍1동제1투,2375,1561,606,818,106,15,0,1545,16,814
경기도,하남시,덕풍1동,덕풍1동제2투,1652,1170,437,639,76,10,1,1163,7,482
경기도,하남시,덕풍1동,덕풍1동제3투,1526,944,343,535,53,6,3,940,4,582
경기도,하남시,덕풍1동,덕풍1동제4투,2374,1711,545,1039,98,16,2,1700,11,663
경기도,하남시,덕풍2동,관내사전투표,4251,4251,2745,1187,267,31,4,4234,17,0
경기도,하남시,덕풍2동,덕풍2동제1투,1725,1168,414,668,60,11,1,1154,14,557
경기도,하남시,덕풍2동,덕풍2동제2투,1486,937,298,561,63,4,0,926,11,549
경기도,하남시,덕풍2동,덕풍2동제3투,3370,2271,820,1231,182,20,3,2256,15,1099
경기도,하남시,덕풍2동,덕풍2동제4투,1456,822,299,466,47,5,1,818,4,634
경기도,하남시,덕풍2동,덕풍2동제5투,1998,1304,476,739,80,3,2,1300,4,694
경기도,하남시,덕풍3동,관내사전투표,5618,5617,3693,1470,385,41,5,5594,23,1
경기도,하남시,덕풍3동,덕풍3동제1투,3858,3023,1169,1561,250,31,2,3013,10,835
경기도,하남시,덕풍3동,덕풍3동제2투,2953,2086,874,1019,153,20,2,2068,18,867
경기도,하남시,덕풍3동,덕풍3동제3투,2268,1407,482,813,90,11,3,1399,8,861
경기도,하남시,덕풍3동,덕풍3동제4투,3658,2411,803,1374,186,33,1,2397,14,1247
경기도,하남시,덕풍3동,덕풍3동제5투,2319,1545,558,867,98,12,2,1537,8,774
경기도,하남시,미사1동,관내사전투표,9562,9561,6473,1973,953,95,5,9499,62,1
경기도,하남시,미사1동,미사1동제1투,3680,1948,695,900,307,21,0,1923,25,1732
경기도,하남시,미사1동,미사1동제2투,2053,1342,552,696,67,12,3,1330,12,711
경기도,하남시,미사1동,미사1동제3투,2908,2223,1018,987,183,20,2,2210,13,685
경기도,하남시,미사1동,미사1동제4투,2081,1621,730,724,140,21,0,1615,6,460
경기도,하남시,미사1동,미사1동제5투,2992,2278,1010,1017,204,24,3,2258,20,714
경기도,하남시,미사1동,미사1동제6투,3484,2586,1216,1101,220,31,2,2570,16,898
경기도,하남시,미사1동,미사1동제7투,3864,2176,756,1019,345,19,5,2144,32,1688
경기도,하남시,미사1동,미사1동제8투,4693,3328,1307,1618,352,23,0,3300,28,1365
경기도,하남시,미사1동,미사1동제9투,3079,1980,718,961,254,26,1,1960,20,1099
경기도,하남시,미사2동,관내사전투표,10343,10342,7116,2336,776,73,2,10303,39,1
경기도,하남시,미사2동,미사2동제1투,2220,1243,429,750,44,8,1,1232,11,977
경기도,하남시,미사2동,미사2동제2투,2615,1973,912,853,178,17,0,1960,13,642
경기도,하남시,미사2동,미사2동제3투,4383,3034,1247,1519,228,23,2,3019,15,1349
경기도,하남시,미사2동,미사2동제4투,2613,2049,925,915,173,24,2,2039,10,564
경기도,하남시,미사2동,미사2동제5투,3331,2600,1130,1248,193,12,1,2584,16,731
경기도,하남시,미사2동,미사2동제6투,3885,2950,1339,1327,239,30,0,2935,15,935
경기도,하남시,미사2동,미사2동제7투,3947,2942,1311,1292,294,29,1,2927,15,1005
경기도,하남시,미사3동,관내사전투표,3897,3897,2716,822,303,34,1,3876,21,0
경기도,하남시,미사3동,미사3동제1투,3016,1884,623,1048,179,21,1,1872,12,1132
경기도,하남시,미사3동,미사3동제2투,2882,2251,935,1095,180,27,3,2240,11,631
경기도,하남시,미사3동,미사3동제3투,2988,2280,847,1212,190,14,0,2263,17,708
경기도,하남시,미사3동,미사3동제4투,2453,1843,944,723,146,19,1,1833,10,610
경기도,하남시,미사3동,미사3동제5투,2782,2083,888,990,175,22,0,2075,8,699
경기도,하남시,감북동,관내사전투표,1065,1065,670,321,56,9,1,1057,8,0
경기도,하남시,감북동,감북동투표소,1751,1148,295,744,86,14,2,1141,7,603
경기도,하남시,감일동,관내사전투표,7101,7101,5017,1427,560,58,2,7064,37,0
경기도,하남시,감일동,감일동제1투,2250,1737,732,816,161,19,0,1728,9,513
경기도,하남시,감일동,감일동제2투,3058,2064,879,988,156,22,4,2049,15,994
경기도,하남시,감일동,감일동제3투,2867,2186,972,969,216,17,1,2175,11,681
경기도,하남시,감일동,감일동제4투,3107,2280,1031,989,213,25,2,2260,20,827
경기도,하남시,감일동,감일동제5투,2729,2076,794,1043,204,19,2,2062,14,653
경기도,하남시,감일동,감일동제6투,4111,2868,1116,1419,289,26,3,2853,15,1243
경기도,하남시,위례동,관내사전투표,4148,4148,2759,1010,322,29,6,4126,22,0
경기도,하남시,위례동,위례동제1투,4072,3127,1412,1428,248,22,2,3112,15,945
경기도,하남시,위례동,위례동제2투,3847,2857,943,1669,224,11,0,2847,10,990
경기도,하남시,위례동,위례동제3투,2678,2122,646,1252,190,17,2,2107,15,556
경기도,하남시,위례동,위례동제4투,2600,1843,596,1018,193,17,1,1825,18,757
경기도,하남시,위례동,위례동제5투,4205,3179,1294,1492,330,34,2,3152,27,1026
경기도,하남시,춘궁동,관내사전투표,743,743,422,285,31,4,0,742,1,0
경기도,하남시,춘궁동,춘궁동투표소,572,315,72,224,9,4,0,309,6,257
경기도,하남시,초이동,관내사전투표,989,989,636,274,72,4,0,986,3,0
경기도,하남시,초이동,초이동투표소,1694,1057,269,706,71,7,1,1054,3,637
경기도,파주시,거소·선상투표,,1032,981,368,318,257,6,2,951,30,51
경기도,파주시,관외사전투표,,37293,37283,22995,8893,4619,398,47,36952,331,10
경기도,파주시,재외투표,,2351,1938,1406,343,148,26,0,1923,15,413
경기도,파주시,문산읍,관내사전투표,8901,8901,5890,2212,643,88,8,8841,60,0
경기도,파주시,문산읍,문산읍제1투,2159,1487,555,841,68,8,1,1473,14,672
경기도,파주시,문산읍,문산읍제2투,3985,2541,1215,1101,182,24,2,2524,17,1444
경기도,파주시,문산읍,문산읍제3투,2924,1762,738,821,170,18,2,1749,13,1162
경기도,파주시,문산읍,문산읍제4투,2430,1391,623,653,90,15,1,1382,9,1039
경기도,파주시,문산읍,문산읍제5투,2980,1747,785,808,122,20,2,1737,10,1233
경기도,파주시,문산읍,문산읍제6투,746,489,180,286,15,4,0,485,4,257
경기도,파주시,문산읍,문산읍제7투,817,566,185,360,15,2,0,562,4,251
경기도,파주시,문산읍,문산읍제8투,519,312,93,198,16,3,0,310,2,207
경기도,파주시,문산읍,문산읍제9투,2329,1383,555,698,100,23,0,1376,7,946
경기도,파주시,문산읍,문산읍제10투,1351,814,328,433,36,6,0,803,11,537
경기도,파주시,문산읍,문산읍제11투,2884,1832,890,818,89,15,4,1816,16,1052
경기도,파주시,문산읍,문산읍제12투,3154,2056,956,910,156,17,3,2042,14,1098
경기도,파주시,문산읍,문산읍제13투,1979,1546,815,582,128,14,0,1539,7,433
경기도,파주시,조리읍,관내사전투표,5450,5450,3643,1448,289,41,3,5424,26,0
경기도,파주시,조리읍,조리읍제1투,3196,2306,974,1195,104,15,5,2293,13,890
경기도,파주시,조리읍,조리읍제2투,3366,2083,872,1076,108,17,2,2075,8,1283
경기도,파주시,조리읍,조리읍제3투,1578,1067,458,553,45,8,0,1064,3,511
경기도,파주시,조리읍,조리읍제4투,2576,1820,815,888,92,17,2,1814,6,756
경기도,파주시,조리읍,조리읍제5투,2728,1819,835,829,123,17,0,1804,15,909
경기도,파주시,조리읍,조리읍제6투,1401,863,326,493,40,1,1,861,2,538
경기도,파주시,조리읍,조리읍제7투,1273,807,346,401,45,10,1,803,4,466
경기도,파주시,조리읍,조리읍제8투,1032,635,248,351,22,7,2,630,5,397
경기도,파주시,법원읍,관내사전투표,2256,2256,1289,738,178,13,4,2222,34,0
경기도,파주시,법원읍,법원읍제1투,1320,752,244,454,49,1,0,748,4,568
경기도,파주시,법원읍,법원읍제2투,445,252,85,152,14,1,0,252,0,193
경기도,파주시,법원읍,법원읍제3투,543,385,120,243,19,2,0,384,1,158
경기도,파주시,법원읍,법원읍제4투,1342,834,316,471,40,3,1,831,3,508
경기도,파주시,법원읍,법원읍제5투,1047,576,171,378,20,3,0,572,4,471
경기도,파주시,법원읍,법원읍제6투,1340,836,288,496,36,9,2,831,5,504
경기도,파주시,파주읍,관내사전투표,2976,2976,1844,913,188,11,1,2957,19,0
경기도,파주시,파주읍,파주읍제1투,2178,1250,429,749,61,5,0,1244,6,928
경기도,파주시,파주읍,파주읍제2투,1824,1117,503,527,66,7,1,1104,13,707
경기도,파주시,파주읍,파주읍제3투,1130,681,262,379,29,5,2,677,4,449
경기도,파주시,파주읍,파주읍제4투,975,585,202,341,32,1,2,578,7,390
경기도,파주시,파주읍,파주읍제5투,765,446,128,289,20,5,1,443,3,319
경기도,파주시,파주읍,파주읍제6투,1713,1053,454,526,54,10,1,1045,8,660
경기도,파주시,광탄면,관내사전투표,2893,2893,1811,881,163,18,0,2873,20,0
경기도,파주시,광탄면,광탄면제1투,2011,1141,412,661,57,5,1,1136,5,870
경기도,파주시,광탄면,광탄면제2투,1524,893,268,573,39,6,1,887,6,631
경기도,파주시,광탄면,광탄면제3투,797,541,164,340,25,4,2,535,6,256
경기도,파주시,광탄면,광탄면제4투,1064,631,210,379,33,5,1,628,3,433
경기도,파주시,광탄면,광탄면제5투,1070,665,208,406,39,6,0,659,6,405
경기도,파주시,탄현면,관내사전투표,2938,2938,2053,670,159,28,1,2911,27,0
경기도,파주시,탄현면,탄현면제1투,1322,687,201,442,30,4,0,677,10,635
경기도,파주시,탄현면,탄현면제2투,982,602,221,342,28,5,0,596,6,380
경기도,파주시,탄현면,탄현면제3투,892,581,171,377,22,5,1,576,5,311
경기도,파주시,탄현면,탄현면제4투,1779,1137,545,514,51,16,1,1127,10,642
경기도,파주시,탄현면,탄현면제5투,3034,2019,939,925,101,31,2,1998,21,1015
경기도,파주시,월롱면,관내사전투표,2763,2763,1806,668,262,10,2,2748,15,0
경기도,파주시,월롱면,월롱면제1투,989,605,148,418,24,7,0,597,8,384
경기도,파주시,월롱면,월롱면제2투,1234,635,225,360,36,8,0,629,6,599
경기도,파주시,월롱면,월롱면제3투,1249,764,303,416,32,7,1,759,5,485
경기도,파주시,월롱면,월롱면제4투,1498,878,217,384,254,2,1,858,20,620
경기도,파주시,적성면,관내사전투표,1481,1481,810,516,140,3,0,1469,12,0
경기도,파주시,적성면,적성면제1투,1838,1052,316,637,91,4,1,1049,3,786
경기도,파주시,적성면,적성면제2투,472,316,87,212,9,1,0,309,7,156
경기도,파주시,적성면,적성면제3투,737,463,120,320,18,1,1,460,3,274
경기도,파주시,적성면,적성면제4투,439,261,96,154,9,2,0,261,0,178
경기도,파주시,적성면,적성면제5투,465,338,80,232,16,2,0,330,8,127
경기도,파주시,파평면,관내사전투표,937,937,516,316,97,4,0,933,4,0
경기도,파주시,파평면,파평면제1투,309,204,45,148,7,2,1,203,1,105
경기도,파주시,파평면,파평면제2투,355,243,74,149,16,2,1,242,1,112
경기도,파주시,파평면,파평면제3투,306,198,57,132,9,0,0,198,0,108
경기도,파주시,파평면,파평면제4투,610,429,172,236,18,0,0,426,3,181
경기도,파주시,파평면,파평면제5투,420,273,75,179,16,2,0,272,1,147
경기도,파주시,파평면,파평면제6투,409,277,88,173,10,1,0,272,5,132
경기도,파주시,장단면,관내사전투표,385,385,207,104,64,4,0,379,6,0
경기도,파주시,장단면,장단면제1투,330,230,97,126,5,0,0,228,2,100
경기도,파주시,장단면,장단면제2투,96,81,22,57,2,0,0,81,0,15
경기도,파주시,교하동,관내사전투표,1798,1798,1251,437,93,10,0,1791,7,0
경기도,파주시,교하동,교하동제1투,2185,1272,442,736,79,7,0,1264,8,913
경기도,파주시,교하동,교하동제2투,2105,1321,448,768,77,20,1,1314,7,784
경기도,파주시,운정1동,관내사전투표,10683,10683,7755,2089,687,88,8,10627,56,0
경기도,파주시,운정1동,운정1동제1투,3843,2558,1246,1063,211,20,3,2543,15,1285
경기도,파주시,운정1동,운정1동제2투,4316,3021,1481,1275,213,28,2,2999,22,1295
경기도,파주시,운정1동,운정1동제3투,3726,2432,1124,1034,234,30,3,2425,7,1294
경기도,파주시,운정1동,운정1동제4투,2399,1808,853,779,140,28,1,1801,7,591
경기도,파주시,운정1동,운정1동제5투,3672,2707,1509,965,189,20,1,2684,23,965
경기도,파주시,운정1동,운정1동제6투,3083,2349,1082,1054,182,27,1,2346,3,734
경기도,파주시,운정1동,운정1동제7투,2306,1715,803,738,153,9,1,1704,11,591
경기도,파주시,운정1동,운정1동제8투,3326,2399,1301,874,184,24,4,2387,12,927
경기도,파주시,운정1동,운정1동제9투,2735,2097,1133,752,184,17,2,2088,9,638
경기도,파주시,운정2동,관내사전투표,6674,6674,5106,1068,414,65,1,6654,20,0
경기도,파주시,운정2동,운정2동제1투,2780,1738,779,803,122,17,3,1724,14,1042
경기도,파주시,운정2동,운정2동제2투,2199,1642,824,658,128,21,2,1633,9,557
경기도,파주시,운정2동,운정2동제3투,2382,1792,912,730,126,14,2,1784,8,590
경기도,파주시,운정2동,운정2동제4투,1769,1176,500,570,85,9,0,1164,12,593
경기도,파주시,운정2동,운정2동제5투,3633,2537,1249,1115,138,23,2,2527,10,1096
경기도,파주시,운정2동,운정2동제6투,3779,2613,1301,1083,202,15,1,2602,11,1166
경기도,파주시,운정2동,운정2동제7투,3589,2630,1337,1050,197,39,2,2625,5,959
경기도,파주시,운정2동,운정2동제8투,3491,2723,1536,936,192,44,1,2709,14,768
경기도,파주시,운정2동,운정2동제9투,2594,1906,945,700,228,22,0,1895,11,688
경기도,파주시,운정2동,운정2동제10투,4066,3142,1607,1182,285,35,3,3112,30,924
경기도,파주시,운정2동,운정2동제11투,3154,2533,1413,858,220,30,0,2521,12,621
경기도,파주시,운정3동,관내사전투표,10997,10997,8171,1986,711,76,2,10946,51,0
경기도,파주시,운정3동,운정3동제1투,3505,2693,1328,1133,190,27,1,2679,14,812
경기도,파주시,운정3동,운정3동제2투,3612,2869,1413,1209,205,31,1,2859,10,743
경기도,파주시,운정3동,운정3동제3투,3484,2292,1053,1059,140,16,4,2272,20,1192
경기도,파주시,운정3동,운정3동제4투,2214,1648,804,685,117,26,0,1632,16,566
경기도,파주시,운정3동,운정3동제5투,2273,1568,734,725,67,20,3,1549,19,705
경기도,파주시,운정3동,운정3동제6투,1880,1439,681,646,93,10,1,1431,8,441
경기도,파주시,운정3동,운정3동제7투,1997,1356,590,686,54,16,0,1346,10,641
경기도,파주시,운정3동,운정3동제8투,2340,1782,962,675,110,21,1,1769,13,558
경기도,파주시,운정3동,운정3동제9투,3426,2129,989,863,231,20,4,2107,22,1297
경기도,파주시,운정3동,운정3동제10투,2144,1264,648,503,93,12,1,1257,7,880
경기도,파주시,운정3동,운정3동제11투,3198,2449,1207,1001,203,22,2,2435,14,749
경기도,파주시,운정3동,운정3동제12투,2690,1676,676,851,129,14,0,1670,6,1014
경기도,파주시,운정3동,운정3동제13투,1613,1257,666,457,102,24,1,1250,7,356
경기도,파주시,운정3동,운정3동제14투,2763,2116,1114,819,159,18,0,2110,6,647
경기도,파주시,운정4동,관내사전투표,5422,5422,4100,909,341,43,2,5395,27,0
경기도,파주시,운정4동,운정4동제1투,1258,738,305,375,41,8,0,729,9,520
경기도,파주시,운정4동,운정4동제2투,2970,1679,732,792,135,12,1,1672,7,1291
경기도,파주시,운정4동,운정4동제3투,715,460,227,189,41,1,0,458,2,255
경기도,파주시,운정4동,운정4동제4투,4260,2525,1278,996,200,35,3,2512,13,1735
경기도,파주시,운정4동,운정4동제5투,1522,893,411,408,61,3,5,888,5,629
경기도,파주시,운정4동,운정4동제6투,2773,1612,739,736,107,23,1,1606,6,1161
경기도,파주시,운정5동,관내사전투표,7718,7718,5788,1274,543,74,3,7682,36,0
경기도,파주시,운정5동,운정5동제1투,2181,1506,768,612,97,17,2,1496,10,675
경기도,파주시,운정5동,운정5동제2투,2248,1679,775,786,95,18,1,1675,4,569
경기도,파주시,운정5동,운정5동제3투,3347,2486,1385,898,157,36,1,2477,9,861
경기도,파주시,운정5동,운정5동제4투,2854,2150,1069,824,211,30,2,2136,14,704
경기도,파주시,운정5동,운정5동제5투,2628,1745,817,785,108,23,0,1733,12,883
경기도,파주시,운정5동,운정5동제6투,3432,2359,1129,951,225,35,1,2341,18,1073
경기도,파주시,운정5동,운정5동제7투,2826,2069,1174,682,175,20,2,2053,16,757
경기도,파주시,운정5동,운정5동제8투,2256,1596,796,636,139,12,0,1583,13,660
경기도,파주시,운정5동,운정5동제9투,2221,1650,818,704,98,19,1,1640,10,571
경기도,파주시,운정5동,운정5동제10투,2204,1555,781,592,146,22,0,1541,14,649
경기도,파주시,운정5동,운정5동제11투,2215,1517,763,574,161,10,2,1510,7,698
경기도,파주시,운정5동,운정5동제12투,1880,1330,682,485,146,11,1,1325,5,550
경기도,파주시,운정6동,관내사전투표,6685,6685,4868,1098,608,58,4,6636,49,0
경기도,파주시,운정6동,운정6동제1투,2957,2143,1104,778,220,23,0,2125,18,814
경기도,파주시,운정6동,운정6동제2투,2895,2123,1056,804,227,18,0,2105,18,772
경기도,파주시,운정6동,운정6동제3투,3033,2143,1000,937,177,16,2,2132,11,890
경기도,파주시,운정6동,운정6동제4투,3688,2729,1375,1061,239,33,5,2713,16,959
경기도,파주시,운정6동,운정6동제5투,2048,1437,713,544,156,14,1,1428,9,611
경기도,파주시,금촌1동,관내사전투표,5030,5030,3243,1350,360,34,6,4993,37,0
경기도,파주시,금촌1동,금촌1동제1투,3344,1988,732,1061,156,15,3,1967,21,1356
경기도,파주시,금촌1동,금촌1동제2투,1612,853,305,484,54,4,0,847,6,759
경기도,파주시,금촌1동,금촌1동제3투,2542,1487,571,813,83,12,2,1481,6,1055
경기도,파주시,금촌1동,금촌1동제4투,2746,1476,664,645,129,15,0,1453,23,1270
경기도,파주시,금촌1동,금촌1동제5투,3249,1981,841,1010,93,18,2,1964,17,1268
경기도,파주시,금촌2동,관내사전투표,7737,7737,5325,1753,539,75,9,7701,36,0
경기도,파주시,금촌2동,금촌2동제1투,3222,2120,989,922,172,20,2,2105,15,1102
경기도,파주시,금촌2동,금촌2동제2투,4334,2954,1423,1286,200,22,8,2939,15,1380
경기도,파주시,금촌2동,금촌2동제3투,3431,2179,921,1109,115,18,4,2167,12,1252
경기도,파주시,금촌2동,금촌2동제4투,2791,2040,998,848,154,22,6,2028,12,751
경기도,파주시,금촌2동,금촌2동제5투,3236,2441,1139,1031,226,25,1,2422,19,795
경기도,파주시,금촌3동,관내사전투표,5062,5062,3512,1191,291,39,0,5033,29,0
경기도,파주시,금촌3동,금촌3동제1투,3441,2028,873,962,143,28,3,2009,19,1413
경기도,파주시,금촌3동,금촌3동제2투,2638,1586,631,789,138,14,2,1574,12,1052
경기도,파주시,금촌3동,금촌3동제3투,2787,1888,915,802,141,20,2,1880,8,899
경기도,파주시,금촌3동,금촌3동제4투,3095,2048,976,909,123,16,4,2028,20,1047
경기도,파주시,금촌3동,금촌3동제5투,2215,1411,628,679,78,14,2,1401,10,804
경기도,여주시,거소·선상투표,,163,150,45,47,28,3,0,123,27,13
경기도,여주시,관외사전투표,,8413,8411,4392,2857,986,78,10,8323,88,2
경기도,여주시,재외투표,,462,390,283,67,33,7,0,390,0,72
경기도,여주시,가남읍,관내사전투표,2916,2916,1819,876,184,19,5,2903,13,0
경기도,여주시,가남읍,가남읍제1투,2005,1076,369,630,61,5,1,1066,10,929
경기도,여주시,가남읍,가남읍제2투,1386,909,268,596,28,6,0,898,11,477
경기도,여주시,가남읍,가남읍제3투,788,529,156,342,24,0,2,524,5,259
경기도,여주시,가남읍,가남읍제4투,384,258,73,170,9,3,0,255,3,126
경기도,여주시,가남읍,가남읍제5투,2413,1453,596,754,89,10,2,1451,2,960
경기도,여주시,가남읍,가남읍제6투,1676,973,374,543,46,7,0,970,3,703
경기도,여주시,점동면,관내사전투표,1721,1721,967,621,98,16,0,1702,19,0
경기도,여주시,점동면,점동면제1투,1817,1153,316,782,44,3,2,1147,6,664
경기도,여주시,점동면,점동면제2투,542,386,113,264,9,0,0,386,0,156
경기도,여주시,점동면,점동면제3투,460,337,90,233,11,0,1,335,2,123
경기도,여주시,세종대왕면,관내사전투표,1282,1282,708,479,74,8,4,1273,9,0
경기도,여주시,세종대왕면,세종대왕면제1투,1375,838,226,573,31,5,0,835,3,537
경기도,여주시,세종대왕면,세종대왕면제2투,1363,930,256,624,27,13,2,922,8,433
경기도,여주시,세종대왕면,세종대왕면제3투,831,564,168,384,9,1,1,563,1,267
경기도,여주시,흥천면,관내사전투표,990,990,521,403,50,11,0,985,5,0
경기도,여주시,흥천면,흥천면제1투,1595,1061,303,703,47,5,0,1058,3,534
경기도,여주시,흥천면,흥천면제2투,1330,916,206,669,36,4,0,915,1,414
경기도,여주시,금사면,관내사전투표,759,759,362,359,29,4,1,755,4,0
경기도,여주시,금사면,금사면제1투,1055,686,135,525,23,3,0,686,0,369
경기도,여주시,금사면,금사면제2투,629,431,99,320,8,0,0,427,4,198
경기도,여주시,산북면,관내사전투표,652,652,361,260,23,6,0,650,2,0
경기도,여주시,산북면,산북면투표소,1387,884,223,611,40,5,0,879,5,503
경기도,여주시,대신면,관내사전투표,1409,1409,701,604,80,7,4,1396,13,0
경기도,여주시,대신면,대신면제1투,1371,871,195,638,20,7,1,861,10,500
경기도,여주시,대신면,대신면제2투,1269,831,254,538,30,2,2,826,5,438
경기도,여주시,대신면,대신면제3투,835,559,150,385,20,2,0,557,2,276
경기도,여주시,대신면,대신면제4투,579,371,101,245,17,1,2,366,5,208
경기도,여주시,북내면,관내사전투표,1256,1256,702,479,65,6,0,1252,4,0
경기도,여주시,북내면,북내면제1투,1642,1056,266,730,45,5,2,1048,8,586
경기도,여주시,북내면,북내면제2투,721,473,114,344,11,1,1,471,2,248
경기도,여주시,북내면,북내면제3투,351,252,63,177,6,1,1,248,4,99
경기도,여주시,강천면,관내사전투표,1230,1230,758,388,69,11,1,1227,3,0
경기도,여주시,강천면,강천면제1투,769,490,141,318,17,10,1,487,3,279
경기도,여주시,강천면,강천면제2투,727,479,148,316,8,1,1,474,5,248
경기도,여주시,강천면,강천면제3투,514,309,94,177,21,6,0,298,11,205
경기도,여주시,강천면,강천면제4투,597,399,104,261,24,4,0,393,6,198
경기도,여주시,여흥동,관내사전투표,5001,5001,2952,1617,324,57,7,4957,44,0
경기도,여주시,여흥동,여흥동제1투,1485,778,240,479,49,5,1,774,4,707
경기도,여주시,여흥동,여흥동제2투,1867,1280,516,686,69,5,0,1276,4,587
경기도,여주시,여흥동,여흥동제3투,1770,1076,325,685,47,12,0,1069,7,694
경기도,여주시,여흥동,여흥동제4투,1535,1086,369,644,55,13,2,1083,3,449
경기도,여주시,여흥동,여흥동제5투,4015,2264,920,1162,143,22,4,2251,13,1751
경기도,여주시,여흥동,여흥동제6투,1662,1109,394,645,60,7,0,1106,3,553
경기도,여주시,중앙동,관내사전투표,4669,4669,2807,1519,269,40,5,4640,29,0
경기도,여주시,중앙동,중앙동제1투,1677,926,278,594,43,7,1,923,3,751
경기도,여주시,중앙동,중앙동제2투,3370,2096,825,1119,121,17,3,2085,11,1274
경기도,여주시,중앙동,중앙동제3투,3637,2461,1088,1141,184,26,4,2443,18,1176
경기도,여주시,중앙동,중앙동제4투,2124,1229,416,706,88,10,3,1223,6,895
경기도,여주시,중앙동,중앙동제5투,2658,1886,847,844,159,20,2,1872,14,772
경기도,여주시,오학동,관내사전투표,5053,5053,3230,1457,293,43,6,5029,24,0
경기도,여주시,오학동,오학동제1투,2930,1761,656,978,107,10,1,1752,9,1169
경기도,여주시,오학동,오학동제2투,2999,1779,752,887,109,18,1,1767,12,1220
경기도,여주시,오학동,오학동제3투,3285,1913,728,1025,119,26,2,1900,13,1372
경기도,이천시,거소·선상투표,,455,432,142,111,63,11,12,339,93,23
경기도,이천시,관외사전투표,,14828,14827,7742,4438,2288,162,20,14650,177,1
경기도,이천시,재외투표,,797,639,419,133,78,7,0,637,2,158
경기도,이천시,장호원읍,관내사전투표,3130,3130,1823,1043,219,21,7,3113,17,0
경기도,이천시,장호원읍,장호원읍제1투,1677,1035,356,615,52,5,2,1030,5,642
경기도,이천시,장호원읍,장호원읍제2투,1406,876,298,521,42,10,1,872,4,530
경기도,이천시,장호원읍,장호원읍제3투,740,490,130,340,14,1,1,486,4,250
경기도,이천시,장호원읍,장호원읍제4투,717,489,128,340,15,3,0,486,3,228
경기도,이천시,장호원읍,장호원읍제5투,862,560,173,336,43,2,1,555,5,302
경기도,이천시,장호원읍,장호원읍제6투,405,249,76,156,11,3,2,248,1,156
경기도,이천시,장호원읍,장호원읍제7투,2445,1563,622,818,102,13,1,1556,7,882
경기도,이천시,부발읍,관내사전투표,5628,5628,3681,1479,393,42,8,5603,25,0
경기도,이천시,부발읍,부발읍제1투,3655,2182,858,1171,113,19,7,2168,14,1473
경기도,이천시,부발읍,부발읍제2투,2391,1432,510,787,112,10,3,1422,10,959
경기도,이천시,부발읍,부발읍제3투,398,270,72,179,18,1,0,270,0,128
경기도,이천시,부발읍,부발읍제4투,2566,1745,785,822,113,12,0,1732,13,821
경기도,이천시,부발읍,부발읍제5투,3284,2021,841,992,140,24,3,2000,21,1263
경기도,이천시,부발읍,부발읍제6투,3533,2409,1115,969,288,21,3,2396,13,1124
경기도,이천시,부발읍,부발읍제7투,1150,867,346,354,154,8,1,863,4,283
경기도,이천시,부발읍,부발읍제8투,2424,1550,655,777,96,8,2,1538,12,874
경기도,이천시,부발읍,부발읍제9투,2412,1927,1150,619,142,11,0,1922,5,485
경기도,이천시,신둔면,관내사전투표,3404,3404,2211,909,245,19,4,3388,16,0
경기도,이천시,신둔면,신둔면제1투,2848,1710,639,944,96,18,1,1698,12,1138
경기도,이천시,신둔면,신둔면제2투,3378,2267,844,1277,124,9,3,2257,10,1111
경기도,이천시,신둔면,신둔면제3투,1811,1215,409,721,69,7,1,1207,8,596
경기도,이천시,백사면,관내사전투표,2220,2220,1410,679,101,17,1,2208,12,0
경기도,이천시,백사면,백사면제1투,2915,1825,585,1115,96,16,2,1814,11,1090
경기도,이천시,백사면,백사면제2투,4292,2762,1141,1407,165,19,6,2738,24,1530
경기도,이천시,호법면,관내사전투표,1681,1681,976,593,98,6,0,1673,8,0
경기도,이천시,호법면,호법면제1투,2535,1511,455,962,70,13,2,1502,9,1024
경기도,이천시,호법면,호법면제2투,808,570,135,400,24,1,2,562,8,238
경기도,이천시,마장면,관내사전투표,4222,4222,2514,1209,418,39,6,4186,36,0
경기도,이천시,마장면,마장면제1투,3864,2405,783,1361,218,16,3,2381,24,1459
경기도,이천시,마장면,마장면제2투,3163,1936,721,1021,157,24,1,1924,12,1227
경기도,이천시,마장면,마장면제3투,1321,810,232,520,45,7,0,804,6,511
경기도,이천시,대월면,관내사전투표,4539,4539,2682,1172,627,23,5,4509,30,0
경기도,이천시,대월면,대월면제1투,2204,1343,513,745,69,10,1,1338,5,861
경기도,이천시,대월면,대월면제2투,788,508,133,352,15,3,1,504,4,280
경기도,이천시,대월면,대월면제3투,3911,2401,1022,1064,277,19,4,2386,15,1510
경기도,이천시,대월면,대월면제4투,1840,1063,480,441,122,9,1,1053,10,777
경기도,이천시,모가면,관내사전투표,1511,1511,823,550,110,13,1,1497,14,0
경기도,이천시,모가면,모가면제1투,1530,970,235,669,53,5,3,965,5,560
경기도,이천시,모가면,모가면제2투,1017,654,151,482,13,0,0,646,8,363
경기도,이천시,설성면,관내사전투표,893,893,433,391,54,6,0,884,9,0
경기도,이천시,설성면,설성면제1투,967,624,151,443,20,6,2,622,2,343
경기도,이천시,설성면,설성면제2투,703,480,111,333,21,4,1,470,10,223
경기도,이천시,설성면,설성면제3투,998,627,174,415,29,5,1,624,3,371
경기도,이천시,율면,관내사전투표,851,851,471,315,49,8,1,844,7,0
경기도,이천시,율면,율면투표소,1427,863,241,585,23,8,2,859,4,564
경기도,이천시,창전동,관내사전투표,4854,4854,2924,1416,435,45,7,4827,27,0
경기도,이천시,창전동,창전동제1투,2555,1498,501,851,124,9,3,1488,10,1057
경기도,이천시,창전동,창전동제2투,1972,1146,387,685,61,7,3,1143,3,826
경기도,이천시,창전동,창전동제3투,1701,891,253,551,62,12,2,880,11,810
경기도,이천시,창전동,창전동제4투,1849,1171,421,643,86,8,3,1161,10,678
경기도,이천시,창전동,창전동제5투,1760,1096,385,611,85,7,4,1092,4,664
경기도,이천시,증포동,관내사전투표,8411,8411,5697,2053,548,69,4,8371,40,0
경기도,이천시,증포동,증포동제1투,2982,1938,775,922,204,15,6,1922,16,1044
경기도,이천시,증포동,증포동제2투,2271,1412,551,757,80,10,3,1401,11,859
경기도,이천시,증포동,증포동제3투,3080,1956,866,880,178,14,1,1939,17,1124
경기도,이천시,증포동,증포동제4투,1943,1277,608,561,84,12,3,1268,9,666
경기도,이천시,증포동,증포동제5투,3590,2427,1066,1070,236,29,3,2404,23,1163
경기도,이천시,증포동,증포동제6투,2245,1549,596,822,106,12,1,1537,12,696
경기도,이천시,증포동,증포동제7투,3584,2454,1204,1041,169,27,2,2443,11,1130
경기도,이천시,증포동,증포동제8투,3588,2382,1141,1010,200,22,2,2375,7,1206
경기도,이천시,증포동,증포동제9투,2817,2073,1004,869,162,24,2,2061,12,744
경기도,이천시,증포동,증포동제10투,2238,1622,745,714,135,16,1,1611,11,616
경기도,이천시,중리동,관내사전투표,4475,4475,2407,1570,422,33,2,4434,41,0
경기도,이천시,중리동,중리동제1투,1610,895,259,564,60,7,1,891,4,715
경기도,이천시,중리동,중리동제2투,2483,1456,454,861,117,13,0,1445,11,1027
경기도,이천시,중리동,중리동제3투,2502,1628,409,1010,195,8,0,1622,6,874
경기도,이천시,중리동,중리동제4투,2243,1468,449,905,101,5,2,1462,6,775
경기도,이천시,관고동,관내사전투표,3652,3652,2226,1116,255,26,6,3629,23,0
경기도,이천시,관고동,관고동제1투,2620,1642,609,889,119,14,2,1633,9,978
경기도,이천시,관고동,관고동제2투,1758,1089,328,682,64,5,1,1080,9,669
경기도,이천시,관고동,관고동제3투,2008,1074,385,601,80,2,1,1069,5,934
경기도,용인시처인구,거소·선상투표,,432,419,184,123,98,3,3,411,8,13
경기도,용인시처인구,관외사전투표,,23416,23415,13821,6193,2951,221,31,23217,198,1
경기도,용인시처인구,재외투표,,1171,981,638,219,96,19,0,972,9,190
경기도,용인시처인구,포곡읍,관내사전투표,6864,6864,4728,1513,531,43,10,6825,39,0
경기도,용인시처인구,포곡읍,포곡읍제1투,2455,1398,557,720,92,17,2,1388,10,1057
경기도,용인시처인구,포곡읍,포곡읍제2투,1268,918,400,449,56,5,3,913,5,350
경기도,용인시처인구,포곡읍,포곡읍제3투,1674,1128,413,616,79,10,1,1119,9,546
경기도,용인시처인구,포곡읍,포곡읍제4투,3600,2265,1019,1020,184,17,3,2243,22,1335
경기도,용인시처인구,포곡읍,포곡읍제5투,576,393,83,297,12,1,0,393,0,183
경기도,용인시처인구,포곡읍,포곡읍제6투,2793,1797,834,776,153,18,3,1784,13,996
경기도,용인시처인구,포곡읍,포곡읍제7투,3260,1953,962,849,113,17,2,1943,10,1307
경기도,용인시처인구,포곡읍,포곡읍제8투,3204,2322,1089,967,218,22,6,2302,20,882
경기도,용인시처인구,모현읍,관내사전투표,4889,4889,3298,1214,323,29,2,4866,23,0
경기도,용인시처인구,모현읍,모현읍제1투,2907,1858,857,833,145,11,2,1848,10,1049
경기도,용인시처인구,모현읍,모현읍제2투,1594,1013,319,636,46,6,0,1007,6,581
경기도,용인시처인구,모현읍,모현읍제3투,3048,2060,935,976,119,21,2,2053,7,988
경기도,용인시처인구,모현읍,모현읍제4투,2475,1524,561,850,89,13,1,1514,10,951
경기도,용인시처인구,모현읍,모현읍제5투,2288,1402,567,700,122,6,1,1396,6,886
경기도,용인시처인구,모현읍,모현읍제6투,2683,1713,752,836,96,16,1,1701,12,970
경기도,용인시처인구,모현읍,모현읍제7투,4019,3065,1501,1218,314,17,2,3052,13,954
경기도,용인시처인구,이동읍,관내사전투표,3694,3694,2472,945,228,31,1,3677,17,0
경기도,용인시처인구,이동읍,이동읍제1투,2601,1639,639,882,88,15,4,1628,11,962
경기도,용인시처인구,이동읍,이동읍제2투,555,363,89,257,11,2,0,359,4,192
경기도,용인시처인구,이동읍,이동읍제3투,832,537,151,350,23,7,1,532,5,295
경기도,용인시처인구,이동읍,이동읍제4투,3982,2437,978,1270,154,11,3,2416,21,1545
경기도,용인시처인구,이동읍,이동읍제5투,3780,2290,1047,1062,148,12,2,2271,19,1490
경기도,용인시처인구,남사읍,관내사전투표,2603,2603,1697,731,147,14,0,2589,14,0
경기도,용인시처인구,남사읍,남사읍제1투,1067,671,167,465,31,5,1,669,2,396
경기도,용인시처인구,남사읍,남사읍제2투,591,389,115,251,19,1,0,386,3,202
경기도,용인시처인구,남사읍,남사읍제3투,1004,719,237,446,27,2,2,714,5,285
경기도,용인시처인구,남사읍,남사읍제4투,918,600,171,397,28,3,0,599,1,318
경기도,용인시처인구,남사읍,남사읍제5투,3759,2721,1356,1168,164,22,0,2710,11,1038
경기도,용인시처인구,남사읍,남사읍제6투,3214,2419,1106,1095,188,18,3,2410,9,795
경기도,용인시처인구,남사읍,남사읍제7투,2659,2104,1089,846,146,12,2,2095,9,555
경기도,용인시처인구,원삼면,관내사전투표,1941,1941,1137,650,118,11,2,1918,23,0
경기도,용인시처인구,원삼면,원삼면제1투,1353,808,171,607,24,3,0,805,3,545
경기도,용인시처인구,원삼면,원삼면제2투,980,647,163,455,23,4,1,646,1,333
경기도,용인시처인구,원삼면,원삼면제3투,1567,1032,335,638,42,9,0,1024,8,535
경기도,용인시처인구,원삼면,원삼면제4투,608,362,89,265,3,3,0,360,2,246
경기도,용인시처인구,백암면,관내사전투표,2353,2353,1306,840,168,16,1,2331,22,0
경기도,용인시처인구,백암면,백암면제1투,1200,710,187,480,31,3,2,703,7,490
경기도,용인시처인구,백암면,백암면제2투,722,485,136,323,23,2,1,485,0,237
경기도,용인시처인구,백암면,백암면제3투,819,511,137,337,30,3,0,507,4,308
경기도,용인시처인구,백암면,백암면제4투,1106,621,193,381,31,9,1,615,6,485
경기도,용인시처인구,백암면,백암면제5투,1025,601,221,339,32,3,1,596,5,424
경기도,용인시처인구,양지면,관내사전투표,4485,4485,2837,1265,299,38,5,4444,41,0
경기도,용인시처인구,양지면,양지면제1투,3507,2064,752,1115,163,22,1,2053,11,1443
경기도,용인시처인구,양지면,양지면제2투,2535,1622,562,946,96,10,0,1614,8,913
경기도,용인시처인구,양지면,양지면제3투,1546,1067,372,615,64,5,2,1058,9,479
경기도,용인시처인구,양지면,양지면제4투,2359,1284,534,629,102,7,2,1274,10,1075
경기도,용인시처인구,양지면,양지면제5투,1730,1046,492,458,83,9,1,1043,3,684
경기도,용인시처인구,중앙동,관내사전투표,6246,6246,3793,1832,529,43,11,6208,38,0
경기도,용인시처인구,중앙동,중앙동제1투,3215,2040,792,1029,179,15,5,2020,20,1175
경기도,용인시처인구,중앙동,중앙동제2투,1744,1187,515,493,151,14,1,1174,13,557
경기도,용인시처인구,중앙동,중앙동제3투,2293,1509,530,856,97,17,2,1502,7,784
경기도,용인시처인구,중앙동,중앙동제4투,1667,1047,417,528,84,8,3,1040,7,620
경기도,용인시처인구,중앙동,중앙동제5투,4514,2635,896,1447,248,16,4,2611,24,1879
경기도,용인시처인구,중앙동,중앙동제6투,2344,1719,680,889,123,13,3,1708,11,625
경기도,용인시처인구,역북동,관내사전투표,8509,8509,5303,2049,1010,77,7,8446,63,0
경기도,용인시처인구,역북동,역북동제1투,1784,1065,379,524,139,12,2,1056,9,719
경기도,용인시처인구,역북동,역북동제2투,3922,2492,1130,1137,182,21,3,2473,19,1430
경기도,용인시처인구,역북동,역북동제3투,4726,2990,1124,1529,283,35,5,2976,14,1736
경기도,용인시처인구,역북동,역북동제4투,2623,1636,549,841,218,16,1,1625,11,987
경기도,용인시처인구,역북동,역북동제5투,2550,1943,932,795,193,11,3,1934,9,607
경기도,용인시처인구,역북동,역북동제6투,2590,1902,831,841,200,12,5,1889,13,688
경기도,용인시처인구,삼가동,관내사전투표,2244,2244,1467,567,163,25,4,2226,18,0
경기도,용인시처인구,삼가동,삼가동제1투,2277,1627,611,857,138,13,1,1620,7,650
경기도,용인시처인구,삼가동,삼가동제2투,2649,1929,773,985,134,23,1,1916,13,720
경기도,용인시처인구,삼가동,삼가동제3투,2229,1665,747,728,163,16,1,1655,10,564
경기도,용인시처인구,유림동,관내사전투표,6684,6684,4711,1411,474,54,2,6652,32,0
경기도,용인시처인구,유림동,유림동제1투,1926,1011,369,559,68,11,0,1007,4,915
경기도,용인시처인구,유림동,유림동제2투,2960,2037,953,899,147,18,2,2019,18,923
경기도,용인시처인구,유림동,유림동제3투,4301,2908,1378,1238,235,31,9,2891,17,1393
경기도,용인시처인구,유림동,유림동제4투,3692,2188,1021,932,191,18,5,2167,21,1504
경기도,용인시처인구,유림동,유림동제5투,4113,3094,1605,1131,306,25,4,3071,23,1019
경기도,용인시처인구,유림동,유림동제6투,3173,2196,1097,887,168,34,3,2189,7,977
경기도,용인시처인구,유림동,유림동제7투,5296,3929,2028,1427,417,33,4,3909,20,1367
경기도,용인시처인구,유림동,유림동제8투,1760,1111,489,536,68,9,1,1103,8,649
경기도,용인시처인구,유림동,유림동제9투,2388,1711,836,692,155,12,3,1698,13,677
경기도,용인시처인구,동부동,관내사전투표,3465,3465,2164,1004,247,25,2,3442,23,0
경기도,용인시처인구,동부동,동부동제1투,2811,1715,614,946,135,8,6,1709,6,1096
경기도,용인시처인구,동부동,동부동제2투,3349,2116,789,1108,166,20,8,2091,25,1233
경기도,용인시처인구,동부동,동부동제3투,1259,880,291,525,41,11,2,870,10,379
경기도,용인시수지구,거소·선상투표,,318,301,95,133,62,2,1,293,8,17
경기도,용인시수지구,관외사전투표,,35212,35203,20850,8639,5028,374,30,34921,282,9
경기도,용인시수지구,재외투표,,4030,3319,2222,738,301,41,1,3303,16,711
경기도,용인시수지구,풍덕천1동,관내사전투표,7655,7655,4986,1824,726,61,4,7601,54,0
경기도,용인시수지구,풍덕천1동,풍덕천1동제1투,3238,1988,635,970,339,25,1,1970,18,1250
경기도,용인시수지구,풍덕천1동,풍덕천1동제2투,2239,1517,492,832,171,8,2,1505,12,722
경기도,용인시수지구,풍덕천1동,풍덕천1동제3투,2117,1608,696,710,171,23,0,1600,8,509
경기도,용인시수지구,풍덕천1동,풍덕천1동제4투,2567,1996,775,989,198,16,1,1979,17,571
경기도,용인시수지구,풍덕천1동,풍덕천1동제5투,2284,1749,651,867,194,22,3,1737,12,535
경기도,용인시수지구,풍덕천1동,풍덕천1동제6투,2755,2159,650,1324,153,21,2,2150,9,596
경기도,용인시수지구,풍덕천1동,풍덕천1동제7투,2363,1863,741,915,176,18,0,1850,13,500
경기도,용인시수지구,풍덕천1동,풍덕천1동제8투,1746,1408,572,662,142,19,1,1396,12,338
경기도,용인시수지구,풍덕천2동,관내사전투표,7624,7624,5172,1602,730,74,2,7580,44,0
경기도,용인시수지구,풍덕천2동,풍덕천2동제1투,2033,1628,702,741,152,20,1,1616,12,405
경기도,용인시수지구,풍덕천2동,풍덕천2동제2투,2269,1531,499,796,200,18,1,1514,17,738
경기도,용인시수지구,풍덕천2동,풍덕천2동제3투,2572,2069,837,987,215,21,0,2060,9,503
경기도,용인시수지구,풍덕천2동,풍덕천2동제4투,2167,1502,564,681,227,14,1,1487,15,665
경기도,용인시수지구,풍덕천2동,풍덕천2동제5투,2413,1912,715,902,264,14,3,1898,14,501
경기도,용인시수지구,풍덕천2동,풍덕천2동제6투,2476,2061,998,832,199,19,0,2048,13,415
경기도,용인시수지구,풍덕천2동,풍덕천2동제7투,1889,1494,651,687,137,7,0,1482,12,395
경기도,용인시수지구,풍덕천2동,풍덕천2동제8투,3275,2569,963,1379,195,19,1,2557,12,706
경기도,용인시수지구,풍덕천2동,풍덕천2동제9투,2379,1926,953,750,195,19,0,1917,9,453
경기도,용인시수지구,신봉동,관내사전투표,6877,6877,4657,1664,465,55,1,6842,35,0
경기도,용인시수지구,신봉동,신봉동제1투,1556,1200,460,574,141,15,2,1192,8,356
경기도,용인시수지구,신봉동,신봉동제2투,2103,1628,660,805,144,9,4,1622,6,475
경기도,용인시수지구,신봉동,신봉동제3투,3519,2767,1068,1433,220,27,3,2751,16,752
경기도,용인시수지구,신봉동,신봉동제4투,2924,2209,746,1266,163,13,3,2191,18,715
경기도,용인시수지구,신봉동,신봉동제5투,4069,2971,954,1755,219,29,3,2960,11,1098
경기도,용인시수지구,신봉동,신봉동제6투,4538,3480,1362,1791,279,27,4,3463,17,1058
경기도,용인시수지구,신봉동,신봉동제7투,4305,3243,1064,1921,214,27,1,3227,16,1062
경기도,용인시수지구,죽전1동,관내사전투표,6870,6870,4550,1699,534,52,6,6841,29,0
경기도,용인시수지구,죽전1동,죽전1동제1투,3498,2586,793,1552,190,38,0,2573,13,912
경기도,용인시수지구,죽전1동,죽전1동제2투,2967,2251,938,1113,167,17,1,2236,15,716
경기도,용인시수지구,죽전1동,죽전1동제3투,2924,2206,799,1175,186,35,1,2196,10,718
경기도,용인시수지구,죽전1동,죽전1동제4투,3129,2309,820,1279,181,15,1,2296,13,820
경기도,용인시수지구,죽전1동,죽전1동제5투,2827,2070,848,1006,186,19,3,2062,8,757
경기도,용인시수지구,죽전2동,관내사전투표,2400,2400,1518,567,265,30,3,2383,17,0
경기도,용인시수지구,죽전2동,죽전2동제1투,2948,2111,748,1079,244,20,3,2094,17,837
경기도,용인시수지구,죽전2동,죽전2동제2투,2467,1831,635,968,198,19,1,1821,10,636
경기도,용인시수지구,죽전2동,죽전2동제3투,2378,1856,686,966,183,15,1,1851,5,522
경기도,용인시수지구,죽전2동,죽전2동제4투,2311,1836,750,848,206,15,2,1821,15,475
경기도,용인시수지구,죽전3동,관내사전투표,3513,3513,2316,824,322,34,0,3496,17,0
경기도,용인시수지구,죽전3동,죽전3동제1투,2581,1735,594,918,186,17,2,1717,18,846
경기도,용인시수지구,죽전3동,죽전3동제2투,2484,1840,631,1025,163,12,2,1833,7,644
경기도,용인시수지구,죽전3동,죽전3동제3투,2954,2239,946,1096,169,21,0,2232,7,715
경기도,용인시수지구,죽전3동,죽전3동제4투,2898,2210,874,1130,186,10,0,2200,10,688
경기도,용인시수지구,죽전3동,죽전3동제5투,2962,2164,812,1050,259,25,5,2151,13,798
경기도,용인시수지구,동천동,관내사전투표,9161,9161,6027,2214,784,90,10,9125,36,0
경기도,용인시수지구,동천동,동천동제1투,3236,2232,749,1159,286,25,0,2219,13,1004
경기도,용인시수지구,동천동,동천동제2투,2372,1775,569,1041,133,22,0,1765,10,597
경기도,용인시수지구,동천동,동천동제3투,2720,2173,840,1113,188,20,1,2162,11,547
경기도,용인시수지구,동천동,동천동제4투,2617,1923,791,874,212,27,4,1908,15,694
경기도,용인시수지구,동천동,동천동제5투,2369,1780,650,1001,96,24,1,1772,8,589
경기도,용인시수지구,동천동,동천동제6투,2406,1821,602,1055,136,18,0,1811,10,585
경기도,용인시수지구,동천동,동천동제7투,3319,2443,877,1360,170,25,1,2433,10,876
경기도,용인시수지구,동천동,동천동제8투,3261,2587,852,1493,201,22,1,2569,18,674
경기도,용인시수지구,동천동,동천동제9투,2075,1655,637,864,127,17,0,1645,10,420
경기도,용인시수지구,동천동,동천동제10투,2057,1635,737,741,127,17,3,1625,10,422
경기도,용인시수지구,상현1동,관내사전투표,3667,3667,2513,845,272,26,0,3656,11,0
경기도,용인시수지구,상현1동,상현1동제1투,2688,2043,652,1195,159,24,2,2032,11,645
경기도,용인시수지구,상현1동,상현1동제2투,2868,2222,871,1068,247,20,1,2207,15,646
경기도,용인시수지구,상현1동,상현1동제3투,2696,2165,906,1028,196,21,1,2152,13,531
경기도,용인시수지구,상현1동,상현1동제4투,2548,1846,615,1066,146,11,0,1838,8,702
경기도,용인시수지구,상현2동,관내사전투표,6927,6927,4582,1705,553,55,0,6895,32,0
경기도,용인시수지구,상현2동,상현2동제1투,2784,2000,694,1107,175,15,0,1991,9,784
경기도,용인시수지구,상현2동,상현2동제2투,2705,2069,718,1179,137,20,2,2056,13,636
경기도,용인시수지구,상현2동,상현2동제3투,2658,1886,661,1025,173,18,1,1878,8,772
경기도,용인시수지구,상현2동,상현2동제4투,3329,2557,1020,1303,196,18,3,2540,17,772
경기도,용인시수지구,상현2동,상현2동제5투,2615,2061,774,1090,170,15,0,2049,12,554
경기도,용인시수지구,상현2동,상현2동제6투,2971,2391,1001,1152,201,20,0,2374,17,580
경기도,용인시수지구,상현3동,관내사전투표,5404,5404,3589,1210,518,53,4,5374,30,0
경기도,용인시수지구,상현3동,상현3동제1투,1974,1479,512,809,137,13,0,1471,8,495
경기도,용인시수지구,상현3동,상현3동제2투,3051,2385,763,1403,190,20,2,2378,7,666
경기도,용인시수지구,상현3동,상현3동제3투,1973,1555,542,859,128,19,1,1549,6,418
경기도,용인시수지구,상현3동,상현3동제4투,2795,1947,710,861,313,33,3,1920,27,848
경기도,용인시수지구,상현3동,상현3동제5투,2062,1469,595,745,110,13,0,1463,6,593
경기도,용인시수지구,상현3동,상현3동제6투,2126,1698,698,789,177,21,0,1685,13,428
경기도,용인시수지구,성복동,관내사전투표,7153,7153,4515,2104,450,48,6,7123,30,0
경기도,용인시수지구,성복동,성복동제1투,2904,2293,602,1500,161,12,0,2275,18,611
경기도,용인시수지구,성복동,성복동제2투,3302,2644,642,1801,171,19,1,2634,10,658
경기도,용인시수지구,성복동,성복동제3투,2220,1578,305,1171,86,8,0,1570,8,642
경기도,용인시수지구,성복동,성복동제4투,1594,1180,371,706,91,7,0,1175,5,414
경기도,용인시수지구,성복동,성복동제5투,2394,1792,360,1334,85,7,0,1786,6,602
경기도,용인시수지구,성복동,성복동제6투,3472,2617,773,1633,185,13,0,2604,13,855
경기도,용인시수지구,성복동,성복동제7투,2898,2241,722,1303,186,17,1,2229,12,657
경기도,용인시수지구,성복동,성복동제8투,3394,2193,608,1422,138,17,2,2187,6,1201
경기도,용인시수지구,성복동,성복동제9투,4479,3617,1516,1711,340,35,2,3604,13,862
경기도,용인시수지구,성복동,성복동제10투,2096,1565,385,1050,110,9,1,1555,10,531
경기도,용인시수지구,성복동,성복동제11투,2749,2277,939,1109,203,13,2,2266,11,472
광주광역시,동구,거소·선상투표,,268,261,192,32,26,2,0,252,9,7
광주광역시,동구,관외사전투표,,17402,17398,14617,981,1504,182,15,17299,99,4
광주광역시,동구,재외투표,,432,368,308,29,21,9,0,367,1,64
광주광역시,동구,충장동,관내사전투표,1929,1929,1641,117,140,21,2,1921,8,0
광주광역시,동구,충장동,충장동제1투,1203,632,430,119,71,2,1,623,9,571
광주광역시,동구,충장동,충장동제2투,1373,730,419,173,114,11,1,718,12,643
광주광역시,동구,동명동,관내사전투표,1441,1441,1197,94,121,18,0,1430,11,0
광주광역시,동구,동명동,동명동제1투,769,380,234,87,49,4,0,374,6,389
광주광역시,동구,동명동,동명동제2투,767,437,322,62,37,12,2,435,2,330
광주광역시,동구,계림1동,관내사전투표,2733,2733,2463,131,108,18,1,2721,12,0
광주광역시,동구,계림1동,계림1동제1투,1051,494,378,78,29,5,1,491,3,557
광주광역시,동구,계림1동,계림1동제2투,1064,554,416,95,34,1,0,546,8,510
광주광역시,동구,계림1동,계림1동제3투,2205,1727,1283,247,164,21,1,1716,11,478
광주광역시,동구,계림2동,관내사전투표,3972,3972,3558,215,150,26,3,3952,20,0
광주광역시,동구,계림2동,계림2동제1투,1779,1224,906,202,96,11,1,1216,8,555
광주광역시,동구,계림2동,계림2동제2투,1894,1491,1138,200,129,15,1,1483,8,403
광주광역시,동구,계림2동,계림2동제3투,1152,861,642,157,43,15,2,859,2,291
광주광역시,동구,산수1동,관내사전투표,2476,2476,2226,129,97,18,0,2470,6,0
광주광역시,동구,산수1동,산수1동제1투,974,605,470,86,33,11,1,601,4,369
광주광역시,동구,산수1동,산수1동제2투,1075,595,490,68,25,8,1,592,3,480
광주광역시,동구,산수1동,산수1동제3투,949,622,443,117,45,11,1,617,5,327
광주광역시,동구,산수2동,관내사전투표,2713,2713,2457,137,80,22,1,2697,16,0
광주광역시,동구,산수2동,산수2동제1투,777,402,308,62,23,4,1,398,4,375
광주광역시,동구,산수2동,산수2동제2투,1169,834,657,108,47,15,1,828,6,335
광주광역시,동구,산수2동,산수2동제3투,840,581,463,76,33,2,2,576,5,259
광주광역시,동구,산수2동,산수2동제4투,1022,784,579,164,34,6,0,783,1,238
광주광역시,동구,지산1동,관내사전투표,1639,1639,1367,127,117,18,3,1632,7,0
광주광역시,동구,지산1동,지산1동투표소,1522,803,504,190,90,6,4,794,9,719
광주광역시,동구,지산2동,관내사전투표,1147,1147,1005,70,55,9,0,1139,8,0
광주광역시,동구,지산2동,지산2동제1투,1226,685,450,164,59,2,1,676,9,541
광주광역시,동구,지산2동,지산2동제2투,447,221,156,40,19,4,0,219,2,226
광주광역시,동구,서남동,관내사전투표,1715,1715,1348,131,199,17,2,1697,18,0
광주광역시,동구,서남동,서남동투표소,1303,647,409,125,91,10,2,637,10,656
광주광역시,동구,학동,관내사전투표,2254,2254,1885,161,188,12,0,2246,8,0
광주광역시,동구,학동,학동제1투,1328,1040,847,111,69,12,0,1039,1,288
광주광역시,동구,학동,학동제2투,1309,826,494,215,104,7,0,820,6,483
광주광역시,동구,학운동,관내사전투표,4363,4363,3902,276,148,20,2,4348,15,0
광주광역시,동구,학운동,학운동제1투,871,466,312,110,37,3,0,462,4,405
광주광역시,동구,학운동,학운동제2투,1307,855,575,204,60,8,0,847,8,452
광주광역시,동구,학운동,학운동제3투,875,626,464,117,31,8,0,620,6,249
광주광역시,동구,학운동,학운동제4투,1111,779,563,155,45,8,2,773,6,332
광주광역시,동구,지원1동,관내사전투표,3011,3011,2740,133,100,22,1,2996,15,0
광주광역시,동구,지원1동,지원1동제1투,1221,774,599,106,58,7,0,770,4,447
광주광역시,동구,지원1동,지원1동제2투,1784,1141,850,181,90,14,1,1136,5,643
광주광역시,동구,지원2동,관내사전투표,4025,4025,3668,174,143,21,3,4009,16,0
광주광역시,동구,지원2동,지원2동제1투,1366,1048,845,130,57,10,1,1043,5,318
광주광역시,동구,지원2동,지원2동제2투,1940,1380,1116,172,65,15,2,1370,10,560
광주광역시,동구,지원2동,지원2동제3투,1511,825,615,144,51,10,1,821,4,686
광주광역시,동구,지원2동,지원2동제4투,1582,1030,732,200,83,9,0,1024,6,552
광주광역시,서구,거소·선상투표,,510,476,353,56,58,1,0,468,8,34
광주광역시,서구,관외사전투표,,37324,37320,30996,2281,3405,326,44,37052,268,4
광주광역시,서구,재외투표,,901,751,646,48,45,8,0,747,4,150
광주광역시,서구,양동,관내사전투표,1733,1733,1604,76,41,6,0,1727,6,0
광주광역시,서구,양동,양동제1투,723,438,344,67,17,7,0,435,3,285
광주광역시,서구,양동,양동제2투,485,244,192,41,5,1,0,239,5,241
광주광역시,서구,양3동,관내사전투표,1597,1597,1485,48,47,13,2,1595,2,0
광주광역시,서구,양3동,양3동제1투,1047,689,538,91,45,6,2,682,7,358
광주광역시,서구,양3동,양3동제2투,519,359,285,46,22,3,1,357,2,160
광주광역시,서구,농성1동,관내사전투표,3370,3370,3047,161,129,17,2,3356,14,0
광주광역시,서구,농성1동,농성1동제1투,1068,563,432,87,34,6,0,559,4,505
광주광역시,서구,농성1동,농성1동제2투,1698,949,680,169,87,5,1,942,7,749
광주광역시,서구,농성1동,농성1동제3투,1739,925,648,176,84,12,1,921,4,814
광주광역시,서구,농성2동,관내사전투표,2047,2047,1815,99,101,14,2,2031,16,0
광주광역시,서구,농성2동,농성2동제1투,991,487,367,82,29,3,0,481,6,504
광주광역시,서구,농성2동,농성2동제2투,930,547,401,91,40,12,0,544,3,383
광주광역시,서구,광천동,관내사전투표,2059,2059,1813,122,97,14,3,2049,10,0
광주광역시,서구,광천동,광천동제1투,925,482,331,101,40,7,0,479,3,443
광주광역시,서구,광천동,광천동제2투,985,645,457,127,44,9,1,638,7,340
광주광역시,서구,유덕동,관내사전투표,2575,2575,2372,96,78,14,3,2563,12,0
광주광역시,서구,유덕동,유덕동제1투,321,170,140,20,7,0,0,167,3,151
광주광역시,서구,유덕동,유덕동제2투,2118,1480,1195,139,118,17,3,1472,8,638
광주광역시,서구,유덕동,유덕동제3투,2042,1462,1189,146,96,21,1,1453,9,580
광주광역시,서구,치평동,관내사전투표,8808,8808,7862,420,430,53,4,8769,39,0
광주광역시,서구,치평동,치평동제1투,2127,1347,1016,218,92,15,0,1341,6,780
광주광역시,서구,치평동,치평동제2투,1808,1226,944,156,99,17,2,1218,8,582
광주광역시,서구,치평동,치평동제3투,1955,1355,989,228,115,16,0,1348,7,600
광주광역시,서구,치평동,치평동제4투,2500,1725,1331,250,113,19,1,1714,11,775
광주광역시,서구,치평동,치평동제5투,1425,1068,838,134,73,14,2,1061,7,357
광주광역시,서구,치평동,치평동제6투,3174,1942,1454,261,183,21,4,1923,19,1232
광주광역시,서구,상무1동,관내사전투표,8082,8082,7161,411,433,48,5,8058,24,0
광주광역시,서구,상무1동,상무1동제1투,2806,1723,1322,234,132,23,1,1712,11,1083
광주광역시,서구,상무1동,상무1동제2투,2043,1352,1059,178,86,17,0,1340,12,691
광주광역시,서구,상무1동,상무1동제3투,2043,1256,925,198,112,10,2,1247,9,787
광주광역시,서구,상무1동,상무1동제4투,1982,792,570,126,78,6,0,780,12,1190
광주광역시,서구,상무1동,상무1동제5투,2050,1432,1163,142,97,19,2,1423,9,618
광주광역시,서구,상무2동,관내사전투표,6290,6290,5759,288,176,30,5,6258,32,0
광주광역시,서구,상무2동,상무2동제1투,1569,963,747,143,51,9,2,952,11,606
광주광역시,서구,상무2동,상무2동제2투,1290,628,465,130,26,3,2,626,2,662
광주광역시,서구,상무2동,상무2동제3투,2068,1373,1018,223,104,20,1,1366,7,695
광주광역시,서구,상무2동,상무2동제4투,2211,1193,898,171,102,10,2,1183,10,1018
광주광역시,서구,상무2동,상무2동제5투,3161,1728,1332,226,134,18,4,1714,14,1433
광주광역시,서구,화정1동,관내사전투표,4199,4199,3760,229,156,32,3,4180,19,0
광주광역시,서구,화정1동,화정1동제1투,2324,1715,1360,216,107,17,1,1701,14,609
광주광역시,서구,화정1동,화정1동제2투,2355,1419,1036,256,98,15,1,1406,13,936
광주광역시,서구,화정1동,화정1동제3투,2716,1509,1093,256,124,26,2,1501,8,1207
광주광역시,서구,화정2동,관내사전투표,5893,5893,5314,277,243,37,1,5872,21,0
광주광역시,서구,화정2동,화정2동제1투,1748,1116,845,162,88,15,2,1112,4,632
광주광역시,서구,화정2동,화정2동제2투,940,671,518,83,56,8,1,666,5,269
광주광역시,서구,화정2동,화정2동제3투,2043,1541,1232,193,91,15,1,1532,9,502
광주광역시,서구,화정2동,화정2동제4투,2117,1587,1212,233,114,21,1,1581,6,530
광주광역시,서구,화정3동,관내사전투표,2274,2274,2029,98,112,17,4,2260,14,0
광주광역시,서구,화정3동,화정3동제1투,1964,1195,897,203,77,12,0,1189,6,769
광주광역시,서구,화정3동,화정3동제2투,1946,1373,1078,196,72,13,3,1362,11,573
광주광역시,서구,화정4동,관내사전투표,6704,6704,6045,346,248,41,4,6684,20,0
광주광역시,서구,화정4동,화정4동제1투,2089,1467,1131,207,103,14,1,1456,11,622
광주광역시,서구,화정4동,화정4동제2투,1772,1215,911,210,79,8,0,1208,7,557
광주광역시,서구,화정4동,화정4동제3투,1304,894,669,162,56,3,2,892,2,410
광주광역시,서구,화정4동,화정4동제4투,1470,862,634,138,69,15,1,857,5,608
광주광역시,서구,서창동,관내사전투표,1237,1237,1125,56,44,3,1,1229,8,0
광주광역시,서구,서창동,서창동제1투,660,356,301,42,11,1,0,355,1,304
광주광역시,서구,서창동,서창동제2투,310,200,173,15,7,3,1,199,1,110
광주광역시,서구,서창동,서창동제3투,1795,1372,1070,178,97,19,0,1364,8,423
광주광역시,서구,금호1동,관내사전투표,5521,5521,5105,213,152,28,2,5500,21,0
광주광역시,서구,금호1동,금호1동제1투,1900,1284,985,198,79,15,3,1280,4,616
광주광역시,서구,금호1동,금호1동제2투,1758,1226,958,171,83,5,1,1218,8,532
광주광역시,서구,금호1동,금호1동제3투,983,476,370,66,31,3,0,470,6,507
광주광역시,서구,금호1동,금호1동제4투,1846,1298,1059,136,78,14,1,1288,10,548
광주광역시,서구,금호1동,금호1동제5투,1258,887,703,121,48,12,0,884,3,371
광주광역시,서구,금호2동,관내사전투표,9506,9506,8700,362,378,39,3,9482,24,0
광주광역시,서구,금호2동,금호2동제1투,2750,1868,1482,225,137,11,2,1857,11,882
광주광역시,서구,금호2동,금호2동제2투,2078,1459,1153,176,107,9,2,1447,12,619
광주광역시,서구,금호2동,금호2동제3투,2226,1786,1502,138,106,24,1,1771,15,440
광주광역시,서구,금호2동,금호2동제4투,1759,1231,949,182,87,8,1,1227,4,528
광주광역시,서구,금호2동,금호2동제5투,1235,887,700,113,57,9,2,881,6,348
광주광역시,서구,풍암동,관내사전투표,10202,10202,9191,480,423,60,7,10161,41,0
광주광역시,서구,풍암동,풍암동제1투,1334,885,669,135,69,7,1,881,4,449
광주광역시,서구,풍암동,풍암동제2투,1144,769,611,77,63,8,3,762,7,375
광주광역시,서구,풍암동,풍암동제3투,1427,1048,833,131,65,12,1,1042,6,379
광주광역시,서구,풍암동,풍암동제4투,1718,1272,950,216,79,16,1,1262,10,446
광주광역시,서구,풍암동,풍암동제5투,1385,970,762,129,67,10,0,968,2,415
광주광역시,서구,풍암동,풍암동제6투,1976,1179,889,178,97,12,0,1176,3,797
광주광역시,서구,풍암동,풍암동제7투,2001,1118,843,150,96,10,2,1101,17,883
광주광역시,서구,풍암동,풍암동제8투,2114,1649,1278,217,131,16,1,1643,6,465
광주광역시,서구,동천동,관내사전투표,5273,5273,4786,220,221,28,4,5259,14,0
광주광역시,서구,동천동,동천동제1투,1243,862,726,91,30,10,1,858,4,381
광주광역시,서구,동천동,동천동제2투,1572,1194,998,106,64,16,1,1185,9,378
광주광역시,서구,동천동,동천동제3투,1558,1191,909,181,83,12,0,1185,6,367
광주광역시,서구,동천동,동천동제4투,1407,848,679,107,50,8,1,845,3,559
광주광역시,남구,거소·선상투표,,378,361,274,27,39,2,1,343,18,17
광주광역시,남구,관외사전투표,,31500,31497,26507,1823,2660,281,27,31298,199,3
광주광역시,남구,재외투표,,725,606,511,51,39,3,0,604,2,119
광주광역시,남구,양림동,관내사전투표,2902,2902,2606,149,119,14,1,2889,13,0
광주광역시,남구,양림동,양림동제1투,625,382,289,71,16,2,1,379,3,243
광주광역시,남구,양림동,양림동제2투,1601,1044,793,158,63,18,1,1033,11,557
광주광역시,남구,방림1동,관내사전투표,2619,2619,2356,132,97,20,4,2609,10,0
광주광역시,남구,방림1동,방림1동제1투,1318,802,606,131,51,7,2,797,5,516
광주광역시,남구,방림1동,방림1동제2투,994,666,533,90,33,6,2,664,2,328
광주광역시,남구,방림2동,관내사전투표,2199,2199,2012,90,79,12,1,2194,5,0
광주광역시,남구,방림2동,방림2동제1투,1069,631,476,92,53,4,2,627,4,438
광주광역시,남구,방림2동,방림2동제2투,1626,1127,914,142,56,11,1,1124,3,499
광주광역시,남구,방림2동,방림2동제3투,1129,873,719,106,41,3,0,869,4,256
광주광역시,남구,봉선1동,관내사전투표,5522,5522,5003,271,199,26,2,5501,21,0
광주광역시,남구,봉선1동,봉선1동제1투,1007,584,433,103,37,7,0,580,4,423
광주광역시,남구,봉선1동,봉선1동제2투,1008,648,491,107,41,5,0,644,4,360
광주광역시,남구,봉선1동,봉선1동제3투,1428,820,643,122,39,11,0,815,5,608
광주광역시,남구,봉선1동,봉선1동제4투,1615,1010,759,155,71,15,2,1002,8,605
광주광역시,남구,봉선2동,관내사전투표,7572,7572,6554,493,407,54,10,7518,54,0
광주광역시,남구,봉선2동,봉선2동제1투,1893,1406,1007,251,126,14,0,1398,8,487
광주광역시,남구,봉선2동,봉선2동제2투,1265,729,527,138,47,7,2,721,8,536
광주광역시,남구,봉선2동,봉선2동제3투,2111,1423,1055,245,93,22,2,1417,6,688
광주광역시,남구,봉선2동,봉선2동제4투,1899,1340,865,306,146,15,0,1332,8,559
광주광역시,남구,봉선2동,봉선2동제5투,2371,1775,1000,461,281,26,0,1768,7,596
광주광역시,남구,사직동,관내사전투표,1586,1586,1467,78,26,10,1,1582,4,0
광주광역시,남구,사직동,사직동제1투,681,334,259,55,17,2,0,333,1,347
광주광역시,남구,사직동,사직동제2투,1110,620,458,108,47,5,1,619,1,490
광주광역시,남구,월산동,관내사전투표,2457,2457,2275,83,74,11,0,2443,14,0
광주광역시,남구,월산동,월산동제1투,931,606,481,69,45,6,3,604,2,325
광주광역시,남구,월산동,월산동제2투,712,387,310,59,12,2,1,384,3,325
광주광역시,남구,월산동,월산동제3투,558,273,214,30,26,2,0,272,1,285
광주광역시,남구,월산동,월산동제4투,1716,1206,961,158,72,9,1,1201,5,510
광주광역시,남구,월산4동,관내사전투표,2658,2658,2458,96,80,12,0,2646,12,0
광주광역시,남구,월산4동,월산4동제1투,2109,1060,793,162,87,7,2,1051,9,1049
광주광역시,남구,월산4동,월산4동제2투,1016,597,474,92,24,2,1,593,4,419
광주광역시,남구,월산5동,관내사전투표,2594,2594,2389,97,75,15,1,2577,17,0
광주광역시,남구,월산5동,월산5동제1투,1138,563,429,93,36,1,0,559,4,575
광주광역시,남구,월산5동,월산5동제2투,1130,650,527,74,37,7,2,647,3,480
광주광역시,남구,백운1동,관내사전투표,4178,4178,3850,147,125,36,4,4162,16,0
광주광역시,남구,백운1동,백운1동제1투,1356,823,627,125,58,9,0,819,4,533
광주광역시,남구,백운1동,백운1동제2투,1446,1032,825,141,48,16,0,1030,2,414
광주광역시,남구,백운1동,백운1동제3투,1518,1059,851,143,51,9,0,1054,5,459
광주광역시,남구,백운2동,관내사전투표,2812,2812,2452,171,147,24,3,2797,15,0
광주광역시,남구,백운2동,백운2동제1투,1540,798,579,132,67,12,0,790,8,742
광주광역시,남구,백운2동,백운2동제2투,1083,707,567,89,39,3,2,700,7,376
광주광역시,남구,주월1동,관내사전투표,6216,6216,5604,318,232,45,3,6202,14,0
광주광역시,남구,주월1동,주월1동제1투,1317,817,621,126,59,6,1,813,4,500
광주광역시,남구,주월1동,주월1동제2투,2012,1183,901,172,92,11,0,1176,7,829
광주광역시,남구,주월1동,주월1동제3투,1500,887,703,106,65,8,0,882,5,613
광주광역시,남구,주월1동,주월1동제4투,2286,1587,1219,236,96,21,3,1575,12,699
광주광역시,남구,주월2동,관내사전투표,2889,2889,2672,118,76,14,3,2883,6,0
광주광역시,남구,주월2동,주월2동제1투,1306,696,542,100,40,7,0,689,7,610
광주광역시,남구,주월2동,주월2동제2투,1470,901,732,110,45,6,2,895,6,569
광주광역시,남구,진월동,관내사전투표,7537,7537,6807,329,329,49,6,7520,17,0
광주광역시,남구,진월동,진월동제1투,1893,1179,881,163,107,15,2,1168,11,714
광주광역시,남구,진월동,진월동제2투,1559,1038,794,155,73,9,1,1032,6,521
광주광역시,남구,진월동,진월동제3투,1928,1431,1125,204,72,21,1,1423,8,497
광주광역시,남구,진월동,진월동제4투,1824,1357,1070,180,84,15,3,1352,5,467
광주광역시,남구,진월동,진월동제5투,2044,1488,1250,141,79,10,0,1480,8,556
광주광역시,남구,진월동,진월동제6투,1555,1153,975,105,50,14,2,1146,7,402
광주광역시,남구,효덕동,관내사전투표,5238,5238,4726,280,191,21,2,5220,18,0
광주광역시,남구,효덕동,효덕동제1투,1827,1293,1058,146,72,10,0,1286,7,534
광주광역시,남구,효덕동,효덕동제2투,2017,1453,1087,241,101,18,1,1448,5,564
광주광역시,남구,효덕동,효덕동제3투,2161,1504,1186,182,110,16,2,1496,8,657
광주광역시,남구,송암동,관내사전투표,3566,3566,3256,116,160,22,0,3554,12,0
광주광역시,남구,송암동,송암동제1투,1505,975,791,124,45,9,0,969,6,530
광주광역시,남구,송암동,송암동제2투,1223,792,630,90,53,15,1,789,3,431
광주광역시,남구,송암동,송암동제3투,2360,1773,1467,183,95,15,3,1763,10,587
광주광역시,남구,송암동,송암동제4투,2255,1685,1354,193,113,16,2,1678,7,570
광주광역시,남구,대촌동,관내사전투표,3086,3086,2886,91,86,11,3,3077,9,0
광주광역시,남구,대촌동,대촌동제1투,2039,1304,1060,156,71,9,1,1297,7,735
광주광역시,남구,대촌동,대촌동제2투,372,195,155,27,7,5,1,195,0,177
광주광역시,남구,대촌동,대촌동제3투,722,458,417,29,6,1,1,454,4,264
광주광역시,북구,거소·선상투표,,840,801,611,76,85,5,1,778,23,39
광주광역시,북구,관외사전투표,,54902,54893,46005,3152,4768,536,54,54515,378,9
광주광역시,북구,재외투표,,1377,1178,987,86,84,12,1,1170,8,199
광주광역시,북구,중흥1동,관내사전투표,1752,1752,1597,61,76,9,0,1743,9,0
광주광역시,북구,중흥1동,중흥1동투표소,1813,965,722,138,82,15,1,958,7,848
광주광역시,북구,중흥동,관내사전투표,4456,4456,3898,244,247,32,7,4428,28,0
광주광역시,북구,중흥동,중흥동제1투,882,565,393,122,36,8,0,559,6,317
광주광역시,북구,중흥동,중흥동제2투,1180,649,445,95,93,8,0,641,8,531
광주광역시,북구,중흥동,중흥동제3투,1164,695,509,117,57,8,1,692,3,469
광주광역시,북구,중흥동,중흥동제4투,1290,602,391,109,85,7,4,596,6,688
광주광역시,북구,중흥동,중흥동제5투,1268,798,611,126,48,9,0,794,4,470
광주광역시,북구,중앙동,관내사전투표,2358,2358,2078,101,142,27,1,2349,9,0
광주광역시,북구,중앙동,중앙동투표소,1466,773,558,126,72,13,0,769,4,693
광주광역시,북구,임동,관내사전투표,3702,3702,3383,159,115,21,6,3684,18,0
광주광역시,북구,임동,임동제1투,1471,940,748,137,40,10,1,936,4,531
광주광역시,북구,임동,임동제2투,3530,2348,1719,380,206,33,1,2339,9,1182
광주광역시,북구,신안동,관내사전투표,3692,3692,3320,158,164,29,2,3673,19,0
광주광역시,북구,신안동,신안동제1투,2031,1025,791,135,77,13,2,1018,7,1006
광주광역시,북구,신안동,신안동제2투,1213,682,529,84,57,8,0,678,4,531
광주광역시,북구,신안동,신안동제3투,1600,934,646,155,102,17,2,922,12,666
광주광역시,북구,용봉동,관내사전투표,9272,9272,7313,548,1189,130,10,9190,82,0
광주광역시,북구,용봉동,용봉동제1투,2026,1166,781,215,141,13,2,1152,14,860
광주광역시,북구,용봉동,용봉동제2투,1855,1237,918,184,112,15,0,1229,8,618
광주광역시,북구,용봉동,용봉동제3투,1735,1190,903,181,81,15,2,1182,8,545
광주광역시,북구,용봉동,용봉동제4투,1349,710,399,178,106,19,1,703,7,639
광주광역시,북구,용봉동,용봉동제5투,1770,1217,977,152,71,10,0,1210,7,553
광주광역시,북구,용봉동,용봉동제6투,1962,1436,1182,160,80,4,2,1428,8,526
광주광역시,북구,용봉동,용봉동제7투,1640,1223,948,163,90,15,0,1216,7,417
광주광역시,북구,용봉동,용봉동제8투,1491,1018,809,119,72,12,1,1013,5,473
광주광역시,북구,용봉동,용봉동제9투,2067,1515,1224,158,103,18,1,1504,11,552
광주광역시,북구,운암1동,관내사전투표,5787,5787,5225,277,230,39,2,5773,14,0
광주광역시,북구,운암1동,운암1동제1투,1861,1251,938,200,92,15,1,1246,5,610
광주광역시,북구,운암1동,운암1동제2투,1706,1168,881,183,86,11,0,1161,7,538
광주광역시,북구,운암1동,운암1동제3투,1223,948,753,130,41,20,1,945,3,275
광주광역시,북구,운암1동,운암1동제4투,1983,1494,1179,196,94,11,2,1482,12,489
광주광역시,북구,운암2동,관내사전투표,5503,5503,5056,245,148,33,4,5486,17,0
광주광역시,북구,운암2동,운암2동제1투,792,359,263,58,26,5,1,353,6,433
광주광역시,북구,운암2동,운암2동제2투,825,409,327,54,21,2,2,406,3,416
광주광역시,북구,운암2동,운암2동제3투,1169,682,567,69,35,7,1,679,3,487
광주광역시,북구,운암2동,운암2동제4투,1408,905,685,132,55,23,2,897,8,503
광주광역시,북구,운암3동,관내사전투표,4991,4991,4436,269,226,31,3,4965,26,0
광주광역시,북구,운암3동,운암3동제1투,1405,930,747,108,58,8,6,927,3,475
광주광역시,북구,운암3동,운암3동제2투,1718,1154,925,142,72,11,0,1150,4,564
광주광역시,북구,운암3동,운암3동제3투,1697,1127,904,134,67,10,3,1118,9,570
광주광역시,북구,동림동,관내사전투표,5335,5335,4874,203,193,34,7,5311,24,0
광주광역시,북구,동림동,동림동제1투,1783,1253,1021,139,68,21,0,1249,4,530
광주광역시,북구,동림동,동림동제2투,1184,710,555,106,41,4,1,707,3,474
광주광역시,북구,동림동,동림동제3투,1539,1162,911,145,81,18,1,1156,6,377
광주광역시,북구,동림동,동림동제4투,2348,1748,1451,179,92,11,1,1734,14,600
광주광역시,북구,동림동,동림동제5투,2502,1807,1504,158,116,17,0,1795,12,695
광주광역시,북구,우산동,관내사전투표,4942,4942,4410,246,233,28,2,4919,23,0
광주광역시,북구,우산동,우산동제1투,2274,1477,1080,227,140,17,0,1464,13,797
광주광역시,북구,우산동,우산동제2투,946,543,432,67,31,7,0,537,6,403
광주광역시,북구,우산동,우산동제3투,906,580,453,89,29,5,0,576,4,326
광주광역시,북구,우산동,우산동제4투,1051,647,530,77,28,5,2,642,5,404
광주광역시,북구,우산동,우산동제5투,1093,766,570,137,46,8,0,761,5,327
광주광역시,북구,풍향동,관내사전투표,1558,1558,1400,75,71,7,0,1553,5,0
광주광역시,북구,풍향동,풍향동제1투,1271,781,600,109,59,7,2,777,4,490
광주광역시,북구,풍향동,풍향동제2투,493,242,177,45,15,1,0,238,4,251
광주광역시,북구,문화동,관내사전투표,6300,6300,5747,266,208,37,8,6266,34,0
광주광역시,북구,문화동,문화동제1투,1176,561,419,97,36,2,4,558,3,615
광주광역시,북구,문화동,문화동제2투,746,509,387,84,31,3,0,505,4,237
광주광역시,북구,문화동,문화동제3투,1949,1292,1036,142,88,19,3,1288,4,657
광주광역시,북구,문화동,문화동제4투,1110,700,543,82,61,6,3,695,5,410
광주광역시,북구,문화동,문화동제5투,907,584,466,76,36,5,0,583,1,323
광주광역시,북구,문화동,문화동제6투,2028,1589,1271,183,101,25,1,1581,8,439
광주광역시,북구,문화동,문화동제7투,1425,1194,969,113,90,11,3,1186,8,231
광주광역시,북구,문흥1동,관내사전투표,6027,6027,5500,245,218,43,5,6011,16,0
광주광역시,북구,문흥1동,문흥1동제1투,1047,668,507,95,48,10,1,661,7,379
광주광역시,북구,문흥1동,문흥1동제2투,978,645,502,99,38,4,0,643,2,333
광주광역시,북구,문흥1동,문흥1동제3투,1165,823,635,119,54,12,1,821,2,342
광주광역시,북구,문흥1동,문흥1동제4투,1024,672,529,81,48,6,3,667,5,352
광주광역시,북구,문흥1동,문흥1동제5투,1037,616,469,88,45,9,0,611,5,421
광주광역시,북구,문흥2동,관내사전투표,5781,5781,5255,241,215,43,3,5757,24,0
광주광역시,북구,문흥2동,문흥2동제1투,1008,646,521,68,48,4,0,641,5,362
광주광역시,북구,문흥2동,문흥2동제2투,985,672,538,76,47,5,0,666,6,313
광주광역시,북구,문흥2동,문흥2동제3투,1177,754,597,93,50,12,0,752,2,423
광주광역시,북구,문흥2동,문흥2동제4투,1350,846,602,158,75,4,0,839,7,504
광주광역시,북구,문흥2동,문흥2동제5투,1296,833,605,148,62,12,0,827,6,463
광주광역시,북구,두암1동,관내사전투표,2852,2852,2590,144,96,13,2,2845,7,0
광주광역시,북구,두암1동,두암1동제1투,899,536,419,75,36,3,0,533,3,363
광주광역시,북구,두암1동,두암1동제2투,1011,526,407,64,44,6,0,521,5,485
광주광역시,북구,두암1동,두암1동제3투,900,550,432,73,37,4,1,547,3,350
광주광역시,북구,두암2동,관내사전투표,5224,5224,4801,228,148,23,6,5206,18,0
광주광역시,북구,두암2동,두암2동제1투,1199,617,456,107,42,5,1,611,6,582
광주광역시,북구,두암2동,두암2동제2투,1683,962,751,135,52,15,0,953,9,721
광주광역시,북구,두암2동,두암2동제3투,1267,735,546,131,44,12,0,733,2,532
광주광역시,북구,두암2동,두암2동제4투,1458,995,826,101,53,9,1,990,5,463
광주광역시,북구,두암3동,관내사전투표,5348,5348,4917,233,153,28,3,5334,14,0
광주광역시,북구,두암3동,두암3동제1투,1063,466,353,78,28,2,0,461,5,597
광주광역시,북구,두암3동,두암3동제2투,978,560,428,95,28,6,1,558,2,418
광주광역시,북구,두암3동,두암3동제3투,1157,614,488,90,26,2,0,606,8,543
광주광역시,북구,두암3동,두암3동제4투,1467,948,790,107,36,11,1,945,3,519
광주광역시,북구,삼각동,관내사전투표,4521,4521,4119,177,179,29,4,4508,13,0
광주광역시,북구,삼각동,삼각동제1투,1885,1068,785,174,91,11,0,1061,7,817
광주광역시,북구,삼각동,삼각동제2투,1500,1165,949,117,77,9,1,1153,12,335
광주광역시,북구,삼각동,삼각동제3투,1662,1040,807,127,86,12,2,1034,6,622
광주광역시,북구,일곡동,관내사전투표,8925,8925,8098,347,376,64,5,8890,35,0
광주광역시,북구,일곡동,일곡동제1투,2240,1502,1167,206,105,14,1,1493,9,738
광주광역시,북구,일곡동,일곡동제2투,1594,869,636,143,69,12,3,863,6,725
광주광역시,북구,일곡동,일곡동제3투,1090,764,623,64,53,15,1,756,8,326
광주광역시,북구,일곡동,일곡동제4투,1614,1086,865,121,76,15,2,1079,7,528
광주광역시,북구,일곡동,일곡동제5투,1828,1440,1180,158,86,10,2,1436,4,388
광주광역시,북구,일곡동,일곡동제6투,1705,1190,882,179,99,16,1,1177,13,515
광주광역시,북구,매곡동,관내사전투표,6696,6696,6136,270,217,49,4,6676,20,0
광주광역시,북구,매곡동,매곡동제1투,2057,1189,929,159,81,10,2,1181,8,868
광주광역시,북구,매곡동,매곡동제2투,2486,1758,1381,209,130,27,2,1749,9,728
광주광역시,북구,오치1동,관내사전투표,3511,3511,3170,158,142,26,4,3500,11,0
광주광역시,북구,오치1동,오치1동제1투,1258,678,467,161,37,10,0,675,3,580
광주광역시,북구,오치1동,오치1동제2투,1313,792,588,132,59,7,0,786,6,521
광주광역시,북구,오치1동,오치1동제3투,1439,890,681,117,68,13,4,883,7,549
광주광역시,북구,오치2동,관내사전투표,6157,6157,5511,291,275,52,6,6135,22,0
광주광역시,북구,오치2동,오치2동제1투,1096,587,403,117,49,7,3,579,8,509
광주광역시,북구,오치2동,오치2동제2투,1025,594,469,88,22,9,4,592,2,431
광주광역시,북구,오치2동,오치2동제3투,1144,606,429,117,43,13,0,602,4,538
광주광역시,북구,오치2동,오치2동제4투,1539,1020,817,113,68,15,2,1015,5,519
광주광역시,북구,석곡동,관내사전투표,1177,1177,1075,52,28,16,0,1171,6,0
광주광역시,북구,석곡동,석곡동제1투,570,303,240,46,11,4,1,302,1,267
광주광역시,북구,석곡동,석곡동제2투,248,167,135,23,4,4,0,166,1,81
광주광역시,북구,건국동,관내사전투표,6493,6493,5951,246,207,44,4,6452,41,0
광주광역시,북구,건국동,건국동제1투,3614,2528,2067,257,168,18,1,2511,17,1086
광주광역시,북구,건국동,건국동제2투,2049,1362,1071,178,93,10,2,1354,8,687
광주광역시,북구,건국동,건국동제3투,1035,581,444,85,42,3,0,574,7,454
광주광역시,북구,건국동,건국동제4투,1592,1111,907,115,66,15,1,1104,7,481
광주광역시,북구,양산동,관내사전투표,9741,9740,8936,342,342,66,9,9695,45,1
광주광역시,북구,양산동,양산동제1투,2736,1418,1101,198,95,17,1,1412,6,1318
광주광역시,북구,양산동,양산동제2투,2053,1264,996,158,83,18,0,1255,9,789
광주광역시,북구,양산동,양산동제3투,1969,1401,1167,125,85,15,1,1393,8,568
광주광역시,북구,양산동,양산동제4투,2090,1485,1190,175,93,19,4,1481,4,605
광주광역시,북구,양산동,양산동제5투,2366,1655,1383,159,90,12,2,1646,9,711
광주광역시,북구,양산동,양산동제6투,1919,1293,1058,131,82,11,2,1284,9,626
광주광역시,북구,양산동,양산동제7투,1893,1539,1286,139,91,19,0,1535,4,354
광주광역시,북구,신용동,관내사전투표,7598,7598,6850,272,400,54,3,7579,19,0
광주광역시,북구,신용동,신용동제1투,3193,2273,1821,246,170,22,1,2260,13,920
광주광역시,북구,신용동,신용동제2투,2332,1807,1436,195,141,19,2,1793,14,525
광주광역시,북구,신용동,신용동제3투,1902,1294,1061,124,80,17,2,1284,10,608
광주광역시,북구,신용동,신용동제4투,2545,1694,1342,181,142,15,2,1682,12,851
광주광역시,북구,신용동,신용동제5투,1603,1189,984,119,76,9,0,1188,1,414
광주광역시,광산구,거소·선상투표,,688,668,451,50,114,4,1,620,48,20
광주광역시,광산구,관외사전투표,,43760,43755,35918,2659,4351,422,46,43396,359,5
광주광역시,광산구,재외투표,,904,755,635,44,60,5,0,744,11,149
광주광역시,광산구,송정1동,관내사전투표,3669,3668,3318,161,136,23,5,3643,25,1
광주광역시,광산구,송정1동,송정1동제1투,1405,827,621,135,59,5,1,821,6,578
광주광역시,광산구,송정1동,송정1동제2투,1102,651,531,73,34,6,1,645,6,451
광주광역시,광산구,송정1동,송정1동제3투,1874,1354,1114,125,86,16,1,1342,12,520
광주광역시,광산구,송정2동,관내사전투표,2731,2731,2381,125,179,24,4,2713,18,0
광주광역시,광산구,송정2동,송정2동제1투,820,480,354,77,40,4,1,476,4,340
광주광역시,광산구,송정2동,송정2동제2투,637,312,228,58,22,2,2,312,0,325
광주광역시,광산구,송정2동,송정2동제3투,1213,835,673,94,51,11,0,829,6,378
광주광역시,광산구,도산동,관내사전투표,5026,5026,4549,209,198,42,3,5001,25,0
광주광역시,광산구,도산동,도산동제1투,1701,1091,872,133,68,7,0,1080,11,610
광주광역시,광산구,도산동,도산동제2투,2448,1605,1237,209,126,17,5,1594,11,843
광주광역시,광산구,도산동,도산동제3투,2092,1484,1241,145,79,13,0,1478,6,608
광주광역시,광산구,신흥동,관내사전투표,1531,1531,1367,79,63,12,0,1521,10,0
광주광역시,광산구,신흥동,신흥동투표소,1572,911,685,158,48,11,2,904,7,661
광주광역시,광산구,어룡동,관내사전투표,7757,7757,7034,281,330,67,11,7723,34,0
광주광역시,광산구,어룡동,어룡동제1투,2653,1702,1407,154,113,14,1,1689,13,951
광주광역시,광산구,어룡동,어룡동제2투,1618,1143,885,147,85,16,1,1134,9,475
광주광역시,광산구,어룡동,어룡동제3투,1253,875,705,107,53,7,1,873,2,378
광주광역시,광산구,어룡동,어룡동제4투,1546,882,658,119,80,14,2,873,9,664
광주광역시,광산구,어룡동,어룡동제5투,2757,2066,1726,194,104,28,2,2054,12,691
광주광역시,광산구,어룡동,어룡동제6투,2013,1475,1199,163,94,12,1,1469,6,538
광주광역시,광산구,어룡동,어룡동제7투,2185,1590,1305,155,107,16,2,1585,5,595
광주광역시,광산구,우산동,관내사전투표,8722,8722,7905,327,380,53,10,8675,47,0
광주광역시,광산구,우산동,우산동제1투,2122,1260,982,179,76,11,3,1251,9,862
광주광역시,광산구,우산동,우산동제2투,2309,1725,1386,182,123,16,0,1707,18,584
광주광역시,광산구,우산동,우산동제3투,2310,1449,1237,134,49,8,3,1431,18,861
광주광역시,광산구,우산동,우산동제4투,1791,1236,1001,135,76,10,5,1227,9,555
광주광역시,광산구,우산동,우산동제5투,2411,1837,1486,187,129,25,5,1832,5,574
광주광역시,광산구,우산동,우산동제6투,1055,591,415,100,64,5,1,585,6,464
광주광역시,광산구,우산동,우산동제7투,1417,903,693,133,53,12,4,895,8,514
광주광역시,광산구,월곡1동,관내사전투표,4932,4932,4581,170,132,27,5,4915,17,0
광주광역시,광산구,월곡1동,월곡1동제1투,746,400,323,53,16,6,0,398,2,346
광주광역시,광산구,월곡1동,월곡1동제2투,676,382,308,50,18,4,0,380,2,294
광주광역시,광산구,월곡1동,월곡1동제3투,1859,1441,1214,111,92,14,2,1433,8,418
광주광역시,광산구,월곡1동,월곡1동제4투,1375,877,702,92,62,11,2,869,8,498
광주광역시,광산구,월곡2동,관내사전투표,3513,3513,3210,129,129,28,3,3499,14,0
광주광역시,광산구,월곡2동,월곡2동제1투,667,329,251,48,22,3,1,325,4,338
광주광역시,광산구,월곡2동,월곡2동제2투,1045,627,502,84,34,4,0,624,3,418
광주광역시,광산구,월곡2동,월곡2동제3투,1385,887,705,107,59,10,2,883,4,498
광주광역시,광산구,월곡2동,월곡2동제4투,1563,1228,1007,115,84,13,4,1223,5,335
광주광역시,광산구,월곡2동,월곡2동제5투,1310,977,800,79,79,9,1,968,9,333
광주광역시,광산구,비아동,관내사전투표,3734,3734,3421,144,119,34,3,3721,13,0
광주광역시,광산구,비아동,비아동제1투,1226,732,548,120,51,8,1,728,4,494
광주광역시,광산구,비아동,비아동제2투,1463,835,681,105,37,7,0,830,5,628
광주광역시,광산구,첨단1동,관내사전투표,10927,10927,9552,515,714,78,9,10868,59,0
광주광역시,광산구,첨단1동,첨단1동제1투,2092,1556,1223,200,104,24,0,1551,5,536
광주광역시,광산구,첨단1동,첨단1동제2투,1949,1418,1107,185,90,21,2,1405,13,531
광주광역시,광산구,첨단1동,첨단1동제3투,2365,1771,1408,212,121,19,1,1761,10,594
광주광역시,광산구,첨단1동,첨단1동제4투,1689,1212,942,156,96,11,0,1205,7,477
광주광역시,광산구,첨단1동,첨단1동제5투,3106,1899,1379,261,222,18,0,1880,19,1207
광주광역시,광산구,첨단2동,관내사전투표,6997,6997,6301,236,381,50,3,6971,26,0
광주광역시,광산구,첨단2동,첨단2동제1투,1246,730,552,110,56,4,2,724,6,516
광주광역시,광산구,첨단2동,첨단2동제2투,2437,1477,1082,196,167,13,1,1459,18,960
광주광역시,광산구,첨단2동,첨단2동제3투,1779,1220,985,120,87,13,1,1206,14,559
광주광역시,광산구,첨단2동,첨단2동제4투,1667,1198,983,115,79,14,0,1191,7,469
광주광역시,광산구,첨단2동,첨단2동제5투,2265,1791,1452,172,140,17,1,1782,9,474
광주광역시,광산구,첨단2동,첨단2동제6투,1547,1222,1005,118,68,15,2,1208,14,325
광주광역시,광산구,첨단2동,첨단2동제7투,1803,1349,1090,143,88,16,0,1337,12,454
광주광역시,광산구,첨단2동,첨단2동제8투,1649,867,683,108,64,9,2,866,1,782
광주광역시,광산구,첨단2동,첨단2동제9투,1931,1528,1257,135,99,23,2,1516,12,403
광주광역시,광산구,첨단2동,첨단2동제10투,2543,1548,1050,279,194,12,1,1536,12,995
광주광역시,광산구,신가동,관내사전투표,5677,5677,5157,194,271,27,3,5652,25,0
광주광역시,광산구,신가동,신가동제1투,2561,1652,1282,207,125,18,3,1635,17,909
광주광역시,광산구,신가동,신가동제2투,1743,1283,1083,116,65,10,1,1275,8,460
광주광역시,광산구,신가동,신가동제3투,3153,2276,1873,215,150,22,2,2262,14,877
광주광역시,광산구,운남동,관내사전투표,8562,8562,7858,266,331,58,10,8523,39,0
광주광역시,광산구,운남동,운남동제1투,1329,900,734,90,59,15,0,898,2,429
광주광역시,광산구,운남동,운남동제2투,1615,1178,937,125,89,16,4,1171,7,437
광주광역시,광산구,운남동,운남동제3투,2329,1669,1384,164,92,14,4,1658,11,660
광주광역시,광산구,운남동,운남동제4투,1618,1226,1019,116,69,10,4,1218,8,392
광주광역시,광산구,운남동,운남동제5투,1334,1035,841,104,73,13,0,1031,4,299
광주광역시,광산구,운남동,운남동제6투,1489,1200,960,130,79,18,3,1190,10,289
광주광역시,광산구,운남동,운남동제7투,1540,1118,944,83,69,9,5,1110,8,422
광주광역시,광산구,운남동,운남동제8투,1469,1159,981,98,57,15,2,1153,6,310
광주광역시,광산구,신창동,관내사전투표,9399,9399,8527,319,442,69,3,9360,39,0
광주광역시,광산구,신창동,신창동제1투,649,391,307,51,21,7,0,386,5,258
광주광역시,광산구,신창동,신창동제2투,2458,1711,1394,167,116,20,2,1699,12,747
광주광역시,광산구,신창동,신창동제3투,1274,878,709,86,63,15,0,873,5,396
광주광역시,광산구,신창동,신창동제4투,2634,1692,1332,224,97,26,1,1680,12,942
광주광역시,광산구,신창동,신창동제5투,2728,1759,1365,206,150,27,3,1751,8,969
광주광역시,광산구,신창동,신창동제6투,1827,1473,1224,128,94,19,2,1467,6,354
광주광역시,광산구,신창동,신창동제7투,2019,1380,1120,122,111,10,3,1366,14,639
광주광역시,광산구,수완동,관내사전투표,13115,13115,11808,569,594,88,8,13067,48,0
광주광역시,광산구,수완동,수완동제1투,2466,2046,1678,191,147,21,1,2038,8,420
광주광역시,광산구,수완동,수완동제2투,2593,2035,1675,192,140,19,2,2028,7,558
광주광역시,광산구,수완동,수완동제3투,1893,1342,1078,160,82,14,2,1336,6,551
광주광역시,광산구,수완동,수완동제4투,3490,2440,2025,223,151,23,2,2424,16,1050
광주광역시,광산구,수완동,수완동제5투,2100,1590,1259,191,111,25,1,1587,3,510
광주광역시,광산구,수완동,수완동제6투,2846,2219,1840,233,113,18,1,2205,14,627
광주광역시,광산구,수완동,수완동제7투,2772,1883,1556,171,121,22,0,1870,13,889
광주광역시,광산구,수완동,수완동제8투,2440,1851,1402,285,129,21,1,1838,13,589
광주광역시,광산구,수완동,수완동제9투,2460,1509,1066,280,141,13,1,1501,8,951
광주광역시,광산구,수완동,수완동제10투,1836,1312,988,186,120,11,0,1305,7,524
광주광역시,광산구,수완동,수완동제11투,2284,1785,1480,167,113,15,3,1778,7,499
광주광역시,광산구,수완동,수완동제12투,2182,1469,1121,185,130,24,2,1462,7,713
광주광역시,광산구,수완동,수완동제13투,1888,1460,1217,123,93,17,3,1453,7,428
광주광역시,광산구,하남동,관내사전투표,8152,8152,7419,283,362,57,2,8123,29,0
광주광역시,광산구,하남동,하남동제1투,2441,1270,971,167,110,12,1,1261,9,1171
광주광역시,광산구,하남동,하남동제2투,458,241,198,28,13,0,0,239,2,217
광주광역시,광산구,하남동,하남동제3투,2535,1850,1572,151,97,18,1,1839,11,685
광주광역시,광산구,하남동,하남동제4투,2527,1820,1444,208,132,25,0,1809,11,707
광주광역시,광산구,하남동,하남동제5투,2716,1702,1321,193,155,20,3,1692,10,1014
광주광역시,광산구,임곡동,관내사전투표,1258,1258,1175,48,25,5,1,1254,4,0
광주광역시,광산구,임곡동,임곡동제1투,363,182,150,29,2,1,0,182,0,181
광주광역시,광산구,임곡동,임곡동제2투,301,150,123,16,8,2,0,149,1,151
광주광역시,광산구,동곡동,관내사전투표,949,949,848,41,46,8,0,943,6,0
광주광역시,광산구,동곡동,동곡동투표소,613,357,310,33,9,1,1,354,3,256
광주광역시,광산구,평동,관내사전투표,3090,3090,2847,100,111,15,3,3076,14,0
광주광역시,광산구,평동,평동제1투,1007,469,380,49,30,7,1,467,2,538
광주광역시,광산구,평동,평동제2투,980,568,457,73,29,4,1,564,4,412
광주광역시,광산구,삼도동,관내사전투표,1109,1109,987,54,32,10,0,1083,26,0
광주광역시,광산구,삼도동,삼도동제1투,494,230,188,31,9,2,0,230,0,264
광주광역시,광산구,삼도동,삼도동제2투,354,230,203,18,6,1,0,228,2,124
광주광역시,광산구,본량동,관내사전투표,731,731,652,39,14,8,4,717,14,0
광주광역시,광산구,본량동,본량동제1투,471,261,217,28,8,5,3,261,0,210
광주광역시,광산구,본량동,본량동제2투,269,132,108,17,5,1,0,131,1,137
대전광역시,동구,거소·선상투표,,315,300,141,92,55,5,1,294,6,15
대전광역시,동구,관외사전투표,,19700,19694,11704,4951,2596,204,38,19493,201,6
대전광역시,동구,재외투표,,633,522,356,106,46,10,0,518,4,111
대전광역시,동구,중앙동,관내사전투표,1221,1221,738,366,101,6,2,1213,8,0
대전광역시,동구,중앙동,중앙동제1투,1270,646,211,410,16,5,1,643,3,624
대전광역시,동구,중앙동,중앙동제2투,1033,568,155,370,34,1,1,561,7,465
대전광역시,동구,신인동,관내사전투표,1816,1816,1074,588,113,21,2,1798,18,0
대전광역시,동구,신인동,신인동제1투,1834,1231,451,686,76,4,2,1219,12,603
대전광역시,동구,신인동,신인동제2투,2289,1540,491,915,104,9,2,1521,19,749
대전광역시,동구,신인동,신인동제3투,1743,1222,456,665,83,5,3,1212,10,521
대전광역시,동구,신인동,신인동제4투,2553,1815,748,855,179,21,1,1804,11,738
대전광역시,동구,효동,관내사전투표,5251,5251,3546,1271,357,49,3,5226,25,0
대전광역시,동구,효동,효동제1투,2908,2064,746,1154,132,22,0,2054,10,844
대전광역시,동구,효동,효동제2투,3577,2509,1100,1018,331,31,3,2483,26,1068
대전광역시,동구,효동,효동제3투,2676,1714,718,863,113,11,1,1706,8,962
대전광역시,동구,효동,효동제4투,3591,2555,1250,1089,185,19,2,2545,10,1036
대전광역시,동구,효동,효동제5투,2432,1561,654,771,120,6,3,1554,7,871
대전광역시,동구,판암1동,관내사전투표,3282,3282,2060,909,256,29,2,3256,26,0
대전광역시,동구,판암1동,판암1동제1투,1950,1175,402,669,79,13,3,1166,9,775
대전광역시,동구,판암1동,판암1동제2투,2545,1717,574,995,122,9,5,1705,12,828
대전광역시,동구,판암1동,판암1동제3투,2229,1490,555,792,122,14,1,1484,6,739
대전광역시,동구,판암2동,관내사전투표,2461,2461,1444,856,123,15,5,2443,18,0
대전광역시,동구,판암2동,판암2동제1투,1341,783,251,461,56,3,4,775,8,558
대전광역시,동구,판암2동,판암2동제2투,1496,904,268,581,31,6,5,891,13,592
대전광역시,동구,판암2동,판암2동제3투,2065,1313,441,754,85,15,2,1297,16,752
대전광역시,동구,용운동,관내사전투표,3952,3952,2512,1081,310,28,3,3934,18,0
대전광역시,동구,용운동,용운동제1투,1723,992,292,596,88,7,1,984,8,731
대전광역시,동구,용운동,용운동제2투,1826,1093,334,675,67,4,1,1081,12,733
대전광역시,동구,용운동,용운동제3투,3011,1986,707,1076,174,12,2,1971,15,1025
대전광역시,동구,용운동,용운동제4투,2440,1708,684,874,125,14,4,1701,7,732
대전광역시,동구,용운동,용운동제5투,2754,2033,946,862,197,16,2,2023,10,721
대전광역시,동구,대동,관내사전투표,3449,3448,2166,954,270,23,7,3420,28,1
대전광역시,동구,대동,대동제1투,1879,1042,337,612,79,6,2,1036,6,837
대전광역시,동구,대동,대동제2투,1561,943,324,537,60,5,3,929,14,618
대전광역시,동구,대동,대동제3투,1759,1192,428,669,71,14,0,1182,10,567
대전광역시,동구,대동,대동제4투,1842,1417,681,601,115,14,0,1411,6,425
대전광역시,동구,자양동,관내사전투표,2915,2913,1628,797,420,29,5,2879,34,2
대전광역시,동구,자양동,자양동제1투,2196,1237,361,682,154,17,3,1217,20,959
대전광역시,동구,자양동,자양동제2투,2596,1402,391,782,192,16,2,1383,19,1194
대전광역시,동구,자양동,자양동제3투,2149,1307,447,757,80,14,2,1300,7,842
대전광역시,동구,가양1동,관내사전투표,3094,3094,1882,970,194,23,5,3074,20,0
대전광역시,동구,가양1동,가양1동제1투,1697,1101,412,612,52,11,2,1089,12,596
대전광역시,동구,가양1동,가양1동제2투,1192,776,264,450,45,6,2,767,9,416
대전광역시,동구,가양1동,가양1동제3투,2741,1718,603,954,127,18,2,1704,14,1023
대전광역시,동구,가양1동,가양1동제4투,1943,1159,327,720,90,6,2,1145,14,784
대전광역시,동구,가양2동,관내사전투표,3092,3092,1922,866,247,26,6,3067,25,0
대전광역시,동구,가양2동,가양2동제1투,2749,1857,741,985,98,16,5,1845,12,892
대전광역시,동구,가양2동,가양2동제2투,2096,1320,461,694,128,20,2,1305,15,776
대전광역시,동구,가양2동,가양2동제3투,1808,1092,391,597,78,13,1,1080,12,716
대전광역시,동구,가양2동,가양2동제4투,2322,1436,497,787,112,22,1,1419,17,886
대전광역시,동구,가양2동,가양2동제5투,2394,1347,455,738,120,10,4,1327,20,1047
대전광역시,동구,용전동,관내사전투표,3495,3495,2198,969,268,26,3,3464,31,0
대전광역시,동구,용전동,용전동제1투,3040,2017,768,1044,169,14,5,2000,17,1023
대전광역시,동구,용전동,용전동제2투,3076,1735,612,918,174,11,2,1717,18,1341
대전광역시,동구,용전동,용전동제3투,3462,1722,612,903,174,14,5,1708,14,1740
대전광역시,동구,용전동,용전동제4투,2833,1765,643,945,139,17,3,1747,18,1068
대전광역시,동구,성남동,관내사전투표,2549,2549,1599,741,173,15,1,2529,20,0
대전광역시,동구,성남동,성남동제1투,2589,1748,634,949,136,20,1,1740,8,841
대전광역시,동구,성남동,성남동제2투,1611,1063,382,603,56,10,0,1051,12,548
대전광역시,동구,성남동,성남동제3투,2030,1425,551,750,87,21,2,1411,14,605
대전광역시,동구,홍도동,관내사전투표,2529,2529,1526,691,269,21,1,2508,21,0
대전광역시,동구,홍도동,홍도동제1투,1200,792,284,450,42,7,2,785,7,408
대전광역시,동구,홍도동,홍도동제2투,2670,1838,626,1022,155,19,5,1827,11,832
대전광역시,동구,홍도동,홍도동제3투,2857,1535,487,838,176,14,4,1519,16,1322
대전광역시,동구,삼성동,관내사전투표,2232,2232,1399,682,110,20,2,2213,19,0
대전광역시,동구,삼성동,삼성동제1투,1557,1062,398,575,70,8,2,1053,9,495
대전광역시,동구,삼성동,삼성동제2투,1161,681,228,398,35,11,4,676,5,480
대전광역시,동구,삼성동,삼성동제3투,2687,1935,730,1035,137,15,3,1920,15,752
대전광역시,동구,삼성동,삼성동제4투,2390,1446,470,847,104,15,3,1439,7,944
대전광역시,동구,대청동,관내사전투표,438,438,227,185,16,5,0,433,5,0
대전광역시,동구,대청동,대청동제1투,676,458,116,312,22,4,2,456,2,218
대전광역시,동구,대청동,대청동제2투,664,423,101,301,17,2,0,421,2,241
대전광역시,동구,산내동,관내사전투표,3562,3562,2349,970,189,33,2,3543,19,0
대전광역시,동구,산내동,산내동제1투,3158,1878,717,986,139,13,1,1856,22,1280
대전광역시,동구,산내동,산내동제2투,600,329,98,211,15,2,0,326,3,271
대전광역시,동구,산내동,산내동제3투,3837,2885,1353,1212,257,40,8,2870,15,952
대전광역시,동구,산내동,산내동제4투,1633,1145,446,598,82,7,4,1137,8,488
대전광역시,동구,산내동,산내동제5투,656,424,141,258,20,4,0,423,1,232
대전광역시,동구,산내동,산내동제6투,1661,1114,492,540,60,11,2,1105,9,547
대전광역시,중구,거소·선상투표,,309,286,132,94,49,2,1,278,8,23
대전광역시,중구,관외사전투표,,20759,20757,12109,5285,2868,221,30,20513,244,2
대전광역시,중구,재외투표,,809,632,447,118,55,9,1,630,2,177
대전광역시,중구,은행선화동,관내사전투표,3290,3290,2135,763,334,31,4,3267,23,0
대전광역시,중구,은행선화동,은행선화동제1투,2923,1827,795,821,168,29,2,1815,12,1096
대전광역시,중구,은행선화동,은행선화동제2투,2795,1713,573,940,160,25,1,1699,14,1082
대전광역시,중구,은행선화동,은행선화동제3투,3503,2221,903,1086,184,23,5,2201,20,1282
대전광역시,중구,은행선화동,은행선화동제4투,1804,1195,491,537,120,25,3,1176,19,609
대전광역시,중구,목동,관내사전투표,3260,3260,2281,637,277,43,2,3240,20,0
대전광역시,중구,목동,목동제1투,2908,2071,898,937,194,24,4,2057,14,837
대전광역시,중구,목동,목동제2투,3049,2181,952,971,220,25,1,2169,12,868
대전광역시,중구,목동,목동제3투,2386,1830,847,816,137,20,1,1821,9,556
대전광역시,중구,중촌동,관내사전투표,2752,2752,1776,739,180,25,5,2725,27,0
대전광역시,중구,중촌동,중촌동제1투,1133,709,225,427,51,3,0,706,3,424
대전광역시,중구,중촌동,중촌동제2투,1345,1020,427,505,64,11,0,1007,13,325
대전광역시,중구,중촌동,중촌동제3투,2038,1396,538,709,114,15,4,1380,16,642
대전광역시,중구,중촌동,중촌동제4투,2106,1521,709,660,127,16,0,1512,9,585
대전광역시,중구,중촌동,중촌동제5투,2045,1446,561,719,130,13,2,1425,21,599
대전광역시,중구,대흥동,관내사전투표,2891,2891,1832,718,265,39,3,2857,34,0
대전광역시,중구,대흥동,대흥동제1투,3214,1767,585,969,166,23,4,1747,20,1447
대전광역시,중구,대흥동,대흥동제2투,1852,1110,391,607,87,11,0,1096,14,742
대전광역시,중구,대흥동,대흥동제3투,2179,1577,607,837,109,14,1,1568,9,602
대전광역시,중구,문창동,관내사전투표,1005,1004,629,304,60,7,2,1002,2,1
대전광역시,중구,문창동,문창동제1투,1177,635,182,404,39,7,0,632,3,542
대전광역시,중구,문창동,문창동제2투,1510,992,334,583,54,9,2,982,10,518
대전광역시,중구,석교동,관내사전투표,2476,2476,1487,834,115,16,5,2457,19,0
대전광역시,중구,석교동,석교동제1투,1739,1105,335,704,45,11,0,1095,10,634
대전광역시,중구,석교동,석교동제2투,1804,1112,335,686,68,15,0,1104,8,692
대전광역시,중구,석교동,석교동제3투,1644,982,329,563,75,9,0,976,6,662
대전광역시,중구,석교동,석교동제4투,2019,1320,472,748,85,6,1,1312,8,699
대전광역시,중구,석교동,석교동제5투,1969,1329,507,727,69,12,4,1319,10,640
대전광역시,중구,대사동,관내사전투표,1241,1241,728,414,79,10,1,1232,9,0
대전광역시,중구,대사동,대사동제1투,1496,931,264,613,38,11,0,926,5,565
대전광역시,중구,대사동,대사동제2투,1640,957,294,517,126,5,0,942,15,683
대전광역시,중구,부사동,관내사전투표,1316,1316,818,419,59,12,0,1308,8,0
대전광역시,중구,부사동,부사동제1투,1741,1105,383,636,62,6,2,1089,16,636
대전광역시,중구,부사동,부사동제2투,1926,1119,362,673,60,6,5,1106,13,807
대전광역시,중구,용두동,관내사전투표,2581,2581,1605,654,273,29,2,2563,18,0
대전광역시,중구,용두동,용두동제1투,3131,2043,760,1058,179,28,3,2028,15,1088
대전광역시,중구,용두동,용두동제2투,2498,1682,686,763,193,19,2,1663,19,816
대전광역시,중구,오류동,관내사전투표,2503,2503,1536,723,204,18,5,2486,17,0
대전광역시,중구,오류동,오류동제1투,2085,1240,400,707,105,12,3,1227,13,845
대전광역시,중구,오류동,오류동제2투,1973,1470,428,926,88,12,1,1455,15,503
대전광역시,중구,오류동,오류동제3투,1627,1123,316,708,81,8,2,1115,8,504
대전광역시,중구,태평1동,관내사전투표,2452,2452,1547,725,149,15,1,2437,15,0
대전광역시,중구,태평1동,태평1동제1투,2064,1564,634,764,129,19,2,1548,16,500
대전광역시,중구,태평1동,태평1동제2투,1579,985,293,611,58,10,3,975,10,594
대전광역시,중구,태평1동,태평1동제3투,2030,1530,670,734,92,14,1,1511,19,500
대전광역시,중구,태평1동,태평1동제4투,1409,1063,452,489,96,14,2,1053,10,346
대전광역시,중구,태평2동,관내사전투표,3680,3680,2378,1063,195,33,1,3670,10,0
대전광역시,중구,태평2동,태평2동제1투,1121,682,204,419,50,3,1,677,5,439
대전광역시,중구,태평2동,태평2동제2투,1771,1241,404,745,75,4,2,1230,11,530
대전광역시,중구,태평2동,태평2동제3투,2234,1548,506,926,99,10,1,1542,6,686
대전광역시,중구,태평2동,태평2동제4투,2675,1933,707,1095,109,12,0,1923,10,742
대전광역시,중구,태평2동,태평2동제5투,2488,1883,583,1134,146,13,0,1876,7,605
대전광역시,중구,태평2동,태평2동제6투,3004,2273,799,1289,146,25,3,2262,11,731
대전광역시,중구,유천1동,관내사전투표,2089,2088,1270,629,160,14,0,2073,15,1
대전광역시,중구,유천1동,유천1동제1투,2142,1228,385,734,97,5,0,1221,7,914
대전광역시,중구,유천1동,유천1동제2투,1527,904,290,533,68,6,0,897,7,623
대전광역시,중구,유천2동,관내사전투표,2380,2380,1495,735,124,7,3,2364,16,0
대전광역시,중구,유천2동,유천2동제1투,1214,716,227,439,38,6,0,710,6,498
대전광역시,중구,유천2동,유천2동제2투,1817,1129,357,677,75,5,5,1119,10,688
대전광역시,중구,유천2동,유천2동제3투,2142,1396,475,800,94,13,3,1385,11,746
대전광역시,중구,유천2동,유천2동제4투,2611,1977,584,1265,108,13,1,1971,6,634
대전광역시,중구,문화1동,관내사전투표,3525,3525,2192,971,312,27,4,3506,19,0
대전광역시,중구,문화1동,문화1동제1투,2848,2045,761,1104,160,9,2,2036,9,803
대전광역시,중구,문화1동,문화1동제2투,741,499,154,292,41,7,1,495,4,242
대전광역시,중구,문화1동,문화1동제3투,1629,1116,366,653,85,7,0,1111,5,513
대전광역시,중구,문화1동,문화1동제4투,2865,2169,814,1146,168,25,1,2154,15,696
대전광역시,중구,문화1동,문화1동제5투,2982,2142,719,1192,191,24,1,2127,15,840
대전광역시,중구,문화2동,관내사전투표,2775,2775,1660,908,159,23,4,2754,21,0
대전광역시,중구,문화2동,문화2동제1투,1073,663,213,389,41,8,4,655,8,410
대전광역시,중구,문화2동,문화2동제2투,2234,1569,566,890,91,11,1,1559,10,665
대전광역시,중구,문화2동,문화2동제3투,1758,1084,339,651,68,11,3,1072,12,674
대전광역시,중구,문화2동,문화2동제4투,1637,1046,357,601,70,8,1,1037,9,591
대전광역시,중구,산성동,관내사전투표,3302,3301,2062,1022,169,26,5,3284,17,1
대전광역시,중구,산성동,산성동제1투,1528,925,280,579,47,7,1,914,11,603
대전광역시,중구,산성동,산성동제2투,1765,1179,387,704,67,10,2,1170,9,586
대전광역시,중구,산성동,산성동제3투,2414,1509,537,837,98,20,4,1496,13,905
대전광역시,중구,산성동,산성동제4투,2380,1800,656,995,108,17,3,1779,21,580
대전광역시,중구,산성동,산성동제5투,2036,1314,489,720,88,11,0,1308,6,722
대전광역시,중구,산성동,산성동제6투,2677,1739,685,908,121,10,2,1726,13,938
대전광역시,중구,산성동,산성동제7투,2672,1731,656,957,93,10,6,1722,9,941
대전광역시,중구,산성동,산성동제8투,686,392,120,260,9,1,1,391,1,294
대전광역시,서구,거소·선상투표,,554,527,196,183,114,4,3,500,27,27
대전광역시,서구,관외사전투표,,38204,38199,21814,9531,5885,475,60,37765,434,5
대전광역시,서구,재외투표,,1651,1360,915,254,154,21,0,1344,16,291
대전광역시,서구,복수동,관내사전투표,4373,4373,2915,1081,309,37,3,4345,28,0
대전광역시,서구,복수동,복수동제1투,2715,1964,796,1011,125,19,1,1952,12,751
대전광역시,서구,복수동,복수동제2투,3054,2201,873,1093,195,21,2,2184,17,853
대전광역시,서구,복수동,복수동제3투,2314,1610,671,818,90,16,5,1600,10,704
대전광역시,서구,복수동,복수동제4투,2906,1672,676,819,148,17,1,1661,11,1234
대전광역시,서구,도마1동,관내사전투표,3856,3856,2190,1364,260,22,5,3841,15,0
대전광역시,서구,도마1동,도마1동제1투,1464,866,244,551,55,9,0,859,7,598
대전광역시,서구,도마1동,도마1동제2투,3857,2902,1162,1405,279,30,7,2883,19,955
대전광역시,서구,도마1동,도마1동제3투,1338,816,226,524,53,1,1,805,11,522
대전광역시,서구,도마1동,도마1동제4투,2089,1157,396,620,114,13,0,1143,14,932
대전광역시,서구,도마1동,도마1동제5투,2428,1471,511,815,116,9,3,1454,17,957
대전광역시,서구,도마2동,관내사전투표,2968,2968,1820,866,226,25,1,2938,30,0
대전광역시,서구,도마2동,도마2동제1투,2015,1214,398,722,73,10,1,1204,10,801
대전광역시,서구,도마2동,도마2동제2투,2893,1961,785,967,171,18,2,1943,18,932
대전광역시,서구,도마2동,도마2동제3투,1773,1094,376,634,62,9,2,1083,11,679
대전광역시,서구,도마2동,도마2동제4투,2468,1648,557,938,124,15,3,1637,11,820
대전광역시,서구,도마2동,도마2동제5투,2546,1859,585,1111,136,18,1,1851,8,687
대전광역시,서구,정림동,관내사전투표,3804,3804,2376,1156,223,29,0,3784,20,0
대전광역시,서구,정림동,정림동제1투,1735,1162,384,687,75,8,0,1154,8,573
대전광역시,서구,정림동,정림동제2투,1626,1174,425,650,77,11,2,1165,9,452
대전광역시,서구,정림동,정림동제3투,1467,905,294,527,66,9,3,899,6,562
대전광역시,서구,정림동,정림동제4투,1613,1054,399,578,65,4,1,1047,7,559
대전광역시,서구,정림동,정림동제5투,1874,1314,523,672,96,10,3,1304,10,560
대전광역시,서구,변동,관내사전투표,1793,1793,1158,513,107,10,0,1788,5,0
대전광역시,서구,변동,변동제1투,2339,1379,449,824,89,11,0,1373,6,960
대전광역시,서구,변동,변동제2투,3368,2079,799,1135,109,23,1,2067,12,1289
대전광역시,서구,변동,변동제3투,2193,1347,482,750,86,16,2,1336,11,846
대전광역시,서구,용문동,관내사전투표,4490,4490,2602,1302,482,57,4,4447,43,0
대전광역시,서구,용문동,용문동제1투,3571,1902,576,1093,181,25,4,1879,23,1669
대전광역시,서구,용문동,용문동제2투,3297,2131,745,1161,187,18,4,2115,16,1166
대전광역시,서구,용문동,용문동제3투,2883,1857,569,1070,180,21,4,1844,13,1026
대전광역시,서구,탄방동,관내사전투표,4066,4066,2587,929,474,35,5,4030,36,0
대전광역시,서구,탄방동,탄방동제1투,3197,1856,650,941,223,22,4,1840,16,1341
대전광역시,서구,탄방동,탄방동제2투,3572,2218,791,1101,283,23,4,2202,16,1354
대전광역시,서구,탄방동,탄방동제3투,1576,1227,480,618,102,16,0,1216,11,349
대전광역시,서구,탄방동,탄방동제4투,1725,1378,593,647,109,16,1,1366,12,347
대전광역시,서구,탄방동,탄방동제5투,3245,2130,740,1122,231,17,2,2112,18,1115
대전광역시,서구,탄방동,탄방동제6투,2330,1544,561,822,131,17,2,1533,11,786
대전광역시,서구,둔산1동,관내사전투표,5859,5859,3655,1381,692,86,2,5816,43,0
대전광역시,서구,둔산1동,둔산1동제1투,2324,1639,451,992,178,10,1,1632,7,685
대전광역시,서구,둔산1동,둔산1동제2투,1962,1576,546,829,162,27,0,1564,12,386
대전광역시,서구,둔산1동,둔산1동제3투,2120,1632,579,874,157,15,1,1626,6,488
대전광역시,서구,둔산1동,둔산1동제4투,1911,1535,489,878,145,17,1,1530,5,376
대전광역시,서구,둔산2동,관내사전투표,5296,5296,3419,1141,623,63,5,5251,45,0
대전광역시,서구,둔산2동,둔산2동제1투,2760,2122,812,1068,195,26,2,2103,19,638
대전광역시,서구,둔산2동,둔산2동제2투,3114,2482,1043,1100,291,28,1,2463,19,632
대전광역시,서구,둔산2동,둔산2동제3투,3095,2351,922,1167,216,29,2,2336,15,744
대전광역시,서구,둔산2동,둔산2동제4투,2492,2026,804,1044,158,15,0,2021,5,466
대전광역시,서구,둔산2동,둔산2동제5투,2435,1962,915,800,193,33,3,1944,18,473
대전광역시,서구,둔산2동,둔산2동제6투,2506,2051,956,815,228,32,2,2033,18,455
대전광역시,서구,둔산2동,둔산2동제7투,2863,1607,589,765,209,26,2,1591,16,1256
대전광역시,서구,둔산3동,관내사전투표,5300,5300,3341,1453,435,41,7,5277,23,0
대전광역시,서구,둔산3동,둔산3동제1투,1712,1298,456,724,97,10,0,1287,11,414
대전광역시,서구,둔산3동,둔산3동제2투,2237,1682,589,938,135,14,0,1676,6,555
대전광역시,서구,둔산3동,둔산3동제3투,1727,1333,318,895,94,20,0,1327,6,394
대전광역시,서구,둔산3동,둔산3동제4투,2960,2090,716,1142,188,27,0,2073,17,870
대전광역시,서구,둔산3동,둔산3동제5투,1329,890,333,496,45,8,0,882,8,439
대전광역시,서구,괴정동,관내사전투표,2392,2392,1544,554,252,24,1,2375,17,0
대전광역시,서구,괴정동,괴정동제1투,3088,1668,609,870,144,18,1,1642,26,1420
대전광역시,서구,괴정동,괴정동제2투,3348,1688,622,800,214,24,5,1665,23,1660
대전광역시,서구,괴정동,괴정동제3투,2953,1547,532,834,144,18,1,1529,18,1406
대전광역시,서구,괴정동,괴정동제4투,2462,1477,564,727,156,16,4,1467,10,985
대전광역시,서구,가장동,관내사전투표,2416,2416,1470,755,151,26,1,2403,13,0
대전광역시,서구,가장동,가장동제1투,2436,1552,555,859,101,20,1,1536,16,884
대전광역시,서구,가장동,가장동제2투,2175,1689,603,955,109,11,0,1678,11,486
대전광역시,서구,가장동,가장동제3투,1553,1074,314,641,97,12,3,1067,7,479
대전광역시,서구,내동,관내사전투표,3660,3660,2350,1016,237,32,4,3639,21,0
대전광역시,서구,내동,내동제1투,1846,1156,433,617,82,9,3,1144,12,690
대전광역시,서구,내동,내동제2투,2150,1207,391,687,99,14,1,1192,15,943
대전광역시,서구,내동,내동제3투,3065,2021,771,1096,122,18,1,2008,13,1044
대전광역시,서구,내동,내동제4투,2751,2190,763,1273,122,17,2,2177,13,561
대전광역시,서구,내동,내동제5투,2791,2023,716,1113,164,13,1,2007,16,768
대전광역시,서구,갈마1동,관내사전투표,4317,4317,2708,1233,287,52,3,4283,34,0
대전광역시,서구,갈마1동,갈마1동제1투,1796,1333,408,805,97,12,1,1323,10,463
대전광역시,서구,갈마1동,갈마1동제2투,1825,1100,350,638,97,12,1,1098,2,725
대전광역시,서구,갈마1동,갈마1동제3투,3467,1825,638,926,217,26,0,1807,18,1642
대전광역시,서구,갈마1동,갈마1동제4투,2695,1604,587,824,161,19,1,1592,12,1091
대전광역시,서구,갈마1동,갈마1동제5투,2994,1761,579,897,243,18,2,1739,22,1233
대전광역시,서구,갈마2동,관내사전투표,4678,4678,2972,1103,505,50,7,4637,41,0
대전광역시,서구,갈마2동,갈마2동제1투,3337,1443,475,709,217,20,4,1425,18,1894
대전광역시,서구,갈마2동,갈마2동제2투,2731,1777,717,866,153,24,2,1762,15,954
대전광역시,서구,갈마2동,갈마2동제3투,2456,1660,694,767,151,26,1,1639,21,796
대전광역시,서구,갈마2동,갈마2동제4투,2620,1316,466,653,167,14,1,1301,15,1304
대전광역시,서구,갈마2동,갈마2동제5투,3268,1892,671,998,178,19,4,1870,22,1376
대전광역시,서구,월평1동,관내사전투표,2413,2413,1477,547,317,40,3,2384,29,0
대전광역시,서구,월평1동,월평1동제1투,2033,1172,380,600,156,16,0,1152,20,861
대전광역시,서구,월평1동,월평1동제2투,2505,1528,499,802,187,19,2,1509,19,977
대전광역시,서구,월평1동,월평1동제3투,2411,1327,422,687,187,16,1,1313,14,1084
대전광역시,서구,월평2동,관내사전투표,4144,4144,2537,1153,365,46,3,4104,40,0
대전광역시,서구,월평2동,월평2동제1투,1097,642,216,362,52,4,0,634,8,455
대전광역시,서구,월평2동,월평2동제2투,2309,1759,613,977,149,12,0,1751,8,550
대전광역시,서구,월평2동,월평2동제3투,1429,922,295,543,68,8,1,915,7,507
대전광역시,서구,월평2동,월평2동제4투,2497,1830,520,1170,111,15,0,1816,14,667
대전광역시,서구,월평3동,관내사전투표,4268,4268,2666,1114,406,43,2,4231,37,0
대전광역시,서구,월평3동,월평3동제1투,1437,1010,297,609,82,11,0,999,11,427
대전광역시,서구,월평3동,월평3동제2투,1613,1183,430,626,106,14,1,1177,6,430
대전광역시,서구,월평3동,월평3동제3투,2673,2117,840,1020,205,31,5,2101,16,556
대전광역시,서구,월평3동,월평3동제4투,2794,2266,777,1263,180,25,0,2245,21,528
대전광역시,서구,월평3동,월평3동제5투,1793,1325,498,678,127,16,0,1319,6,468
대전광역시,서구,만년동,관내사전투표,3792,3792,2295,869,541,49,5,3759,33,0
대전광역시,서구,만년동,만년동제1투,2789,1951,610,967,321,28,2,1928,23,838
대전광역시,서구,만년동,만년동제2투,1356,1043,407,497,123,12,0,1039,4,313
대전광역시,서구,만년동,만년동제3투,1979,1541,479,905,136,9,2,1531,10,438
대전광역시,서구,가수원동,관내사전투표,3405,3405,2114,977,254,32,4,3381,24,0
대전광역시,서구,가수원동,가수원동제1투,1659,1043,336,633,61,4,0,1034,9,616
대전광역시,서구,가수원동,가수원동제2투,1989,1330,437,787,83,12,2,1321,9,659
대전광역시,서구,가수원동,가수원동제3투,2099,1345,508,733,82,12,0,1335,10,754
대전광역시,서구,도안동,관내사전투표,4268,4268,2907,927,388,23,3,4248,20,0
대전광역시,서구,도안동,도안동제1투,3015,2240,931,1078,192,22,1,2224,16,775
대전광역시,서구,도안동,도안동제2투,3093,2011,841,903,238,17,0,1999,12,1082
대전광역시,서구,도안동,도안동제3투,1721,1308,637,558,86,18,0,1299,9,413
대전광역시,서구,도안동,도안동제4투,3232,2514,1162,1116,204,21,0,2503,11,718
대전광역시,서구,도안동,도안동제5투,4297,3031,1324,1356,302,34,1,3017,14,1266
대전광역시,서구,도안동,도안동제6투,3147,2321,1061,987,240,21,2,2311,10,826
대전광역시,서구,관저1동,관내사전투표,4159,4158,2698,951,450,33,2,4134,24,1
대전광역시,서구,관저1동,관저1동제1투,2758,1798,702,853,206,22,1,1784,14,960
대전광역시,서구,관저1동,관저1동제2투,1838,1353,469,742,117,16,0,1344,9,485
대전광역시,서구,관저1동,관저1동제3투,3039,2113,855,1017,199,22,1,2094,19,926
대전광역시,서구,관저2동,관내사전투표,8790,8789,6040,1954,674,76,7,8751,38,1
대전광역시,서구,관저2동,관저2동제1투,1719,1188,408,661,96,12,2,1179,9,531
대전광역시,서구,관저2동,관저2동제2투,3100,2296,1050,954,237,28,4,2273,23,804
대전광역시,서구,관저2동,관저2동제3투,2506,1725,809,722,162,13,2,1708,17,781
대전광역시,서구,관저2동,관저2동제4투,3228,2180,905,1006,208,27,2,2148,32,1048
대전광역시,서구,관저2동,관저2동제5투,3068,2209,1019,936,216,24,2,2197,12,859
대전광역시,서구,관저2동,관저2동제6투,2510,1837,873,766,176,10,3,1828,9,673
대전광역시,서구,관저2동,관저2동제7투,2378,1539,709,650,154,15,1,1529,10,839
대전광역시,서구,관저2동,관저2동제8투,2454,1733,839,694,164,16,4,1717,16,721
대전광역시,서구,관저2동,관저2동제9투,3557,2493,1183,1028,243,24,1,2479,14,1064
대전광역시,서구,기성동,관내사전투표,1137,1137,600,443,61,4,3,1111,26,0
대전광역시,서구,기성동,기성동제1투,510,277,68,197,8,2,0,275,2,233
대전광역시,서구,기성동,기성동제2투,710,387,129,231,16,2,3,381,6,323
대전광역시,서구,기성동,기성동제3투,823,490,123,293,22,10,3,451,39,333
대전광역시,유성구,거소·선상투표,,374,359,131,139,72,2,1,345,14,15
대전광역시,유성구,관외사전투표,,34256,34254,19535,8591,5333,375,31,33865,389,2
대전광역시,유성구,재외투표,,1853,1528,979,326,180,29,1,1515,13,325
대전광역시,유성구,진잠동,관내사전투표,3914,3914,2659,966,237,27,3,3892,22,0
대전광역시,유성구,진잠동,진잠동제1투,2622,1384,469,782,110,13,2,1376,8,1238
대전광역시,유성구,진잠동,진잠동제2투,2159,1556,644,748,135,13,1,1541,15,603
대전광역시,유성구,진잠동,진잠동제3투,2034,1516,616,754,123,17,0,1510,6,518
대전광역시,유성구,진잠동,진잠동제4투,1971,1085,358,592,114,13,0,1077,8,886
대전광역시,유성구,진잠동,진잠동제5투,322,217,64,138,13,1,0,216,1,105
대전광역시,유성구,진잠동,진잠동제6투,459,312,93,197,15,3,1,309,3,147
대전광역시,유성구,진잠동,진잠동제7투,2576,1894,894,864,114,13,0,1885,9,682
대전광역시,유성구,진잠동,진잠동제8투,2459,1764,763,827,144,22,3,1759,5,695
대전광역시,유성구,학하동,관내사전투표,4841,4841,2966,1171,607,49,7,4800,41,0
대전광역시,유성구,학하동,학하동제1투,3134,2008,729,1065,183,15,0,1992,16,1126
대전광역시,유성구,학하동,학하동제2투,2162,1595,651,769,153,14,2,1589,6,567
대전광역시,유성구,학하동,학하동제3투,2500,1565,489,806,243,7,2,1547,18,935
대전광역시,유성구,학하동,학하동제4투,2365,1719,536,1027,125,22,4,1714,5,646
대전광역시,유성구,원신흥동,관내사전투표,5782,5782,3815,1344,531,45,5,5740,42,0
대전광역시,유성구,원신흥동,원신흥동제1투,2936,2155,871,1071,181,21,3,2147,8,781
대전광역시,유성구,원신흥동,원신흥동제2투,2710,2207,852,1104,207,25,2,2190,17,503
대전광역시,유성구,원신흥동,원신흥동제3투,3433,2449,924,1256,236,22,1,2439,10,984
대전광역시,유성구,원신흥동,원신흥동제4투,3140,2089,852,1024,175,20,2,2073,16,1051
대전광역시,유성구,원신흥동,원신흥동제5투,3390,2346,1008,1024,270,22,5,2329,17,1044
대전광역시,유성구,상대동,관내사전투표,3504,3504,2274,890,298,26,3,3491,13,0
대전광역시,유성구,상대동,상대동제1투,2597,1627,624,833,146,18,0,1621,6,970
대전광역시,유성구,상대동,상대동제2투,2912,2180,822,1089,225,30,2,2168,12,732
대전광역시,유성구,상대동,상대동제3투,2841,2269,706,1331,191,32,0,2260,9,572
대전광역시,유성구,상대동,상대동제4투,4089,3088,1250,1487,304,28,0,3069,19,1001
대전광역시,유성구,온천1동,관내사전투표,7366,7366,4376,1898,929,79,9,7291,75,0
대전광역시,유성구,온천1동,온천1동제1투,3508,2129,714,1133,227,24,1,2099,30,1379
대전광역시,유성구,온천1동,온천1동제2투,3611,2148,663,1256,188,20,4,2131,17,1463
대전광역시,유성구,온천1동,온천1동제3투,3412,2035,576,1168,247,15,1,2007,28,1377
대전광역시,유성구,온천1동,온천1동제4투,3567,2148,732,955,398,36,2,2123,25,1419
대전광역시,유성구,온천1동,온천1동제5투,2425,1571,489,797,243,20,0,1549,22,854
대전광역시,유성구,온천2동,관내사전투표,6061,6061,3401,1224,1274,106,4,6009,52,0
대전광역시,유성구,온천2동,온천2동제1투,2703,1672,590,890,169,13,1,1663,9,1031
대전광역시,유성구,온천2동,온천2동제2투,2565,1736,590,978,136,20,0,1724,12,829
대전광역시,유성구,온천2동,온천2동제3투,3048,2149,563,1046,480,33,2,2124,25,899
대전광역시,유성구,온천2동,온천2동제4투,1579,1176,358,659,129,17,1,1164,12,403
대전광역시,유성구,온천2동,온천2동제5투,1809,1419,515,711,149,30,0,1405,14,390
대전광역시,유성구,온천2동,온천2동제6투,2101,1574,558,761,216,20,3,1558,16,527
대전광역시,유성구,온천2동,온천2동제7투,3084,2240,783,1163,250,22,4,2222,18,844
대전광역시,유성구,온천2동,온천2동제8투,2388,1897,812,819,228,25,0,1884,13,491
대전광역시,유성구,온천2동,온천2동제9투,2420,1978,773,903,268,15,2,1961,17,442
대전광역시,유성구,온천2동,온천2동제10투,2024,1671,758,693,196,13,0,1660,11,353
대전광역시,유성구,노은1동,관내사전투표,6305,6305,4200,1363,618,75,0,6256,49,0
대전광역시,유성구,노은1동,노은1동제1투,2228,1527,558,697,229,21,3,1508,19,701
대전광역시,유성구,노은1동,노은1동제2투,2314,1778,701,865,173,24,4,1767,11,536
대전광역시,유성구,노은1동,노은1동제3투,3051,2157,871,1034,202,28,2,2137,20,894
대전광역시,유성구,노은1동,노은1동제4투,2638,1860,599,1115,115,16,0,1845,15,778
대전광역시,유성구,노은2동,관내사전투표,3511,3511,2325,810,317,41,3,3496,15,0
대전광역시,유성구,노은2동,노은2동제1투,2965,2276,944,1079,208,25,6,2262,14,689
대전광역시,유성구,노은2동,노은2동제2투,3149,2358,1035,1055,209,44,0,2343,15,791
대전광역시,유성구,노은2동,노은2동제3투,2260,1622,638,827,135,14,0,1614,8,638
대전광역시,유성구,노은2동,노은2동제4투,2340,1672,588,904,143,24,2,1661,11,668
대전광역시,유성구,노은2동,노은2동제5투,1431,1183,576,472,105,24,1,1178,5,248
대전광역시,유성구,노은3동,관내사전투표,6920,6919,4830,1420,547,74,2,6873,46,1
대전광역시,유성구,노은3동,노은3동제1투,2143,1706,809,717,153,15,3,1697,9,437
대전광역시,유성구,노은3동,노은3동제2투,3005,2190,880,1088,179,29,3,2179,11,815
대전광역시,유성구,노은3동,노은3동제3투,1948,1504,639,694,141,19,1,1494,10,444
대전광역시,유성구,노은3동,노은3동제4투,2038,1599,606,838,141,9,0,1594,5,439
대전광역시,유성구,노은3동,노은3동제5투,2526,2043,958,867,188,18,2,2033,10,483
대전광역시,유성구,노은3동,노은3동제6투,1766,1268,594,543,106,14,1,1258,10,498
대전광역시,유성구,노은3동,노은3동제7투,2323,1697,820,716,131,20,3,1690,7,626
대전광역시,유성구,노은3동,노은3동제8투,2121,1494,546,759,155,20,2,1482,12,627
대전광역시,유성구,신성동,관내사전투표,6134,6134,3610,1396,991,72,8,6077,57,0
대전광역시,유성구,신성동,신성동제1투,1548,926,270,477,166,9,0,922,4,622
대전광역시,유성구,신성동,신성동제2투,2955,2317,824,1156,287,29,1,2297,20,638
대전광역시,유성구,신성동,신성동제3투,2500,1796,633,824,289,26,3,1775,21,704
대전광역시,유성구,신성동,신성동제4투,1993,1439,528,767,121,12,0,1428,11,554
대전광역시,유성구,신성동,신성동제5투,1767,1234,345,711,161,9,1,1227,7,533
대전광역시,유성구,신성동,신성동제6투,2395,1843,441,1154,217,17,0,1829,14,552
대전광역시,유성구,전민동,관내사전투표,6523,6523,4228,1297,859,87,5,6476,47,0
대전광역시,유성구,전민동,전민동제1투,1998,1344,516,635,161,16,0,1328,16,654
대전광역시,유성구,전민동,전민동제2투,2466,1684,505,836,303,22,2,1668,16,782
대전광역시,유성구,전민동,전민동제3투,1912,1482,589,729,134,18,3,1473,9,430
대전광역시,유성구,전민동,전민동제4투,2027,1566,639,780,114,17,2,1552,14,461
대전광역시,유성구,전민동,전민동제5투,2428,1861,715,936,169,27,1,1848,13,567
대전광역시,유성구,전민동,전민동제6투,2204,1779,785,685,276,14,2,1762,17,425
대전광역시,유성구,구즉동,관내사전투표,6525,6525,4521,1308,584,54,4,6471,54,0
대전광역시,유성구,구즉동,구즉동제1투,2992,1654,570,787,262,21,1,1641,13,1338
대전광역시,유성구,구즉동,구즉동제2투,251,163,40,114,8,1,0,163,0,88
대전광역시,유성구,구즉동,구즉동제3투,2795,2047,994,817,191,25,6,2033,14,748
대전광역시,유성구,구즉동,구즉동제4투,2636,1826,819,758,204,22,5,1808,18,810
대전광역시,유성구,구즉동,구즉동제5투,2404,1705,806,695,168,19,4,1692,13,699
대전광역시,유성구,구즉동,구즉동제6투,3513,2405,1012,1123,214,32,5,2386,19,1108
대전광역시,유성구,구즉동,구즉동제7투,3082,2327,1108,879,299,20,6,2312,15,755
대전광역시,유성구,관평동,관내사전투표,8385,8385,5621,1595,1007,95,3,8321,64,0
대전광역시,유성구,관평동,관평동제1투,2224,1746,822,699,190,16,2,1729,17,478
대전광역시,유성구,관평동,관평동제2투,2483,1896,896,789,180,21,0,1886,10,587
대전광역시,유성구,관평동,관평동제3투,2587,1984,879,860,201,31,1,1972,12,603
대전광역시,유성구,관평동,관평동제4투,3686,2712,949,1430,291,31,0,2701,11,974
대전광역시,유성구,관평동,관평동제5투,3203,2111,760,986,328,15,7,2096,15,1092
대전광역시,유성구,관평동,관평동제6투,3738,2962,1435,1079,387,42,2,2945,17,776
대전광역시,대덕구,거소·선상투표,,232,223,96,67,44,2,4,213,10,9
대전광역시,대덕구,관외사전투표,,14160,14159,8200,3614,2014,142,25,13995,164,1
대전광역시,대덕구,재외투표,,489,387,273,68,41,5,0,387,0,102
대전광역시,대덕구,오정동,관내사전투표,2018,2018,1263,594,136,10,3,2006,12,0
대전광역시,대덕구,오정동,오정동제1투,1514,997,362,563,60,8,1,994,3,517
대전광역시,대덕구,오정동,오정동제2투,814,520,168,304,37,7,2,518,2,294
대전광역시,대덕구,오정동,오정동제3투,1716,1027,305,576,124,13,0,1018,9,689
대전광역시,대덕구,오정동,오정동제4투,1353,740,243,428,56,7,2,736,4,613
대전광역시,대덕구,오정동,오정동제5투,1993,1470,600,747,92,14,0,1453,17,523
대전광역시,대덕구,오정동,오정동제6투,1174,800,264,485,35,12,2,798,2,374
대전광역시,대덕구,대화동,관내사전투표,1379,1379,891,375,86,12,3,1367,12,0
대전광역시,대덕구,대화동,대화동제1투,1342,727,261,365,48,19,5,698,29,615
대전광역시,대덕구,대화동,대화동제2투,1000,627,231,329,56,6,1,623,4,373
대전광역시,대덕구,대화동,대화동제3투,1217,729,281,383,51,9,2,726,3,488
대전광역시,대덕구,회덕동,관내사전투표,1829,1829,1166,517,115,16,3,1817,12,0
대전광역시,대덕구,회덕동,회덕동제1투,2671,2080,904,948,184,26,4,2066,14,591
대전광역시,대덕구,회덕동,회덕동제2투,1584,1057,380,593,65,8,3,1049,8,527
대전광역시,대덕구,회덕동,회덕동제3투,1228,706,239,412,45,7,1,704,2,522
대전광역시,대덕구,회덕동,회덕동제4투,2289,1718,653,945,94,15,1,1708,10,571
대전광역시,대덕구,회덕동,회덕동제5투,374,258,72,158,21,2,1,254,4,116
대전광역시,대덕구,비래동,관내사전투표,3118,3118,2072,814,186,25,5,3102,16,0
대전광역시,대덕구,비래동,비래동제1투,1781,1210,424,678,88,10,2,1202,8,571
대전광역시,대덕구,비래동,비래동제2투,1690,1105,385,619,85,7,2,1098,7,585
대전광역시,대덕구,비래동,비래동제3투,1818,1201,482,611,86,8,2,1189,12,617
대전광역시,대덕구,비래동,비래동제4투,2099,1474,572,783,88,13,2,1458,16,625
대전광역시,대덕구,비래동,비래동제5투,1688,1187,468,629,72,6,3,1178,9,501
대전광역시,대덕구,송촌동,관내사전투표,5074,5074,3402,1227,367,46,2,5044,30,0
대전광역시,대덕구,송촌동,송촌동제1투,2301,1729,725,823,154,19,1,1722,7,572
대전광역시,대덕구,송촌동,송촌동제2투,2344,1631,625,845,132,18,1,1621,10,713
대전광역시,대덕구,송촌동,송촌동제3투,2313,1653,729,755,140,20,0,1644,9,660
대전광역시,대덕구,송촌동,송촌동제4투,2511,1892,784,908,145,30,4,1871,21,619
대전광역시,대덕구,송촌동,송촌동제5투,2173,1380,512,748,86,14,3,1363,17,793
대전광역시,대덕구,송촌동,송촌동제6투,2278,1461,602,739,88,20,0,1449,12,817
대전광역시,대덕구,중리동,관내사전투표,2730,2730,1755,778,161,22,1,2717,13,0
대전광역시,대덕구,중리동,중리동제1투,1463,925,302,552,64,2,1,921,4,538
대전광역시,대덕구,중리동,중리동제2투,1406,923,399,430,81,5,1,916,7,483
대전광역시,대덕구,중리동,중리동제3투,2072,1263,489,623,118,18,0,1248,15,809
대전광역시,대덕구,중리동,중리동제4투,1720,1076,386,586,92,5,0,1069,7,644
대전광역시,대덕구,중리동,중리동제5투,3263,1944,683,1094,135,15,2,1929,15,1319
대전광역시,대덕구,중리동,중리동제6투,1492,925,359,492,64,5,0,920,5,567
대전광역시,대덕구,법1동,관내사전투표,2886,2886,1813,823,192,28,4,2860,26,0
대전광역시,대덕구,법1동,법1동제1투,2487,1824,724,893,163,19,4,1803,21,663
대전광역시,대덕구,법1동,법1동제2투,2245,1586,579,866,113,15,2,1575,11,659
대전광역시,대덕구,법1동,법1동제3투,2180,1267,428,721,85,14,3,1251,16,913
대전광역시,대덕구,법2동,관내사전투표,3413,3413,2035,1098,215,32,3,3383,30,0
대전광역시,대덕구,법2동,법2동제1투,1530,981,328,597,31,9,3,968,13,549
대전광역시,대덕구,법2동,법2동제2투,2351,1773,595,1030,123,11,1,1760,13,578
대전광역시,대덕구,법2동,법2동제3투,3022,2110,745,1161,158,26,2,2092,18,912
대전광역시,대덕구,법2동,법2동제4투,1784,1407,614,660,106,16,3,1399,8,377
대전광역시,대덕구,신탄진동,관내사전투표,3130,3130,1949,868,271,15,4,3107,23,0
대전광역시,대덕구,신탄진동,신탄진동제1투,1942,1096,362,606,110,8,2,1088,8,846
대전광역시,대덕구,신탄진동,신탄진동제2투,1965,1351,497,714,111,18,2,1342,9,614
대전광역시,대덕구,신탄진동,신탄진동제3투,2096,1369,529,729,84,15,2,1359,10,727
대전광역시,대덕구,신탄진동,신탄진동제4투,342,228,68,137,17,5,0,227,1,114
대전광역시,대덕구,신탄진동,신탄진동제5투,3215,2442,1028,1093,281,19,2,2423,19,773
대전광역시,대덕구,석봉동,관내사전투표,3565,3565,2349,872,289,32,3,3545,20,0
대전광역시,대덕구,석봉동,석봉동제1투,1950,1235,498,626,84,13,1,1222,13,715
대전광역시,대덕구,석봉동,석봉동제2투,1339,788,240,476,55,6,0,777,11,551
대전광역시,대덕구,석봉동,석봉동제3투,3123,2283,966,1034,248,19,1,2268,15,840
대전광역시,대덕구,석봉동,석봉동제4투,1991,1417,656,593,148,10,1,1408,9,574
대전광역시,대덕구,덕암동,관내사전투표,2594,2594,1683,683,182,27,2,2577,17,0
대전광역시,대덕구,덕암동,덕암동제1투,2162,1250,495,609,119,14,1,1238,12,912
대전광역시,대덕구,덕암동,덕암동제2투,2735,1775,705,893,155,9,1,1763,12,960
대전광역시,대덕구,덕암동,덕암동제3투,2404,1535,608,786,113,16,1,1524,11,869
대전광역시,대덕구,덕암동,덕암동제4투,550,383,111,209,49,7,1,377,6,167
대전광역시,대덕구,목상동,관내사전투표,1667,1667,1083,432,127,14,3,1659,8,0
대전광역시,대덕구,목상동,목상동제1투,1829,981,419,458,85,8,0,970,11,848
대전광역시,대덕구,목상동,목상동제2투,1639,1089,493,486,84,12,4,1079,10,550
울산광역시,중구,거소·선상투표,,215,205,53,102,38,1,1,195,10,10
울산광역시,중구,관외사전투표,,14171,14169,6913,4882,2056,182,23,14056,113,2
울산광역시,중구,재외투표,,719,572,374,127,59,7,0,567,5,147
울산광역시,중구,학성동,관내사전투표,2849,2849,1432,1188,181,26,3,2830,19,0
울산광역시,중구,학성동,학성동제1투,2411,1647,366,1108,137,19,2,1632,15,764
울산광역시,중구,학성동,학성동제2투,1377,951,219,660,56,6,2,943,8,426
울산광역시,중구,학성동,학성동제3투,1393,935,238,636,45,13,2,934,1,458
울산광역시,중구,학성동,학성동제4투,1477,982,224,688,55,5,2,974,8,495
울산광역시,중구,반구1동,관내사전투표,4022,4022,2254,1402,269,56,6,3987,35,0
울산광역시,중구,반구1동,반구1동제1투,2109,1461,436,885,108,19,2,1450,11,648
울산광역시,중구,반구1동,반구1동제2투,2211,1459,428,911,94,17,1,1451,8,752
울산광역시,중구,반구1동,반구1동제3투,2688,1803,464,1197,115,15,4,1795,8,885
울산광역시,중구,반구1동,반구1동제4투,2019,1427,487,809,110,14,0,1420,7,592
울산광역시,중구,반구2동,관내사전투표,1929,1929,1004,749,145,18,1,1917,12,0
울산광역시,중구,반구2동,반구2동제1투,1715,1112,237,772,77,16,1,1103,9,603
울산광역시,중구,반구2동,반구2동제2투,1746,1206,321,769,97,12,0,1199,7,540
울산광역시,중구,반구2동,반구2동제3투,1577,1105,302,693,83,9,1,1088,17,472
울산광역시,중구,복산동,관내사전투표,3033,3033,1768,943,263,33,4,3011,22,0
울산광역시,중구,복산동,복산동제1투,1512,1136,314,748,60,10,0,1132,4,376
울산광역시,중구,복산동,복산동제2투,4119,3215,1097,1709,350,31,3,3190,25,904
울산광역시,중구,복산동,복산동제3투,2100,1441,435,896,88,11,2,1432,9,659
울산광역시,중구,복산동,복산동제4투,2484,1853,639,1012,164,21,3,1839,14,631
울산광역시,중구,복산동,복산동제5투,1487,1037,293,666,56,11,1,1027,10,450
울산광역시,중구,성안동,관내사전투표,4852,4852,3086,1331,354,53,1,4825,27,0
울산광역시,중구,성안동,성안동제1투,2680,1743,592,992,129,15,2,1730,13,937
울산광역시,중구,성안동,성안동제2투,2581,1697,485,1078,96,21,3,1683,14,884
울산광역시,중구,성안동,성안동제3투,3000,2021,664,1186,144,14,2,2010,11,979
울산광역시,중구,성안동,성안동제4투,2861,1901,652,1082,139,20,2,1895,6,960
울산광역시,중구,중앙동,관내사전투표,2631,2631,1312,1028,246,25,4,2615,16,0
울산광역시,중구,중앙동,중앙동제1투,2121,1408,279,1045,73,5,0,1402,6,713
울산광역시,중구,중앙동,중앙동제2투,1910,1284,274,934,51,10,3,1272,12,626
울산광역시,중구,중앙동,중앙동제3투,1448,944,200,663,67,5,1,936,8,504
울산광역시,중구,중앙동,중앙동제4투,1438,945,205,678,46,9,0,938,7,493
울산광역시,중구,우정동,관내사전투표,3598,3598,1910,1372,250,44,3,3579,19,0
울산광역시,중구,우정동,우정동제1투,3454,2311,539,1566,163,24,0,2292,19,1143
울산광역시,중구,우정동,우정동제2투,1582,1061,241,699,91,10,4,1045,16,521
울산광역시,중구,우정동,우정동제3투,2979,2329,694,1421,168,24,3,2310,19,650
울산광역시,중구,우정동,우정동제4투,2794,2200,620,1396,142,23,4,2185,15,594
울산광역시,중구,태화동,관내사전투표,4543,4543,2723,1420,308,62,6,4519,24,0
울산광역시,중구,태화동,태화동제1투,2065,1410,385,904,98,15,1,1403,7,655
울산광역시,중구,태화동,태화동제2투,1982,1424,382,889,112,25,1,1409,15,558
울산광역시,중구,태화동,태화동제3투,2536,1886,526,1202,122,19,2,1871,15,650
울산광역시,중구,태화동,태화동제4투,2275,1854,648,1066,112,15,4,1845,9,421
울산광역시,중구,태화동,태화동제5투,2257,1739,458,1141,113,11,1,1724,15,518
울산광역시,중구,태화동,태화동제6투,2491,2057,731,1085,195,27,2,2040,17,434
울산광역시,중구,태화동,태화동제7투,2403,1951,769,968,183,23,2,1945,6,452
울산광역시,중구,태화동,태화동제8투,1893,1479,563,736,156,17,3,1475,4,414
울산광역시,중구,다운동,관내사전투표,3716,3716,2080,1317,231,43,5,3676,40,0
울산광역시,중구,다운동,다운동제1투,2640,1899,503,1237,118,24,2,1884,15,741
울산광역시,중구,다운동,다운동제2투,2200,1483,368,1010,79,15,1,1473,10,717
울산광역시,중구,다운동,다운동제3투,1991,1421,395,899,100,16,2,1412,9,570
울산광역시,중구,다운동,다운동제4투,2396,1670,424,1133,83,16,4,1660,10,726
울산광역시,중구,다운동,다운동제5투,2337,1757,525,1111,94,12,2,1744,13,580
울산광역시,중구,다운동,다운동제6투,2588,1967,713,1106,120,18,2,1959,8,621
울산광역시,중구,병영1동,관내사전투표,4323,4323,2386,1581,262,51,8,4288,35,0
울산광역시,중구,병영1동,병영1동제1투,1825,1134,246,797,65,17,2,1127,7,691
울산광역시,중구,병영1동,병영1동제2투,1778,1152,285,770,73,14,1,1143,9,626
울산광역시,중구,병영1동,병영1동제3투,2094,1452,411,937,83,11,1,1443,9,642
울산광역시,중구,병영1동,병영1동제4투,1561,1050,249,735,54,2,2,1042,8,511
울산광역시,중구,병영1동,병영1동제5투,2329,1793,687,925,145,23,4,1784,9,536
울산광역시,중구,병영1동,병영1동제6투,2422,1975,753,983,204,30,0,1970,5,447
울산광역시,중구,병영2동,관내사전투표,3093,3093,1890,936,212,37,2,3077,16,0
울산광역시,중구,병영2동,병영2동제1투,1888,1303,365,835,76,10,3,1289,14,585
울산광역시,중구,병영2동,병영2동제2투,1159,741,239,446,42,9,1,737,4,418
울산광역시,중구,병영2동,병영2동제3투,1128,732,171,504,43,11,0,729,3,396
울산광역시,중구,병영2동,병영2동제4투,1375,896,225,606,51,6,1,889,7,479
울산광역시,중구,병영2동,병영2동제5투,2133,1513,534,838,111,21,1,1505,8,620
울산광역시,중구,병영2동,병영2동제6투,3320,2536,1005,1271,207,37,2,2522,14,784
울산광역시,중구,약사동,관내사전투표,3192,3192,1901,974,258,41,5,3179,13,0
울산광역시,중구,약사동,약사동제1투,2627,1993,663,1113,174,29,3,1982,11,634
울산광역시,중구,약사동,약사동제2투,2148,1625,489,947,153,23,1,1613,12,523
울산광역시,동구,거소·선상투표,,187,179,64,57,47,1,3,172,7,8
울산광역시,동구,관외사전투표,,7323,7322,3582,2371,1138,121,11,7223,99,1
울산광역시,동구,재외투표,,363,290,208,50,22,4,0,284,6,73
울산광역시,동구,방어동,관내사전투표,6421,6421,4119,1753,404,88,9,6373,48,0
울산광역시,동구,방어동,방어동제1투,3400,1923,649,1108,123,24,3,1907,16,1477
울산광역시,동구,방어동,방어동제2투,1911,1201,345,766,69,11,1,1192,9,710
울산광역시,동구,방어동,방어동제3투,1911,1183,436,650,68,18,3,1175,8,728
울산광역시,동구,방어동,방어동제4투,1788,1211,441,674,68,18,1,1202,9,577
울산광역시,동구,방어동,방어동제5투,2702,1755,674,924,107,36,1,1742,13,947
울산광역시,동구,방어동,방어동제6투,3117,2100,964,907,177,41,1,2090,10,1017
울산광역시,동구,방어동,방어동제7투,2698,1749,734,872,110,22,2,1740,9,949
울산광역시,동구,방어동,방어동제8투,2571,1468,628,691,120,18,3,1460,8,1103
울산광역시,동구,방어동,방어동제9투,2288,1675,728,788,112,30,2,1660,15,613
울산광역시,동구,일산동,관내사전투표,2478,2478,1512,739,180,28,5,2464,14,0
울산광역시,동구,일산동,일산동제1투,1329,801,225,508,48,10,3,794,7,528
울산광역시,동구,일산동,일산동제2투,1770,1171,321,736,86,17,1,1161,10,599
울산광역시,동구,화정동,관내사전투표,3844,3844,2405,1139,215,58,3,3820,24,0
울산광역시,동구,화정동,화정동제1투,3161,2524,1177,1036,240,51,4,2508,16,637
울산광역시,동구,화정동,화정동제2투,2040,1237,347,806,67,12,1,1233,4,803
울산광역시,동구,화정동,화정동제3투,2525,1685,644,854,133,29,1,1661,24,840
울산광역시,동구,화정동,화정동제4투,2420,1511,508,870,92,24,2,1496,15,909
울산광역시,동구,대송동,관내사전투표,2868,2868,1827,803,165,50,1,2846,22,0
울산광역시,동구,대송동,대송동제1투,2197,1491,529,801,114,29,5,1478,13,706
울산광역시,동구,대송동,대송동제2투,3757,2392,867,1280,184,37,4,2372,20,1365
울산광역시,동구,전하1동,관내사전투표,3419,3419,2110,945,285,56,3,3399,20,0
울산광역시,동구,전하1동,전하1동제1투,3591,2341,728,1362,195,35,0,2320,21,1250
울산광역시,동구,전하1동,전하1동제2투,1888,1320,527,678,79,21,3,1308,12,568
울산광역시,동구,전하1동,전하1동제3투,2938,2245,864,1079,234,51,3,2231,14,693
울산광역시,동구,전하2동,관내사전투표,5541,5540,3439,1638,341,82,9,5509,31,1
울산광역시,동구,전하2동,전하2동제1투,2798,1746,534,1047,117,26,5,1729,17,1052
울산광역시,동구,전하2동,전하2동제2투,1239,832,278,478,52,19,2,829,3,407
울산광역시,동구,전하2동,전하2동제3투,2146,1704,683,837,135,38,0,1693,11,442
울산광역시,동구,전하2동,전하2동제4투,1414,1134,519,483,111,13,0,1126,8,280
울산광역시,동구,전하2동,전하2동제5투,2183,1798,810,787,160,26,2,1785,13,385
울산광역시,동구,남목1동,관내사전투표,2316,2316,1487,631,141,43,1,2303,13,0
울산광역시,동구,남목1동,남목1동제1투,1234,750,211,469,44,16,2,742,8,484
울산광역시,동구,남목1동,남목1동제2투,3218,2282,807,1280,141,27,2,2257,25,936
울산광역시,동구,남목2동,관내사전투표,5624,5623,3529,1462,493,99,2,5585,38,1
울산광역시,동구,남목2동,남목2동제1투,2372,1546,449,883,172,24,1,1529,17,826
울산광역시,동구,남목2동,남목2동제2투,3219,2318,976,1071,213,41,2,2303,15,901
울산광역시,동구,남목2동,남목2동제3투,1984,1485,599,726,108,32,1,1466,19,499
울산광역시,동구,남목2동,남목2동제4투,2393,1823,757,846,164,42,1,1810,13,570
울산광역시,동구,남목2동,남목2동제5투,3528,2842,1196,1197,350,65,4,2812,30,686
울산광역시,동구,남목3동,관내사전투표,2908,2908,1924,745,160,56,5,2890,18,0
울산광역시,동구,남목3동,남목3동제1투,2803,1839,676,980,120,43,3,1822,17,964
울산광역시,동구,남목3동,남목3동제2투,2496,1746,709,864,120,37,2,1732,14,750
울산광역시,동구,남목3동,남목3동제3투,490,350,75,263,10,1,0,349,1,140
울산광역시,북구,거소·선상투표,,208,198,67,72,49,1,1,190,8,10
울산광역시,북구,관외사전투표,,14008,14005,7181,4299,2122,212,27,13841,164,3
울산광역시,북구,재외투표,,529,420,273,88,51,6,0,418,2,109
울산광역시,북구,농소1동,관내사전투표,4097,4097,2589,1188,231,63,0,4071,26,0
울산광역시,북구,농소1동,농소1동제1투,1968,1331,414,789,105,13,1,1322,9,637
울산광역시,북구,농소1동,농소1동제2투,1645,1037,218,733,60,14,2,1027,10,608
울산광역시,북구,농소1동,농소1동제3투,2913,2202,824,1143,160,45,7,2179,23,711
울산광역시,북구,농소1동,농소1동제4투,1171,768,214,490,49,8,0,761,7,403
울산광역시,북구,농소1동,농소1동제5투,1170,848,357,402,64,18,2,843,5,322
울산광역시,북구,농소1동,농소1동제6투,2597,2026,867,950,164,35,2,2018,8,571
울산광역시,북구,농소1동,농소1동제7투,1889,1542,742,638,125,24,1,1530,12,347
울산광역시,북구,농소1동,농소1동제8투,2783,1721,611,951,121,18,2,1703,18,1062
울산광역시,북구,농소1동,농소1동제9투,3807,3057,1472,1217,280,67,3,3039,18,750
울산광역시,북구,농소2동,관내사전투표,8888,8888,5853,2159,651,139,24,8826,62,0
울산광역시,북구,농소2동,농소2동제1투,3264,2259,918,1069,223,32,3,2245,14,1005
울산광역시,북구,농소2동,농소2동제2투,1291,802,261,470,57,6,4,798,4,489
울산광역시,북구,농소2동,농소2동제3투,1667,1153,365,715,57,11,2,1150,3,514
울산광역시,북구,농소2동,농소2동제4투,1959,1351,450,779,92,18,0,1339,12,608
울산광역시,북구,농소2동,농소2동제5투,1994,1376,558,695,103,15,2,1373,3,618
울산광역시,북구,농소2동,농소2동제6투,3485,2633,1113,1226,228,43,5,2615,18,852
울산광역시,북구,농소2동,농소2동제7투,2915,2239,989,989,188,50,5,2221,18,676
울산광역시,북구,농소2동,농소2동제8투,4130,3028,1461,1218,260,61,4,3004,24,1102
울산광역시,북구,농소2동,농소2동제9투,2751,2211,1038,905,217,36,2,2198,13,540
울산광역시,북구,농소3동,관내사전투표,7285,7285,5174,1490,474,100,8,7246,39,0
울산광역시,북구,농소3동,농소3동제1투,2471,1681,635,914,106,14,0,1669,12,790
울산광역시,북구,농소3동,농소3동제2투,3251,2231,866,1093,215,34,5,2213,18,1020
울산광역시,북구,농소3동,농소3동제3투,2089,1439,516,768,117,26,1,1428,11,650
울산광역시,북구,농소3동,농소3동제4투,2297,1551,610,800,111,17,4,1542,9,746
울산광역시,북구,농소3동,농소3동제5투,1541,1044,412,523,80,15,3,1033,11,497
울산광역시,북구,농소3동,농소3동제6투,2609,1936,923,804,154,31,1,1913,23,673
울산광역시,북구,농소3동,농소3동제7투,2953,2248,883,1126,194,34,1,2238,10,705
울산광역시,북구,농소3동,농소3동제8투,1717,1325,654,519,121,25,1,1320,5,392
울산광역시,북구,강동동,관내사전투표,3454,3454,2222,933,218,57,3,3433,21,0
울산광역시,북구,강동동,강동동제1투,2485,1584,625,804,126,23,0,1578,6,901
울산광역시,북구,강동동,강동동제2투,950,568,108,424,25,2,1,560,8,382
울산광역시,북구,강동동,강동동제3투,496,372,57,292,15,4,0,368,4,124
울산광역시,북구,강동동,강동동제4투,374,260,52,196,11,1,0,260,0,114
울산광역시,북구,강동동,강동동제5투,3613,2458,1024,1207,181,31,1,2444,14,1155
울산광역시,북구,효문동,관내사전투표,5013,5013,3198,1274,419,81,10,4982,31,0
울산광역시,북구,효문동,효문동제1투,1251,790,206,515,58,7,1,787,3,461
울산광역시,북구,효문동,효문동제2투,2147,1612,659,711,197,27,0,1594,18,535
울산광역시,북구,효문동,효문동제3투,1932,1567,583,852,92,19,1,1547,20,365
울산광역시,북구,효문동,효문동제4투,3587,2525,827,1447,200,25,1,2500,25,1062
울산광역시,북구,효문동,효문동제5투,3014,1947,618,1084,197,32,2,1933,14,1067
울산광역시,북구,효문동,효문동제6투,2112,1606,646,776,137,33,2,1594,12,506
울산광역시,북구,효문동,효문동제7투,3124,2232,685,1280,205,40,1,2211,21,892
울산광역시,북구,송정동,관내사전투표,9335,9335,6128,2225,734,168,5,9260,75,0
울산광역시,북구,송정동,송정동제1투,2032,1516,529,844,117,19,3,1512,4,516
울산광역시,북구,송정동,송정동제2투,1427,1044,390,533,102,15,0,1040,4,383
울산광역시,북구,송정동,송정동제3투,2012,1399,447,829,95,19,0,1390,9,613
울산광역시,북구,송정동,송정동제4투,2053,1387,425,818,114,20,1,1378,9,666
울산광역시,북구,송정동,송정동제5투,2422,1622,538,918,128,20,0,1604,18,800
울산광역시,북구,송정동,송정동제6투,1990,1483,613,656,179,23,1,1472,11,507
울산광역시,북구,송정동,송정동제7투,3246,2569,1193,1044,268,42,4,2551,18,677
울산광역시,북구,송정동,송정동제8투,3351,2599,1066,1210,270,35,2,2583,16,752
울산광역시,북구,양정동,관내사전투표,3192,3192,2063,662,366,68,5,3164,28,0
울산광역시,북구,양정동,양정동제1투,3059,2350,1019,1028,223,62,4,2336,14,709
울산광역시,북구,양정동,양정동제2투,1365,911,299,502,88,17,0,906,5,454
울산광역시,북구,양정동,양정동제3투,1870,1303,282,785,211,19,0,1297,6,567
울산광역시,북구,염포동,관내사전투표,3019,3019,1908,712,308,70,3,3001,18,0
울산광역시,북구,염포동,염포동제1투,1063,723,247,391,68,11,1,718,5,340
울산광역시,북구,염포동,염포동제2투,907,594,162,366,46,9,2,585,9,313
울산광역시,북구,염포동,염포동제3투,2061,1431,558,720,102,32,0,1412,19,630
울산광역시,북구,염포동,염포동제4투,1180,687,170,443,66,4,1,684,3,493
울산광역시,울주군,거소·선상투표,,306,291,97,113,69,5,1,285,6,15
울산광역시,울주군,관외사전투표,,18269,18265,8828,6490,2489,242,25,18074,191,4
울산광역시,울주군,재외투표,,817,613,363,148,86,13,0,610,3,204
울산광역시,울주군,범서읍,관내사전투표,11109,11109,6861,2925,1103,138,7,11034,75,0
울산광역시,울주군,범서읍,범서읍제1투,2641,2012,782,1008,168,31,5,1994,18,629
울산광역시,울주군,범서읍,범서읍제2투,2396,1713,451,1065,171,11,2,1700,13,683
울산광역시,울주군,범서읍,범서읍제3투,1242,900,196,666,28,4,3,897,3,342
울산광역시,울주군,범서읍,범서읍제4투,2926,2125,769,1119,196,24,1,2109,16,801
울산광역시,울주군,범서읍,범서읍제5투,3999,2962,1135,1551,229,27,1,2943,19,1037
울산광역시,울주군,범서읍,범서읍제6투,2106,1621,709,749,125,22,1,1606,15,485
울산광역시,울주군,범서읍,범서읍제7투,2271,1794,543,1085,142,10,2,1782,12,477
울산광역시,울주군,범서읍,범서읍제8투,2957,2155,871,1072,169,30,3,2145,10,802
울산광역시,울주군,범서읍,범서읍제9투,2862,2077,807,1063,162,25,4,2061,16,785
울산광역시,울주군,범서읍,범서읍제10투,2324,1768,627,1002,109,15,4,1757,11,556
울산광역시,울주군,범서읍,범서읍제11투,1849,1309,483,667,120,28,2,1300,9,540
울산광역시,울주군,범서읍,범서읍제12투,2589,1964,808,925,180,30,3,1946,18,625
울산광역시,울주군,범서읍,범서읍제13투,3448,2715,1026,1357,275,39,4,2701,14,733
울산광역시,울주군,범서읍,범서읍제14투,2885,2317,861,1198,210,29,4,2302,15,568
울산광역시,울주군,온산읍,관내사전투표,3807,3807,2209,1251,285,32,5,3782,25,0
울산광역시,울주군,온산읍,온산읍제1투,1865,928,270,594,52,4,1,921,7,937
울산광역시,울주군,온산읍,온산읍제2투,1953,1290,477,647,141,13,4,1282,8,663
울산광역시,울주군,온산읍,온산읍제3투,1984,1115,373,680,47,6,1,1107,8,869
울산광역시,울주군,온산읍,온산읍제4투,2235,1309,419,750,119,10,0,1298,11,926
울산광역시,울주군,온산읍,온산읍제5투,1623,916,297,547,59,9,2,914,2,707
울산광역시,울주군,온산읍,온산읍제6투,2099,1449,555,773,92,16,6,1442,7,650
울산광역시,울주군,온산읍,온산읍제7투,617,425,86,322,12,0,0,420,5,192
울산광역시,울주군,언양읍,관내사전투표,7286,7286,3831,2788,533,75,13,7240,46,0
울산광역시,울주군,언양읍,언양읍제1투,1762,1042,223,760,39,8,3,1033,9,720
울산광역시,울주군,언양읍,언양읍제2투,2245,1620,529,961,98,21,2,1611,9,625
울산광역시,울주군,언양읍,언양읍제3투,2181,1578,449,973,125,15,4,1566,12,603
울산광역시,울주군,언양읍,언양읍제4투,2410,1658,433,1059,137,16,1,1646,12,752
울산광역시,울주군,언양읍,언양읍제5투,962,603,95,474,20,9,0,598,5,359
울산광역시,울주군,언양읍,언양읍제6투,2063,1421,395,905,85,20,3,1408,13,642
울산광역시,울주군,언양읍,언양읍제7투,2271,1540,508,898,101,17,4,1528,12,731
울산광역시,울주군,언양읍,언양읍제8투,2385,1854,744,919,146,28,3,1840,14,531
울산광역시,울주군,온양읍,관내사전투표,5305,5305,3046,1783,383,53,7,5272,33,0
울산광역시,울주군,온양읍,온양읍제1투,1358,827,150,637,30,5,0,822,5,531
울산광역시,울주군,온양읍,온양읍제2투,2546,1796,585,1063,124,14,1,1787,9,750
울산광역시,울주군,온양읍,온양읍제3투,2078,1224,387,746,68,13,0,1214,10,854
울산광역시,울주군,온양읍,온양읍제4투,2431,1674,623,873,144,16,5,1661,13,757
울산광역시,울주군,온양읍,온양읍제5투,2995,1973,651,1151,130,19,6,1957,16,1022
울산광역시,울주군,온양읍,온양읍제6투,3137,2126,856,1053,168,24,2,2103,23,1011
울산광역시,울주군,온양읍,온양읍제7투,2002,1462,568,754,114,15,4,1455,7,540
울산광역시,울주군,청량읍,관내사전투표,3696,3696,2029,1298,303,28,6,3664,32,0
울산광역시,울주군,청량읍,청량읍제1투,1033,667,127,508,22,6,0,663,4,366
울산광역시,울주군,청량읍,청량읍제2투,3070,2191,704,1213,231,26,2,2176,15,879
울산광역시,울주군,청량읍,청량읍제3투,2443,1837,508,1171,123,19,3,1824,13,606
울산광역시,울주군,청량읍,청량읍제4투,2595,1924,707,1057,115,25,4,1908,16,671
울산광역시,울주군,청량읍,청량읍제5투,3037,2149,690,1197,210,36,0,2133,16,888
울산광역시,울주군,삼남읍,관내사전투표,4114,4114,2117,1681,268,24,1,4091,23,0
울산광역시,울주군,삼남읍,삼남읍제1투,2916,1776,435,1208,98,19,4,1764,12,1140
울산광역시,울주군,삼남읍,삼남읍제2투,2374,1438,331,1013,78,10,0,1432,6,936
울산광역시,울주군,삼남읍,삼남읍제3투,3000,1950,477,1335,102,17,3,1934,16,1050
울산광역시,울주군,삼남읍,삼남읍제4투,1692,1044,217,752,52,7,2,1030,14,648
울산광역시,울주군,삼남읍,삼남읍제5투,2863,2029,578,1183,220,28,1,2010,19,834
울산광역시,울주군,서생면,관내사전투표,1615,1615,704,794,100,6,1,1605,10,0
울산광역시,울주군,서생면,서생면제1투,1712,1146,186,868,75,8,0,1137,9,566
울산광역시,울주군,서생면,서생면제2투,1111,756,155,567,23,4,1,750,6,355
울산광역시,울주군,서생면,서생면제3투,2244,1488,405,1023,38,15,3,1484,4,756
울산광역시,울주군,웅촌면,관내사전투표,1828,1828,979,710,101,16,3,1809,19,0
울산광역시,울주군,웅촌면,웅촌면제1투,1814,1200,246,901,39,9,1,1196,4,614
울산광역시,울주군,웅촌면,웅촌면제2투,1070,719,148,535,30,3,0,716,3,351
울산광역시,울주군,웅촌면,웅촌면제3투,1836,1263,357,809,71,15,0,1252,11,573
울산광역시,울주군,두동면,관내사전투표,1041,1041,493,479,55,6,2,1035,6,0
울산광역시,울주군,두동면,두동면제1투,1727,1067,237,773,43,6,0,1059,8,660
울산광역시,울주군,두동면,두동면제2투,765,485,74,391,12,5,1,483,2,280
울산광역시,울주군,두서면,관내사전투표,1019,1018,434,451,78,8,7,978,40,1
울산광역시,울주군,두서면,두서면제1투,1155,755,132,583,27,5,2,749,6,400
울산광역시,울주군,두서면,두서면제2투,562,357,66,275,8,4,1,354,3,205
울산광역시,울주군,상북면,관내사전투표,2399,2399,1154,1088,121,22,2,2387,12,0
울산광역시,울주군,상북면,상북면제1투,1647,1033,224,749,46,5,3,1027,6,614
울산광역시,울주군,상북면,상북면제2투,1118,708,140,532,28,3,0,703,5,410
울산광역시,울주군,상북면,상북면제3투,1779,1155,228,872,38,10,1,1149,6,624
울산광역시,울주군,삼동면,관내사전투표,612,612,309,260,28,9,2,608,4,0
울산광역시,울주군,삼동면,삼동면제1투,596,423,75,330,10,6,0,421,2,173
울산광역시,울주군,삼동면,삼동면제2투,382,283,46,221,10,3,0,280,3,99
경기도,수원시장안구,거소·선상투표,,523,501,201,179,78,8,3,469,32,22
경기도,수원시장안구,관외사전투표,,25721,25715,15406,5984,3740,299,37,25466,249,6
경기도,수원시장안구,재외투표,,1373,1162,799,211,124,20,1,1155,7,211
경기도,수원시장안구,파장동,관내사전투표,4841,4841,3284,1198,288,38,4,4812,29,0
경기도,수원시장안구,파장동,파장동제1투,2778,1667,654,872,108,20,3,1657,10,1111
경기도,수원시장안구,파장동,파장동제2투,2423,1489,578,776,115,9,0,1478,11,934
경기도,수원시장안구,파장동,파장동제3투,2200,1769,816,723,194,22,1,1756,13,431
경기도,수원시장안구,파장동,파장동제4투,1961,1243,487,627,114,8,1,1237,6,718
경기도,수원시장안구,파장동,파장동제5투,1680,995,358,552,69,4,5,988,7,685
경기도,수원시장안구,파장동,파장동제6투,2075,1715,768,758,156,23,3,1708,7,360
경기도,수원시장안구,파장동,파장동제7투,1919,1634,758,686,159,22,2,1627,7,285
경기도,수원시장안구,율천동,관내사전투표,8405,8405,4974,1708,1549,88,4,8323,82,0
경기도,수원시장안구,율천동,율천동제1투,2633,1860,549,932,340,18,0,1839,21,773
경기도,수원시장안구,율천동,율천동제2투,2600,1716,596,844,240,19,3,1702,14,884
경기도,수원시장안구,율천동,율천동제3투,2336,1887,825,739,299,12,1,1876,11,449
경기도,수원시장안구,율천동,율천동제4투,2752,2180,1105,844,187,31,3,2170,10,572
경기도,수원시장안구,율천동,율천동제5투,2103,1514,540,753,202,7,0,1502,12,589
경기도,수원시장안구,율천동,율천동제6투,2446,1782,812,774,166,16,2,1770,12,664
경기도,수원시장안구,율천동,율천동제7투,1943,1478,614,664,177,10,0,1465,13,465
경기도,수원시장안구,율천동,율천동제8투,3568,2831,1266,1181,335,30,3,2815,16,737
경기도,수원시장안구,율천동,율천동제9투,2743,2167,954,933,226,34,2,2149,18,576
경기도,수원시장안구,정자1동,관내사전투표,6164,6164,4224,1392,457,41,3,6117,47,0
경기도,수원시장안구,정자1동,정자1동제1투,2994,1865,717,971,144,17,0,1849,16,1129
경기도,수원시장안구,정자1동,정자1동제2투,3905,2985,1389,1251,301,21,5,2967,18,920
경기도,수원시장안구,정자1동,정자1동제3투,2995,2169,852,1095,175,25,1,2148,21,826
경기도,수원시장안구,정자1동,정자1동제4투,2900,2095,869,1074,128,5,1,2077,18,805
경기도,수원시장안구,정자1동,정자1동제5투,3124,2570,1224,1030,278,21,2,2555,15,554
경기도,수원시장안구,정자1동,정자1동제6투,2985,2424,1162,996,223,31,1,2413,11,561
경기도,수원시장안구,정자2동,관내사전투표,4583,4583,3011,1217,282,42,2,4554,29,0
경기도,수원시장안구,정자2동,정자2동제1투,1968,1159,435,623,78,13,0,1149,10,809
경기도,수원시장안구,정자2동,정자2동제2투,2419,1735,688,876,141,18,1,1724,11,684
경기도,수원시장안구,정자2동,정자2동제3투,2421,1516,637,738,121,7,1,1504,12,905
경기도,수원시장안구,정자2동,정자2동제4투,2368,1553,577,823,120,19,2,1541,12,815
경기도,수원시장안구,정자2동,정자2동제5투,2362,1864,838,803,182,21,4,1848,16,498
경기도,수원시장안구,정자2동,정자2동제6투,2496,1821,778,826,180,26,3,1813,8,675
경기도,수원시장안구,정자2동,정자2동제7투,3659,2898,1311,1195,331,40,2,2879,19,761
경기도,수원시장안구,정자2동,정자2동제8투,3800,2987,1375,1249,314,24,3,2965,22,813
경기도,수원시장안구,정자3동,관내사전투표,7861,7861,5553,1484,700,74,6,7817,44,0
경기도,수원시장안구,정자3동,정자3동제1투,1887,1351,564,635,125,14,0,1338,13,536
경기도,수원시장안구,정자3동,정자3동제2투,1930,1526,600,757,132,27,2,1518,8,404
경기도,수원시장안구,정자3동,정자3동제3투,2443,1944,987,715,198,26,2,1928,16,499
경기도,수원시장안구,정자3동,정자3동제4투,2147,1740,838,683,180,21,2,1724,16,407
경기도,수원시장안구,정자3동,정자3동제5투,3216,2622,1245,1037,284,36,0,2602,20,594
경기도,수원시장안구,정자3동,정자3동제6투,3283,2666,1294,1059,280,21,0,2654,12,617
경기도,수원시장안구,정자3동,정자3동제7투,1744,1328,610,558,127,18,3,1316,12,416
경기도,수원시장안구,정자3동,정자3동제8투,2763,2195,1161,749,233,31,3,2177,18,568
경기도,수원시장안구,정자3동,정자3동제9투,1808,1334,544,576,184,13,1,1318,16,474
경기도,수원시장안구,영화동,관내사전투표,3723,3723,2427,1085,167,28,2,3709,14,0
경기도,수원시장안구,영화동,영화동제1투,2021,1068,399,578,72,9,2,1060,8,953
경기도,수원시장안구,영화동,영화동제2투,2231,1290,469,715,84,13,4,1285,5,941
경기도,수원시장안구,영화동,영화동제3투,2736,1779,669,974,112,14,4,1773,6,957
경기도,수원시장안구,영화동,영화동제4투,2141,1413,576,744,66,12,7,1405,8,728
경기도,수원시장안구,영화동,영화동제5투,2354,1431,613,709,84,11,1,1418,13,923
경기도,수원시장안구,송죽동,관내사전투표,3892,3892,2516,1011,305,28,3,3863,29,0
경기도,수원시장안구,송죽동,송죽동제1투,2131,1348,527,695,105,14,2,1343,5,783
경기도,수원시장안구,송죽동,송죽동제2투,2225,1506,618,744,119,10,2,1493,13,719
경기도,수원시장안구,송죽동,송죽동제3투,3918,2698,1150,1283,225,23,1,2682,16,1220
경기도,수원시장안구,송죽동,송죽동제4투,2333,1421,568,758,86,5,0,1417,4,912
경기도,수원시장안구,조원1동,관내사전투표,4912,4911,3218,1294,326,43,3,4884,27,1
경기도,수원시장안구,조원1동,조원1동제1투,2800,1631,627,852,122,14,0,1615,16,1169
경기도,수원시장안구,조원1동,조원1동제2투,2191,1416,584,702,104,10,1,1401,15,775
경기도,수원시장안구,조원1동,조원1동제3투,2752,1851,868,796,151,14,2,1831,20,901
경기도,수원시장안구,조원1동,조원1동제4투,2295,1554,648,749,133,12,3,1545,9,741
경기도,수원시장안구,조원1동,조원1동제5투,2434,1714,575,1012,105,13,0,1705,9,720
경기도,수원시장안구,조원1동,조원1동제6투,1745,1288,499,644,122,12,1,1278,10,457
경기도,수원시장안구,조원1동,조원1동제7투,2351,1780,706,909,136,19,1,1771,9,571
경기도,수원시장안구,조원2동,관내사전투표,5131,5131,3266,1403,392,45,5,5111,20,0
경기도,수원시장안구,조원2동,조원2동제1투,2668,2011,676,1132,172,16,4,2000,11,657
경기도,수원시장안구,조원2동,조원2동제2투,2272,1735,572,985,145,16,2,1720,15,537
경기도,수원시장안구,조원2동,조원2동제3투,2236,1694,652,845,167,17,3,1684,10,542
경기도,수원시장안구,조원2동,조원2동제4투,1916,1445,473,811,138,10,3,1435,10,471
경기도,수원시장안구,연무동,관내사전투표,2765,2765,1727,783,221,16,3,2750,15,0
경기도,수원시장안구,연무동,연무동제1투,1037,572,204,332,31,2,1,570,2,465
경기도,수원시장안구,연무동,연무동제2투,1667,1059,367,600,74,8,1,1050,9,608
경기도,수원시장안구,연무동,연무동제3투,1995,1355,447,776,114,9,1,1347,8,640
경기도,수원시장안구,연무동,연무동제4투,2325,1503,552,802,124,13,2,1493,10,822
경기도,수원시장안구,연무동,연무동제5투,2731,1844,605,1024,175,20,3,1827,17,887
경기도,수원시장안구,연무동,연무동제6투,1713,1414,563,684,143,11,3,1404,10,299
경기도,수원시권선구,거소·선상투표,,485,465,211,136,84,5,4,440,25,20
경기도,수원시권선구,관외사전투표,,35093,35088,21414,8145,4774,357,40,34730,358,5
경기도,수원시권선구,재외투표,,1508,1208,849,216,118,15,1,1199,9,300
경기도,수원시권선구,세류1동,관내사전투표,2442,2442,1540,644,221,20,1,2426,16,0
경기도,수원시권선구,세류1동,세류1동제1투,1439,1114,432,557,110,4,0,1103,11,325
경기도,수원시권선구,세류1동,세류1동제2투,1911,1211,461,596,114,17,4,1192,19,700
경기도,수원시권선구,세류1동,세류1동제3투,2258,1684,665,825,162,16,2,1670,14,574
경기도,수원시권선구,세류2동,관내사전투표,3509,3509,2286,936,237,30,3,3492,17,0
경기도,수원시권선구,세류2동,세류2동제1투,2513,1414,544,736,105,17,2,1404,10,1099
경기도,수원시권선구,세류2동,세류2동제2투,2111,1402,556,713,109,13,0,1391,11,709
경기도,수원시권선구,세류2동,세류2동제3투,2465,1364,524,673,136,14,2,1349,15,1101
경기도,수원시권선구,세류2동,세류2동제4투,2803,1623,696,780,117,18,1,1612,11,1180
경기도,수원시권선구,세류2동,세류2동제5투,2605,1646,661,819,129,17,2,1628,18,959
경기도,수원시권선구,세류2동,세류2동제6투,2227,1413,571,674,145,12,3,1405,8,814
경기도,수원시권선구,세류3동,관내사전투표,3423,3423,2192,982,206,26,1,3407,16,0
경기도,수원시권선구,세류3동,세류3동제1투,2891,1779,662,987,108,12,1,1770,9,1112
경기도,수원시권선구,세류3동,세류3동제2투,2229,1253,536,602,91,12,3,1244,9,976
경기도,수원시권선구,세류3동,세류3동제3투,2844,1811,774,867,132,21,3,1797,14,1033
경기도,수원시권선구,세류3동,세류3동제4투,3058,1680,688,844,116,16,2,1666,14,1378
경기도,수원시권선구,평동,관내사전투표,5765,5765,3816,1365,489,51,3,5724,41,0
경기도,수원시권선구,평동,평동제1투,1558,982,319,561,89,6,1,976,6,576
경기도,수원시권선구,평동,평동제2투,4011,2604,982,1325,254,26,2,2589,15,1407
경기도,수원시권선구,평동,평동제3투,2270,1487,667,648,156,5,0,1476,11,783
경기도,수원시권선구,평동,평동제4투,3415,2408,1027,1056,266,35,3,2387,21,1007
경기도,수원시권선구,평동,평동제5투,3391,2337,1106,1025,163,23,1,2318,19,1054
경기도,수원시권선구,평동,평동제6투,2632,1965,824,933,169,21,0,1947,18,667
경기도,수원시권선구,평동,평동제7투,3168,2449,1174,1049,191,20,2,2436,13,719
경기도,수원시권선구,평동,평동제8투,3927,2941,1393,1277,236,13,3,2922,19,986
경기도,수원시권선구,평동,평동제9투,1472,1254,627,444,150,15,2,1238,16,218
경기도,수원시권선구,서둔동,관내사전투표,4602,4602,3177,1081,278,40,2,4578,24,0
경기도,수원시권선구,서둔동,서둔동제1투,2213,1461,583,738,110,15,3,1449,12,752
경기도,수원시권선구,서둔동,서둔동제2투,1630,1080,459,527,78,9,1,1074,6,550
경기도,수원시권선구,서둔동,서둔동제3투,3279,2138,867,1039,193,21,1,2121,17,1141
경기도,수원시권선구,서둔동,서둔동제4투,1702,1027,400,522,81,9,1,1013,14,675
경기도,수원시권선구,서둔동,서둔동제5투,2836,1844,773,888,150,14,3,1828,16,992
경기도,수원시권선구,서둔동,서둔동제6투,3221,2140,970,994,144,15,3,2126,14,1081
경기도,수원시권선구,서둔동,서둔동제7투,2558,1996,785,893,267,28,2,1975,21,562
경기도,수원시권선구,서둔동,서둔동제8투,3215,2013,933,883,167,17,2,2002,11,1202
경기도,수원시권선구,서둔동,서둔동제9투,3444,2062,967,865,180,23,1,2036,26,1382
경기도,수원시권선구,구운동,관내사전투표,4304,4304,2896,1044,303,38,4,4285,19,0
경기도,수원시권선구,구운동,구운동제1투,1996,1244,514,572,133,13,4,1236,8,752
경기도,수원시권선구,구운동,구운동제2투,2540,1942,718,1034,166,14,3,1935,7,598
경기도,수원시권선구,구운동,구운동제3투,1855,1243,447,681,87,12,0,1227,16,612
경기도,수원시권선구,구운동,구운동제4투,2593,1836,762,886,146,26,0,1820,16,757
경기도,수원시권선구,구운동,구운동제5투,2648,2074,900,959,177,22,0,2058,16,574
경기도,수원시권선구,구운동,구운동제6투,2182,1214,498,620,78,8,4,1208,6,968
경기도,수원시권선구,금곡동,관내사전투표,8543,8543,5966,1734,706,69,3,8478,65,0
경기도,수원시권선구,금곡동,금곡동제1투,3663,2332,963,1101,218,22,3,2307,25,1331
경기도,수원시권선구,금곡동,금곡동제2투,2369,1856,836,791,198,22,0,1847,9,513
경기도,수원시권선구,금곡동,금곡동제3투,3851,2579,1096,1185,252,27,1,2561,18,1272
경기도,수원시권선구,금곡동,금곡동제4투,2555,1951,836,914,167,25,1,1943,8,604
경기도,수원시권선구,금곡동,금곡동제5투,2812,2174,964,986,178,25,5,2158,16,638
경기도,수원시권선구,금곡동,금곡동제6투,2536,1772,797,785,159,18,1,1760,12,764
경기도,수원시권선구,금곡동,금곡동제7투,2327,1842,996,652,159,22,2,1831,11,485
경기도,수원시권선구,금곡동,금곡동제8투,2319,1664,775,761,106,16,1,1659,5,655
경기도,수원시권선구,금곡동,금곡동제9투,2448,1969,985,767,184,22,2,1960,9,479
경기도,수원시권선구,호매실동,관내사전투표,9039,9039,6549,1749,621,82,0,9001,38,0
경기도,수원시권선구,호매실동,호매실동제1투,2427,1582,624,807,130,11,2,1574,8,845
경기도,수원시권선구,호매실동,호매실동제2투,2348,1715,752,786,149,17,2,1706,9,633
경기도,수원시권선구,호매실동,호매실동제3투,2037,1410,753,521,113,14,2,1403,7,627
경기도,수원시권선구,호매실동,호매실동제4투,2721,1744,774,783,163,13,0,1733,11,977
경기도,수원시권선구,호매실동,호매실동제5투,3397,2440,1255,966,180,22,1,2424,16,957
경기도,수원시권선구,호매실동,호매실동제6투,2982,2125,1081,812,200,19,1,2113,12,857
경기도,수원시권선구,호매실동,호매실동제7투,3867,2718,1324,1092,260,22,1,2699,19,1149
경기도,수원시권선구,호매실동,호매실동제8투,1925,1480,761,565,133,18,0,1477,3,445
경기도,수원시권선구,권선1동,관내사전투표,3493,3493,2252,837,346,32,6,3473,20,0
경기도,수원시권선구,권선1동,권선1동제1투,2139,1519,531,829,135,10,1,1506,13,620
경기도,수원시권선구,권선1동,권선1동제2투,3365,2003,695,1009,268,18,3,1993,10,1362
경기도,수원시권선구,권선1동,권선1동제3투,3564,2041,682,1083,251,14,1,2031,10,1523
경기도,수원시권선구,권선1동,권선1동제4투,2227,1317,510,678,104,14,1,1307,10,910
경기도,수원시권선구,권선1동,권선1동제5투,2110,1277,542,599,108,8,3,1260,17,833
경기도,수원시권선구,권선1동,권선1동제6투,2164,1666,712,747,182,16,0,1657,9,498
경기도,수원시권선구,권선2동,관내사전투표,7258,7258,4735,1807,587,80,3,7212,46,0
경기도,수원시권선구,권선2동,권선2동제1투,2135,1555,494,909,116,23,1,1543,12,580
경기도,수원시권선구,권선2동,권선2동제2투,2683,2087,754,1094,194,25,1,2068,19,596
경기도,수원시권선구,권선2동,권선2동제3투,1731,1289,499,665,106,12,1,1283,6,442
경기도,수원시권선구,권선2동,권선2동제4투,1751,1178,477,583,95,10,1,1166,12,573
경기도,수원시권선구,권선2동,권선2동제5투,1916,1422,599,670,128,10,2,1409,13,494
경기도,수원시권선구,권선2동,권선2동제6투,2294,1678,663,764,206,22,3,1658,20,616
경기도,수원시권선구,권선2동,권선2동제7투,2863,2231,932,1076,191,21,0,2220,11,632
경기도,수원시권선구,권선2동,권선2동제8투,2869,2236,882,1097,221,23,1,2224,12,633
경기도,수원시권선구,권선2동,권선2동제9투,2790,2244,1009,1005,190,18,3,2225,19,546
경기도,수원시권선구,권선2동,권선2동제10투,2247,1793,889,703,178,15,5,1790,3,454
경기도,수원시권선구,권선2동,권선2동제11투,2605,2063,952,876,203,18,0,2049,14,542
경기도,수원시권선구,곡선동,관내사전투표,5785,5785,4020,1202,483,40,6,5751,34,0
경기도,수원시권선구,곡선동,곡선동제1투,1603,1132,502,474,123,16,2,1117,15,471
경기도,수원시권선구,곡선동,곡선동제2투,2603,2115,922,958,193,21,4,2098,17,488
경기도,수원시권선구,곡선동,곡선동제3투,2081,990,434,443,93,10,0,980,10,1091
경기도,수원시권선구,곡선동,곡선동제4투,2497,1945,904,801,195,21,3,1924,21,552
경기도,수원시권선구,곡선동,곡선동제5투,2813,1236,456,579,179,8,0,1222,14,1577
경기도,수원시권선구,곡선동,곡선동제6투,2832,1212,500,551,138,13,2,1204,8,1620
경기도,수원시권선구,곡선동,곡선동제7투,2137,1577,565,831,154,16,2,1568,9,560
경기도,수원시권선구,곡선동,곡선동제8투,2115,1721,756,728,209,18,0,1711,10,394
경기도,수원시권선구,곡선동,곡선동제9투,2684,2162,967,922,228,29,1,2147,15,522
경기도,수원시권선구,입북동,관내사전투표,2827,2827,2050,558,179,24,2,2813,14,0
경기도,수원시권선구,입북동,입북동제1투,1890,1384,569,666,129,10,2,1376,8,506
경기도,수원시권선구,입북동,입북동제2투,4186,3148,1522,1218,343,36,1,3120,28,1038
경기도,수원시권선구,입북동,입북동제3투,3224,2367,1089,970,256,23,5,2343,24,857
경기도,수원시권선구,입북동,입북동제4투,2063,1703,811,719,145,16,1,1692,11,360
경기도,수원시팔달구,거소·선상투표,,241,220,104,59,42,3,2,210,10,21
경기도,수원시팔달구,관외사전투표,,19839,19836,11660,4945,2823,210,19,19657,179,3
경기도,수원시팔달구,재외투표,,998,820,567,158,82,9,0,816,4,178
경기도,수원시팔달구,행궁동,관내사전투표,2296,2296,1424,677,160,20,3,2284,12,0
경기도,수원시팔달구,행궁동,행궁동제1투,1851,1102,368,642,72,9,4,1095,7,749
경기도,수원시팔달구,행궁동,행궁동제2투,1567,1020,372,586,48,6,1,1013,7,547
경기도,수원시팔달구,행궁동,행궁동제3투,2416,1232,376,727,109,9,2,1223,9,1184
경기도,수원시팔달구,매교동,관내사전투표,3465,3465,2250,898,277,25,2,3452,13,0
경기도,수원시팔달구,매교동,매교동제1투,3359,1903,694,970,211,11,1,1887,16,1456
경기도,수원시팔달구,매교동,매교동제2투,3528,2834,1133,1249,396,31,5,2814,20,694
경기도,수원시팔달구,매교동,매교동제3투,2926,2406,1056,1034,284,15,1,2390,16,520
경기도,수원시팔달구,매교동,매교동제4투,2798,2228,958,977,255,24,3,2217,11,570
경기도,수원시팔달구,매산동,관내사전투표,1508,1508,966,378,136,15,2,1497,11,0
경기도,수원시팔달구,매산동,매산동제1투,2971,1374,530,684,134,11,4,1363,11,1597
경기도,수원시팔달구,매산동,매산동제2투,2580,2022,714,1122,160,12,0,2008,14,558
경기도,수원시팔달구,매산동,매산동제3투,1180,680,257,354,56,5,2,674,6,500
경기도,수원시팔달구,고등동,관내사전투표,4195,4195,2764,987,363,50,6,4170,25,0
경기도,수원시팔달구,고등동,고등동제1투,2767,2040,829,947,223,20,2,2021,19,727
경기도,수원시팔달구,고등동,고등동제2투,3273,2400,1044,1023,291,25,6,2389,11,873
경기도,수원시팔달구,고등동,고등동제3투,1726,858,293,488,63,4,2,850,8,868
경기도,수원시팔달구,고등동,고등동제4투,2663,1619,581,908,108,9,1,1607,12,1044
경기도,수원시팔달구,화서1동,관내사전투표,3605,3605,2455,921,192,21,6,3595,10,0
경기도,수원시팔달구,화서1동,화서1동제1투,2358,1491,499,846,116,17,3,1481,10,867
경기도,수원시팔달구,화서1동,화서1동제2투,2401,1564,580,839,111,12,4,1546,18,837
경기도,수원시팔달구,화서1동,화서1동제3투,2806,1824,727,931,127,22,4,1811,13,982
경기도,수원시팔달구,화서1동,화서1동제4투,1969,1250,458,709,69,7,0,1243,7,719
경기도,수원시팔달구,화서1동,화서1동제5투,3213,2481,1177,1037,210,30,4,2458,23,732
경기도,수원시팔달구,화서2동,관내사전투표,4187,4187,2853,912,364,37,3,4169,18,0
경기도,수원시팔달구,화서2동,화서2동제1투,1904,1430,545,744,113,15,0,1417,13,474
경기도,수원시팔달구,화서2동,화서2동제2투,2076,1530,558,762,187,11,1,1519,11,546
경기도,수원시팔달구,화서2동,화서2동제3투,1752,1420,570,658,163,15,1,1407,13,332
경기도,수원시팔달구,화서2동,화서2동제4투,2744,2054,874,965,176,24,3,2042,12,690
경기도,수원시팔달구,화서2동,화서2동제5투,2298,1745,641,872,193,22,1,1729,16,553
경기도,수원시팔달구,화서2동,화서2동제6투,2956,2325,1054,1004,217,36,3,2314,11,631
경기도,수원시팔달구,지동,관내사전투표,2355,2355,1460,727,131,11,1,2330,25,0
경기도,수원시팔달구,지동,지동제1투,1843,1103,359,668,60,8,2,1097,6,740
경기도,수원시팔달구,지동,지동제2투,1446,882,312,487,67,10,2,878,4,564
경기도,수원시팔달구,지동,지동제3투,1105,694,254,397,29,4,3,687,7,411
경기도,수원시팔달구,지동,지동제4투,1550,974,382,496,78,6,1,963,11,576
경기도,수원시팔달구,우만1동,관내사전투표,3181,3181,2035,839,262,24,0,3160,21,0
경기도,수원시팔달구,우만1동,우만1동제1투,2266,1373,473,732,126,19,5,1355,18,893
경기도,수원시팔달구,우만1동,우만1동제2투,2624,1642,652,844,115,16,2,1629,13,982
경기도,수원시팔달구,우만1동,우만1동제3투,2078,1340,544,646,127,14,2,1333,7,738
경기도,수원시팔달구,우만1동,우만1동제4투,2424,1438,566,678,156,25,2,1427,11,986
경기도,수원시팔달구,우만1동,우만1동제5투,1141,786,325,411,28,5,0,769,17,355
경기도,수원시팔달구,우만1동,우만1동제6투,1387,1025,416,498,94,10,1,1019,6,362
경기도,수원시팔달구,우만2동,관내사전투표,4109,4109,2517,971,551,27,6,4072,37,0
경기도,수원시팔달구,우만2동,우만2동제1투,2843,1914,624,980,263,15,2,1884,30,929
경기도,수원시팔달구,우만2동,우만2동제2투,2131,1490,444,824,193,16,1,1478,12,641
경기도,수원시팔달구,우만2동,우만2동제3투,2317,1791,683,908,171,18,0,1780,11,526
경기도,수원시팔달구,우만2동,우만2동제4투,2225,1753,758,797,168,17,1,1741,12,472
경기도,수원시팔달구,인계동,관내사전투표,4593,4593,2891,1064,561,30,5,4551,42,0
경기도,수원시팔달구,인계동,인계동제1투,3807,2175,699,1150,293,15,1,2158,17,1632
경기도,수원시팔달구,인계동,인계동제2투,3551,2187,877,1050,225,10,3,2165,22,1364
경기도,수원시팔달구,인계동,인계동제3투,1772,938,352,455,110,12,0,929,9,834
경기도,수원시팔달구,인계동,인계동제4투,3037,2190,811,1169,172,25,0,2177,13,847
경기도,수원시팔달구,인계동,인계동제5투,3345,2661,1187,1221,209,26,2,2645,16,684
경기도,수원시팔달구,인계동,인계동제6투,3022,1440,410,699,300,12,0,1421,19,1582
경기도,수원시팔달구,인계동,인계동제7투,2658,1432,567,702,138,13,0,1420,12,1226
경기도,수원시팔달구,인계동,인계동제8투,2353,1491,615,708,136,17,2,1478,13,862
경기도,수원시팔달구,인계동,인계동제9투,4979,3959,1827,1599,458,44,4,3932,27,1020
경기도,수원시영통구,거소·선상투표,,297,281,112,96,64,2,0,274,7,16
경기도,수원시영통구,관외사전투표,,33823,33819,19200,8323,5552,369,36,33480,339,4
경기도,수원시영통구,재외투표,,2553,2111,1370,454,233,33,1,2091,20,442
경기도,수원시영통구,매탄1동,관내사전투표,2392,2392,1509,605,244,26,2,2386,6,0
경기도,수원시영통구,매탄1동,매탄1동제1투,2691,1697,552,937,178,16,1,1684,13,994
경기도,수원시영통구,매탄1동,매탄1동제2투,3834,2931,1231,1378,273,23,4,2909,22,903
경기도,수원시영통구,매탄2동,관내사전투표,2639,2639,1675,707,225,20,3,2630,9,0
경기도,수원시영통구,매탄2동,매탄2동제1투,2125,1284,445,693,133,8,0,1279,5,841
경기도,수원시영통구,매탄2동,매탄2동제2투,2115,1340,445,786,90,7,2,1330,10,775
경기도,수원시영통구,매탄2동,매탄2동제3투,2202,1622,670,786,135,17,3,1611,11,580
경기도,수원시영통구,매탄2동,매탄2동제4투,1550,1181,509,533,111,17,1,1171,10,369
경기도,수원시영통구,매탄3동,관내사전투표,6111,6111,3928,1456,620,60,3,6067,44,0
경기도,수원시영통구,매탄3동,매탄3동제1투,3682,2951,1392,1220,289,33,4,2938,13,731
경기도,수원시영통구,매탄3동,매탄3동제2투,3089,2165,968,920,233,23,2,2146,19,924
경기도,수원시영통구,매탄3동,매탄3동제3투,2830,2110,891,915,256,26,4,2092,18,720
경기도,수원시영통구,매탄3동,매탄3동제4투,2622,1919,740,927,200,28,4,1899,20,703
경기도,수원시영통구,매탄3동,매탄3동제5투,2469,1728,634,862,196,17,4,1713,15,741
경기도,수원시영통구,매탄3동,매탄3동제6투,2520,1907,717,986,170,22,2,1897,10,613
경기도,수원시영통구,매탄3동,매탄3동제7투,2129,1230,412,538,252,5,4,1211,19,899
경기도,수원시영통구,매탄4동,관내사전투표,3925,3925,2524,924,417,32,3,3900,25,0
경기도,수원시영통구,매탄4동,매탄4동제1투,2343,1431,485,758,150,18,3,1414,17,912
경기도,수원시영통구,매탄4동,매탄4동제2투,2455,1739,700,835,171,15,2,1723,16,716
경기도,수원시영통구,매탄4동,매탄4동제3투,2083,1325,528,634,137,10,1,1310,15,758
경기도,수원시영통구,매탄4동,매탄4동제4투,2420,1753,788,769,167,16,2,1742,11,667
경기도,수원시영통구,매탄4동,매탄4동제5투,2670,1952,737,1030,162,14,0,1943,9,718
경기도,수원시영통구,원천동,관내사전투표,5817,5816,3641,1451,621,58,5,5776,40,1
경기도,수원시영통구,원천동,원천동제1투,3157,2384,1035,1066,238,20,3,2362,22,773
경기도,수원시영통구,원천동,원천동제2투,3192,2088,645,1149,255,17,6,2072,16,1104
경기도,수원시영통구,원천동,원천동제3투,4096,2437,928,1107,363,24,2,2424,13,1659
경기도,수원시영통구,원천동,원천동제4투,1782,1258,413,584,231,14,1,1243,15,524
경기도,수원시영통구,원천동,원천동제5투,3323,2504,825,1327,304,19,0,2475,29,819
경기도,수원시영통구,원천동,원천동제6투,3362,2677,1033,1353,260,22,1,2669,8,685
경기도,수원시영통구,원천동,원천동제7투,4043,3235,1080,1822,296,26,1,3225,10,808
경기도,수원시영통구,원천동,원천동제8투,2600,2213,1262,713,210,19,1,2205,8,387
경기도,수원시영통구,광교1동,관내사전투표,8818,8818,5434,2015,1211,84,3,8747,71,0
경기도,수원시영통구,광교1동,광교1동제1투,3672,2597,801,1317,416,35,0,2569,28,1075
경기도,수원시영통구,광교1동,광교1동제2투,2787,2291,994,967,287,30,2,2280,11,496
경기도,수원시영통구,광교1동,광교1동제3투,3136,2307,839,1129,300,20,2,2290,17,829
경기도,수원시영통구,광교1동,광교1동제4투,2624,2194,889,1051,208,33,0,2181,13,430
경기도,수원시영통구,광교1동,광교1동제5투,3699,3034,1166,1486,334,29,2,3017,17,665
경기도,수원시영통구,광교1동,광교1동제6투,3957,2923,1069,1277,507,32,2,2887,36,1034
경기도,수원시영통구,광교1동,광교1동제7투,1605,1275,531,620,114,6,1,1272,3,330
경기도,수원시영통구,광교1동,광교1동제8투,2652,2083,807,878,353,27,2,2067,16,569
경기도,수원시영통구,광교1동,광교1동제9투,3162,2578,1060,1221,256,28,1,2566,12,584
경기도,수원시영통구,광교1동,광교1동제10투,3009,2504,1045,1180,243,19,1,2488,16,505
경기도,수원시영통구,광교2동,관내사전투표,4252,4252,2763,984,426,52,2,4227,25,0
경기도,수원시영통구,광교2동,광교2동제1투,2528,1956,678,1019,229,15,1,1942,14,572
경기도,수원시영통구,광교2동,광교2동제2투,2416,1738,731,883,105,12,1,1732,6,678
경기도,수원시영통구,광교2동,광교2동제3투,3208,2402,865,1150,338,34,0,2387,15,806
경기도,수원시영통구,광교2동,광교2동제4투,2567,2116,966,914,199,25,1,2105,11,451
경기도,수원시영통구,광교2동,광교2동제5투,2181,1734,774,776,154,19,0,1723,11,447
경기도,수원시영통구,광교2동,광교2동제6투,2804,2255,741,1257,233,13,0,2244,11,549
경기도,수원시영통구,영통1동,관내사전투표,5992,5992,4017,1311,585,39,7,5959,33,0
경기도,수원시영통구,영통1동,영통1동제1투,2426,1708,685,785,203,20,1,1694,14,718
경기도,수원시영통구,영통1동,영통1동제2투,3298,2455,990,1118,295,33,2,2438,17,843
경기도,수원시영통구,영통1동,영통1동제3투,2622,2037,830,942,221,24,5,2022,15,585
경기도,수원시영통구,영통1동,영통1동제4투,2970,2444,1211,963,235,27,0,2436,8,526
경기도,수원시영통구,영통1동,영통1동제5투,3536,2704,1053,1322,287,22,4,2688,16,832
경기도,수원시영통구,영통1동,영통1동제6투,2589,2001,838,905,209,27,3,1982,19,588
경기도,수원시영통구,영통2동,관내사전투표,7020,7020,4205,1396,1253,89,3,6946,74,0
경기도,수원시영통구,영통2동,영통2동제1투,2304,1747,679,762,266,24,1,1732,15,557
경기도,수원시영통구,영통2동,영통2동제2투,3443,2797,1218,1126,397,27,3,2771,26,646
경기도,수원시영통구,영통2동,영통2동제3투,2717,2093,798,894,342,33,3,2070,23,624
경기도,수원시영통구,영통2동,영통2동제4투,2389,1438,338,651,413,14,3,1419,19,951
경기도,수원시영통구,영통2동,영통2동제5투,3711,2934,1271,1206,404,24,6,2911,23,777
경기도,수원시영통구,영통3동,관내사전투표,6529,6529,4007,1401,1007,66,2,6483,46,0
경기도,수원시영통구,영통3동,영통3동제1투,3741,2465,689,1193,533,26,4,2445,20,1276
경기도,수원시영통구,영통3동,영통3동제2투,3049,2310,841,1223,203,29,2,2298,12,739
경기도,수원시영통구,영통3동,영통3동제3투,1744,1420,641,566,189,16,0,1412,8,324
경기도,수원시영통구,영통3동,영통3동제4투,2458,2023,922,860,205,22,3,2012,11,435
경기도,수원시영통구,영통3동,영통3동제5투,2611,2136,1032,852,214,22,3,2123,13,475
경기도,수원시영통구,영통3동,영통3동제6투,1918,1475,654,564,232,12,0,1462,13,443
경기도,수원시영통구,영통3동,영통3동제7투,2427,1823,776,775,231,15,2,1799,24,604
경기도,수원시영통구,망포1동,관내사전투표,4134,4134,2731,933,399,36,4,4103,31,0
경기도,수원시영통구,망포1동,망포1동제1투,2829,2166,871,1047,210,25,1,2154,12,663
경기도,수원시영통구,망포1동,망포1동제2투,2762,2099,899,947,222,20,2,2090,9,663
경기도,수원시영통구,망포1동,망포1동제3투,2134,1322,514,577,197,14,1,1303,19,812
경기도,수원시영통구,망포1동,망포1동제4투,2558,1864,684,903,242,20,1,1850,14,694
경기도,수원시영통구,망포1동,망포1동제5투,2198,1573,649,728,176,16,1,1570,3,625
경기도,수원시영통구,망포1동,망포1동제6투,3153,2604,1200,1037,304,40,2,2583,21,549
경기도,수원시영통구,망포2동,관내사전투표,6843,6843,4675,1434,641,54,2,6806,37,0
경기도,수원시영통구,망포2동,망포2동제1투,1993,1430,561,714,139,12,0,1426,4,563
경기도,수원시영통구,망포2동,망포2동제2투,2018,1507,589,738,157,13,5,1502,5,511
경기도,수원시영통구,망포2동,망포2동제3투,3154,2591,1223,994,322,32,3,2574,17,563
경기도,수원시영통구,망포2동,망포2동제4투,4152,3381,1608,1287,433,32,1,3361,20,771
경기도,수원시영통구,망포2동,망포2동제5투,3024,2208,995,914,262,24,3,2198,10,816
경기도,수원시영통구,망포2동,망포2동제6투,2778,2263,1133,799,304,15,1,2252,11,515
경기도,성남시수정구,거소·선상투표,,201,187,96,56,29,1,0,182,5,14
경기도,성남시수정구,관외사전투표,,25025,25024,15600,5934,3024,231,24,24813,211,1
경기도,성남시수정구,재외투표,,1331,1081,709,250,100,14,0,1073,8,250
경기도,성남시수정구,신흥1동,관내사전투표,3917,3917,2832,829,219,16,2,3898,19,0
경기도,성남시수정구,신흥1동,신흥1동제1투,2049,1076,522,469,67,8,1,1067,9,973
경기도,성남시수정구,신흥1동,신흥1동제2투,1582,820,394,367,51,6,0,818,2,762
경기도,성남시수정구,신흥1동,신흥1동제3투,1594,904,444,377,68,9,0,898,6,690
경기도,성남시수정구,신흥1동,신흥1동제4투,1802,1034,489,454,73,9,2,1027,7,768
경기도,성남시수정구,신흥2동,관내사전투표,4726,4726,3268,1035,363,36,1,4703,23,0
경기도,성남시수정구,신흥2동,신흥2동제1투,1446,976,454,438,69,10,0,971,5,470
경기도,성남시수정구,신흥2동,신흥2동제2투,2622,1833,741,917,152,10,0,1820,13,789
경기도,성남시수정구,신흥2동,신흥2동제3투,2958,2390,887,1233,226,23,1,2370,20,568
경기도,성남시수정구,신흥2동,신흥2동제4투,3237,2635,1038,1317,238,28,2,2623,12,602
경기도,성남시수정구,신흥2동,신흥2동제5투,3116,2458,1119,1047,261,21,0,2448,10,658
경기도,성남시수정구,신흥2동,신흥2동제6투,3130,2268,978,995,254,22,4,2253,15,862
경기도,성남시수정구,신흥3동,관내사전투표,3728,3728,2496,991,198,27,1,3713,15,0
경기도,성남시수정구,신흥3동,신흥3동제1투,2162,1196,578,510,91,7,2,1188,8,966
경기도,성남시수정구,신흥3동,신흥3동제2투,1557,842,375,386,66,3,3,833,9,715
경기도,성남시수정구,신흥3동,신흥3동제3투,2437,1413,597,664,129,12,0,1402,11,1024
경기도,성남시수정구,태평1동,관내사전투표,4037,4037,2808,898,276,31,1,4014,23,0
경기도,성남시수정구,태평1동,태평1동제1투,2224,1394,576,685,117,7,0,1385,9,830
경기도,성남시수정구,태평1동,태평1동제2투,2065,1350,583,596,154,7,1,1341,9,715
경기도,성남시수정구,태평1동,태평1동제3투,1627,935,399,430,90,6,1,926,9,692
경기도,성남시수정구,태평1동,태평1동제4투,2017,1294,596,565,114,10,0,1285,9,723
경기도,성남시수정구,태평2동,관내사전투표,2311,2311,1645,488,145,11,2,2291,20,0
경기도,성남시수정구,태평2동,태평2동제1투,1683,996,482,413,81,8,0,984,12,687
경기도,성남시수정구,태평2동,태평2동제2투,2246,1522,764,632,99,15,1,1511,11,724
경기도,성남시수정구,태평2동,태평2동제3투,1060,604,291,261,34,4,5,595,9,456
경기도,성남시수정구,태평2동,태평2동제4투,1603,1058,482,452,103,10,2,1049,9,545
경기도,성남시수정구,태평2동,태평2동제5투,1447,922,454,387,66,5,2,914,8,525
경기도,성남시수정구,태평3동,관내사전투표,3607,3606,2586,764,207,28,1,3586,20,1
경기도,성남시수정구,태평3동,태평3동제1투,1718,1191,548,506,114,10,2,1180,11,527
경기도,성남시수정구,태평3동,태평3동제2투,1412,858,369,417,59,3,1,849,9,554
경기도,성남시수정구,태평3동,태평3동제3투,1589,933,423,427,67,9,1,927,6,656
경기도,성남시수정구,태평3동,태평3동제4투,1993,1274,612,559,90,11,0,1272,2,719
경기도,성남시수정구,태평4동,관내사전투표,2508,2508,1786,541,143,16,3,2489,19,0
경기도,성남시수정구,태평4동,태평4동제1투,1990,1147,495,534,96,11,0,1136,11,843
경기도,성남시수정구,태평4동,태평4동제2투,2185,1254,572,588,83,6,1,1250,4,931
경기도,성남시수정구,태평4동,태평4동제3투,1725,1087,526,463,89,2,0,1080,7,638
경기도,성남시수정구,수진1동,관내사전투표,2776,2776,2007,559,166,26,1,2759,17,0
경기도,성남시수정구,수진1동,수진1동제1투,1642,944,447,437,41,8,3,936,8,698
경기도,성남시수정구,수진1동,수진1동제2투,1785,1141,582,478,66,7,1,1134,7,644
경기도,성남시수정구,수진1동,수진1동제3투,1478,797,348,377,60,3,0,788,9,681
경기도,성남시수정구,수진1동,수진1동제4투,1653,989,419,486,70,5,1,981,8,664
경기도,성남시수정구,수진2동,관내사전투표,3605,3605,2531,826,212,16,0,3585,20,0
경기도,성남시수정구,수진2동,수진2동제1투,1718,1017,442,487,69,8,3,1009,8,701
경기도,성남시수정구,수진2동,수진2동제2투,1767,1041,481,462,79,11,2,1035,6,726
경기도,성남시수정구,수진2동,수진2동제3투,1058,614,281,272,57,2,0,612,2,444
경기도,성남시수정구,수진2동,수진2동제4투,1392,999,449,450,87,6,0,992,7,393
경기도,성남시수정구,수진2동,수진2동제5투,2149,1650,674,864,90,14,0,1642,8,499
경기도,성남시수정구,단대동,관내사전투표,2462,2462,1712,580,140,19,2,2453,9,0
경기도,성남시수정구,단대동,단대동제1투,2152,1489,657,689,117,12,1,1476,13,663
경기도,성남시수정구,단대동,단대동제2투,2642,2014,888,950,147,12,1,1998,16,628
경기도,성남시수정구,단대동,단대동제3투,1510,953,442,424,71,10,1,948,5,557
경기도,성남시수정구,단대동,단대동제4투,1421,940,415,451,62,5,1,934,6,481
경기도,성남시수정구,산성동,관내사전투표,1605,1605,1099,352,139,9,0,1599,6,0
경기도,성남시수정구,산성동,산성동제1투,2332,1675,847,678,117,14,2,1658,17,657
경기도,성남시수정구,산성동,산성동제2투,292,137,59,70,5,0,0,134,3,155
경기도,성남시수정구,양지동,관내사전투표,3331,3330,2375,744,184,12,1,3316,14,1
경기도,성남시수정구,양지동,양지동제1투,1819,1211,570,510,107,15,0,1202,9,608
경기도,성남시수정구,양지동,양지동제2투,1771,1187,591,487,81,10,2,1171,16,584
경기도,성남시수정구,양지동,양지동제3투,1256,816,371,373,59,5,1,809,7,440
경기도,성남시수정구,복정동,관내사전투표,2711,2711,1832,514,324,19,0,2689,22,0
경기도,성남시수정구,복정동,복정동제1투,1626,1043,378,519,128,11,0,1036,7,583
경기도,성남시수정구,복정동,복정동제2투,2178,1368,530,657,159,12,0,1358,10,810
경기도,성남시수정구,복정동,복정동제3투,2030,1396,536,612,218,13,1,1380,16,634
경기도,성남시수정구,위례동,관내사전투표,7970,7970,5221,2011,648,47,2,7929,41,0
경기도,성남시수정구,위례동,위례동제1투,2368,1811,536,1127,129,9,0,1801,10,557
경기도,성남시수정구,위례동,위례동제2투,3009,2393,914,1250,197,20,1,2382,11,616
경기도,성남시수정구,위례동,위례동제3투,3198,2521,1065,1211,209,25,3,2513,8,677
경기도,성남시수정구,위례동,위례동제4투,1877,1279,447,638,170,13,1,1269,10,598
경기도,성남시수정구,위례동,위례동제5투,2653,2067,716,1099,212,23,0,2050,17,586
경기도,성남시수정구,위례동,위례동제6투,1812,1259,454,700,86,6,3,1249,10,553
경기도,성남시수정구,위례동,위례동제7투,2255,1635,792,696,115,10,2,1615,20,620
경기도,성남시수정구,위례동,위례동제8투,2633,1812,880,740,152,18,2,1792,20,821
경기도,성남시수정구,위례동,위례동제9투,2016,1543,488,888,143,18,1,1538,5,473
경기도,성남시수정구,위례동,위례동제10투,1937,1326,380,802,123,7,2,1314,12,611
경기도,성남시수정구,신촌동,관내사전투표,758,758,486,181,84,5,0,756,2,0
경기도,성남시수정구,신촌동,신촌동투표소,2306,1600,466,924,182,16,2,1590,10,706
경기도,성남시수정구,고등동,관내사전투표,2782,2782,1778,649,309,24,1,2761,21,0
경기도,성남시수정구,고등동,고등동제1투,2133,1662,741,720,177,14,1,1653,9,471
경기도,성남시수정구,고등동,고등동제2투,2183,1647,607,856,160,14,0,1637,10,536
경기도,성남시수정구,고등동,고등동제3투,1781,1270,404,753,98,6,2,1263,7,511
경기도,성남시수정구,시흥동,관내사전투표,683,683,411,184,74,6,2,677,6,0
경기도,성남시수정구,시흥동,시흥동투표소,1972,1354,337,855,143,9,0,1344,10,618
경기도,성남시중원구,거소·선상투표,,249,234,110,75,36,3,4,228,6,15
경기도,성남시중원구,관외사전투표,,24043,24036,15662,5304,2629,202,17,23814,222,7
경기도,성남시중원구,재외투표,,869,710,485,134,75,11,0,705,5,159
경기도,성남시중원구,성남동,관내사전투표,6400,6399,4481,1347,496,39,5,6368,31,1
경기도,성남시중원구,성남동,성남동제1투,2427,1409,583,670,127,17,1,1398,11,1018
경기도,성남시중원구,성남동,성남동제2투,2659,1807,859,784,132,15,2,1792,15,852
경기도,성남시중원구,성남동,성남동제3투,2462,1781,780,817,153,17,1,1768,13,681
경기도,성남시중원구,성남동,성남동제4투,2255,1423,660,645,101,5,3,1414,9,832
경기도,성남시중원구,성남동,성남동제5투,3190,2237,1046,952,199,18,4,2219,18,953
경기도,성남시중원구,성남동,성남동제6투,3148,2147,982,957,174,15,4,2132,15,1001
경기도,성남시중원구,성남동,성남동제7투,3305,1964,791,825,303,14,3,1936,28,1341
경기도,성남시중원구,중앙동,관내사전투표,3235,3235,2271,756,181,13,2,3223,12,0
경기도,성남시중원구,중앙동,중앙동제1투,2281,1372,579,691,90,4,1,1365,7,909
경기도,성남시중원구,중앙동,중앙동제2투,1636,1031,504,461,56,5,0,1026,5,605
경기도,성남시중원구,중앙동,중앙동제3투,2704,2050,1049,781,179,26,2,2037,13,654
경기도,성남시중원구,중앙동,중앙동제4투,2415,1895,973,733,160,16,0,1882,13,520
경기도,성남시중원구,금광1동,관내사전투표,4479,4479,3135,940,336,32,3,4446,33,0
경기도,성남시중원구,금광1동,금광1동제1투,2810,1944,853,875,188,15,3,1934,10,866
경기도,성남시중원구,금광1동,금광1동제2투,2908,2162,1091,853,191,14,1,2150,12,746
경기도,성남시중원구,금광1동,금광1동제3투,1531,1071,507,462,82,7,1,1059,12,460
경기도,성남시중원구,금광1동,금광1동제4투,2638,2040,989,836,179,19,0,2023,17,598
경기도,성남시중원구,금광2동,관내사전투표,4808,4808,3385,1083,278,29,3,4778,30,0
경기도,성남시중원구,금광2동,금광2동제1투,2079,1232,553,564,92,14,0,1223,9,847
경기도,성남시중원구,금광2동,금광2동제2투,2098,1197,519,556,98,14,2,1189,8,901
경기도,성남시중원구,금광2동,금광2동제3투,1528,960,484,389,66,6,3,948,12,568
경기도,성남시중원구,금광2동,금광2동제4투,1823,1111,505,512,78,8,1,1104,7,712
경기도,성남시중원구,금광2동,금광2동제5투,2316,1327,549,660,93,10,1,1313,14,989
경기도,성남시중원구,금광2동,금광2동제6투,3203,2547,1211,1107,191,22,1,2532,15,656
경기도,성남시중원구,은행1동,관내사전투표,2458,2458,1735,527,154,18,4,2438,20,0
경기도,성남시중원구,은행1동,은행1동제1투,1383,847,386,353,89,5,2,835,12,536
경기도,성남시중원구,은행1동,은행1동제2투,1668,955,482,361,93,12,2,950,5,713
경기도,성남시중원구,은행1동,은행1동제3투,1849,1429,635,677,94,12,0,1418,11,420
경기도,성남시중원구,은행2동,관내사전투표,4634,4634,3330,1025,212,34,6,4607,27,0
경기도,성남시중원구,은행2동,은행2동제1투,1533,912,454,376,67,5,3,905,7,621
경기도,성남시중원구,은행2동,은행2동제2투,1240,826,443,307,63,8,2,823,3,414
경기도,성남시중원구,은행2동,은행2동제3투,1492,969,469,423,64,7,0,963,6,523
경기도,성남시중원구,은행2동,은행2동제4투,1299,772,364,335,60,6,0,765,7,527
경기도,성남시중원구,은행2동,은행2동제5투,1631,1015,506,400,89,10,2,1007,8,616
경기도,성남시중원구,은행2동,은행2동제6투,2481,1776,745,887,117,17,1,1767,9,705
경기도,성남시중원구,은행2동,은행2동제7투,2294,1515,692,706,93,9,2,1502,13,779
경기도,성남시중원구,상대원1동,관내사전투표,4408,4408,3194,919,236,35,5,4389,19,0
경기도,성남시중원구,상대원1동,상대원1동제1투,2729,1558,743,689,99,7,1,1539,19,1171
경기도,성남시중원구,상대원1동,상대원1동제2투,2773,1636,834,662,116,16,1,1629,7,1137
경기도,성남시중원구,상대원1동,상대원1동제3투,1519,894,426,405,47,11,1,890,4,625
경기도,성남시중원구,상대원1동,상대원1동제4투,1639,1300,691,516,73,12,1,1293,7,339
경기도,성남시중원구,상대원1동,상대원1동제5투,1928,1434,732,611,74,6,1,1424,10,494
경기도,성남시중원구,상대원1동,상대원1동제6투,1241,844,384,369,75,8,2,838,6,397
경기도,성남시중원구,상대원1동,상대원1동제7투,1967,1321,650,567,82,14,1,1314,7,646
경기도,성남시중원구,상대원2동,관내사전투표,1223,1223,899,257,51,8,1,1216,7,0
경기도,성남시중원구,상대원2동,상대원2동투표소,1718,965,434,459,57,6,3,959,6,753
경기도,성남시중원구,상대원3동,관내사전투표,3457,3457,2524,762,137,18,0,3441,16,0
경기도,성남시중원구,상대원3동,상대원3동제1투,2386,1360,631,635,81,5,0,1352,8,1026
경기도,성남시중원구,상대원3동,상대원3동제2투,1836,1113,589,434,73,7,0,1103,10,723
경기도,성남시중원구,상대원3동,상대원3동제3투,2360,1393,690,605,82,4,1,1382,11,967
경기도,성남시중원구,하대원동,관내사전투표,4700,4700,3214,1174,250,26,8,4672,28,0
경기도,성남시중원구,하대원동,하대원동제1투,1834,1120,486,538,74,6,3,1107,13,714
경기도,성남시중원구,하대원동,하대원동제2투,1843,1283,618,550,98,7,1,1274,9,560
경기도,성남시중원구,하대원동,하대원동제3투,2616,1914,875,893,117,16,4,1905,9,702
경기도,성남시중원구,하대원동,하대원동제4투,2632,2172,951,1047,146,9,2,2155,17,460
경기도,성남시중원구,하대원동,하대원동제5투,1634,1139,536,479,108,7,1,1131,8,495
경기도,성남시중원구,도촌동,관내사전투표,4460,4459,3213,984,213,26,1,4437,22,1
경기도,성남시중원구,도촌동,도촌동제1투,1681,1222,480,653,71,11,0,1215,7,459
경기도,성남시중원구,도촌동,도촌동제2투,2653,1946,856,919,132,23,4,1934,12,707
경기도,성남시중원구,도촌동,도촌동제3투,2473,1685,733,787,135,18,2,1675,10,788
경기도,성남시중원구,도촌동,도촌동제4투,3133,2420,1134,1006,245,29,0,2414,6,713
경기도,성남시중원구,도촌동,도촌동제5투,2529,2065,965,892,168,26,2,2053,12,464
경기도,성남시중원구,도촌동,도촌동제6투,1235,958,502,401,42,4,0,949,9,277
경기도,성남시분당구,거소·선상투표,,433,412,154,143,78,6,0,381,31,21
경기도,성남시분당구,관외사전투표,,35000,34995,19364,9948,5002,364,30,34708,287,5
경기도,성남시분당구,재외투표,,5481,4505,2795,1132,473,71,2,4473,32,976
경기도,성남시분당구,분당동,관내사전투표,2485,2485,1616,673,175,17,1,2482,3,0
경기도,성남시분당구,분당동,분당동제1투,2633,1998,694,1100,171,21,0,1986,12,635
경기도,성남시분당구,분당동,분당동제2투,2236,1809,670,965,144,19,2,1800,9,427
경기도,성남시분당구,분당동,분당동제3투,2079,1573,409,1026,116,7,2,1560,13,506
경기도,성남시분당구,분당동,분당동제4투,2178,1423,504,743,153,12,0,1412,11,755
경기도,성남시분당구,분당동,분당동제5투,2284,1747,574,1015,134,11,1,1735,12,537
경기도,성남시분당구,분당동,분당동제6투,2271,1580,547,876,144,5,0,1572,8,691
경기도,성남시분당구,수내1동,관내사전투표,4122,4122,2540,1082,440,31,2,4095,27,0
경기도,성남시분당구,수내1동,수내1동제1투,1801,1340,351,838,136,8,2,1335,5,461
경기도,성남시분당구,수내1동,수내1동제2투,1777,1422,387,899,120,10,0,1416,6,355
경기도,성남시분당구,수내1동,수내1동제3투,3221,2245,757,1205,252,19,1,2234,11,976
경기도,성남시분당구,수내1동,수내1동제4투,1274,967,273,592,87,5,0,957,10,307
경기도,성남시분당구,수내1동,수내1동제5투,1915,1527,443,919,141,15,1,1519,8,388
경기도,성남시분당구,수내2동,관내사전투표,1979,1979,1218,574,157,18,1,1968,11,0
경기도,성남시분당구,수내2동,수내2동제1투,1756,1358,386,834,112,19,1,1352,6,398
경기도,성남시분당구,수내2동,수내2동제2투,2205,1785,562,1049,151,16,1,1779,6,420
경기도,성남시분당구,수내2동,수내2동제3투,1285,1024,304,586,121,9,0,1020,4,261
경기도,성남시분당구,수내3동,관내사전투표,2692,2692,1766,639,248,27,1,2681,11,0
경기도,성남시분당구,수내3동,수내3동제1투,2292,1769,644,944,155,14,0,1757,12,523
경기도,성남시분당구,수내3동,수내3동제2투,2244,1811,636,1000,150,14,1,1801,10,433
경기도,성남시분당구,수내3동,수내3동제3투,2395,1550,541,804,167,22,4,1538,12,845
경기도,성남시분당구,정자동,관내사전투표,2834,2834,1683,716,385,26,2,2812,22,0
경기도,성남시분당구,정자동,정자동제1투,1874,1399,361,890,118,18,4,1391,8,475
경기도,성남시분당구,정자동,정자동제2투,2836,2311,686,1401,181,26,6,2300,11,525
경기도,성남시분당구,정자동,정자동제3투,1645,1154,376,589,174,7,0,1146,8,491
경기도,성남시분당구,정자동,정자동제4투,1667,1213,370,679,143,9,2,1203,10,454
경기도,성남시분당구,정자1동,관내사전투표,4534,4534,2474,1381,586,54,2,4497,37,0
경기도,성남시분당구,정자1동,정자1동제1투,2502,1971,586,1213,145,15,0,1959,12,531
경기도,성남시분당구,정자1동,정자1동제2투,2150,1553,433,908,177,19,1,1538,15,597
경기도,성남시분당구,정자1동,정자1동제3투,3812,2498,707,1320,405,28,0,2460,38,1314
경기도,성남시분당구,정자1동,정자1동제4투,2276,1762,354,1258,136,7,1,1756,6,514
경기도,성남시분당구,정자1동,정자1동제5투,2303,1668,458,1008,163,19,5,1653,15,635
경기도,성남시분당구,정자1동,정자1동제6투,3315,2339,400,1758,157,10,0,2325,14,976
경기도,성남시분당구,정자1동,정자1동제7투,2081,1647,364,1163,106,5,0,1638,9,434
경기도,성남시분당구,정자2동,관내사전투표,3535,3535,2238,875,348,42,4,3507,28,0
경기도,성남시분당구,정자2동,정자2동제1투,1054,733,229,425,69,4,2,729,4,321
경기도,성남시분당구,정자2동,정자2동제2투,1545,1161,375,590,175,13,1,1154,7,384
경기도,성남시분당구,정자2동,정자2동제3투,1266,757,338,375,31,6,1,751,6,509
경기도,성남시분당구,정자2동,정자2동제4투,1246,925,318,487,101,8,0,914,11,321
경기도,성남시분당구,정자2동,정자2동제5투,1495,1202,465,612,112,6,0,1195,7,293
경기도,성남시분당구,정자2동,정자2동제6투,1832,1377,388,857,107,14,1,1367,10,455
경기도,성남시분당구,정자3동,관내사전투표,3054,3054,1931,809,262,40,0,3042,12,0
경기도,성남시분당구,정자3동,정자3동제1투,3842,2911,1000,1604,250,39,0,2893,18,931
경기도,성남시분당구,정자3동,정자3동제2투,2025,1471,524,770,153,14,0,1461,10,554
경기도,성남시분당구,정자3동,정자3동제3투,3033,2350,771,1327,201,22,3,2324,26,683
경기도,성남시분당구,서현1동,관내사전투표,7262,7262,4354,2013,786,68,1,7222,40,0
경기도,성남시분당구,서현1동,서현1동제1투,3935,2438,734,1323,335,25,1,2418,20,1497
경기도,성남시분당구,서현1동,서현1동제2투,3041,2247,587,1417,213,23,1,2241,6,794
경기도,성남시분당구,서현1동,서현1동제3투,3096,2442,814,1379,215,23,3,2434,8,654
경기도,성남시분당구,서현1동,서현1동제4투,2055,1585,426,1035,104,12,0,1577,8,470
경기도,성남시분당구,서현1동,서현1동제5투,3147,2465,735,1518,178,22,1,2454,11,682
경기도,성남시분당구,서현1동,서현1동제6투,1474,1090,330,628,109,10,0,1077,13,384
경기도,성남시분당구,서현2동,관내사전투표,5153,5153,3356,1257,462,45,2,5122,31,0
경기도,성남시분당구,서현2동,서현2동제1투,2698,2132,708,1207,185,20,0,2120,12,566
경기도,성남시분당구,서현2동,서현2동제2투,2512,1983,654,1137,156,21,2,1970,13,529
경기도,성남시분당구,서현2동,서현2동제3투,2341,1710,627,874,178,20,0,1699,11,631
경기도,성남시분당구,서현2동,서현2동제4투,2121,1563,495,899,144,16,1,1555,8,558
경기도,성남시분당구,이매1동,관내사전투표,3543,3543,2151,1038,294,40,1,3524,19,0
경기도,성남시분당구,이매1동,이매1동제1투,3078,2398,728,1424,207,28,1,2388,10,680
경기도,성남시분당구,이매1동,이매1동제2투,2498,2070,700,1136,192,18,3,2049,21,428
경기도,성남시분당구,이매1동,이매1동제3투,1955,1585,474,970,119,13,1,1577,8,370
경기도,성남시분당구,이매1동,이매1동제4투,2205,1763,584,976,176,14,2,1752,11,442
경기도,성남시분당구,이매1동,이매1동제5투,1811,1510,527,770,191,9,3,1500,10,301
경기도,성남시분당구,이매1동,이매1동제6투,2709,1955,674,1069,174,22,2,1941,14,754
경기도,성남시분당구,이매2동,관내사전투표,2819,2818,1764,801,223,24,0,2812,6,1
경기도,성남시분당구,이매2동,이매2동제1투,1911,1431,380,908,126,8,2,1424,7,480
경기도,성남시분당구,이매2동,이매2동제2투,2532,1983,577,1199,176,19,2,1973,10,549
경기도,성남시분당구,이매2동,이매2동제3투,2783,2224,590,1442,165,13,0,2210,14,559
경기도,성남시분당구,야탑1동,관내사전투표,5702,5702,3512,1460,639,45,6,5662,40,0
경기도,성남시분당구,야탑1동,야탑1동제1투,1980,1246,307,766,145,14,1,1233,13,734
경기도,성남시분당구,야탑1동,야탑1동제2투,2458,1947,619,1161,144,12,1,1937,10,511
경기도,성남시분당구,야탑1동,야탑1동제3투,1978,1632,611,871,130,12,0,1624,8,346
경기도,성남시분당구,야탑1동,야탑1동제4투,1822,1500,658,695,123,15,1,1492,8,322
경기도,성남시분당구,야탑1동,야탑1동제5투,1352,957,292,548,100,9,1,950,7,395
경기도,성남시분당구,야탑2동,관내사전투표,3140,3140,1861,912,315,40,0,3128,12,0
경기도,성남시분당구,야탑2동,야탑2동제1투,1974,1538,373,1039,111,10,1,1534,4,436
경기도,성남시분당구,야탑2동,야탑2동제2투,2995,2391,726,1467,161,26,0,2380,11,604
경기도,성남시분당구,야탑2동,야탑2동제3투,2364,1871,625,1058,152,23,1,1859,12,493
경기도,성남시분당구,야탑2동,야탑2동제4투,1678,1332,466,743,105,8,1,1323,9,346
경기도,성남시분당구,야탑3동,관내사전투표,3930,3930,2658,940,282,27,2,3909,21,0
경기도,성남시분당구,야탑3동,야탑3동제1투,2552,1743,626,881,202,13,2,1724,19,809
경기도,성남시분당구,야탑3동,야탑3동제2투,2124,1605,599,833,157,8,0,1597,8,519
경기도,성남시분당구,야탑3동,야탑3동제3투,2452,1959,733,995,206,12,0,1946,13,493
경기도,성남시분당구,야탑3동,야탑3동제4투,1607,997,416,500,65,8,1,990,7,610
경기도,성남시분당구,야탑3동,야탑3동제5투,1678,1356,568,656,109,12,1,1346,10,322
경기도,성남시분당구,야탑3동,야탑3동제6투,2040,1533,599,809,102,16,0,1526,7,507
경기도,성남시분당구,야탑3동,야탑3동제7투,2275,1773,813,774,159,17,2,1765,8,502
경기도,성남시분당구,금곡동,관내사전투표,4259,4259,2639,1175,367,50,4,4235,24,0
경기도,성남시분당구,금곡동,금곡동제1투,2280,1780,626,929,189,25,1,1770,10,500
경기도,성남시분당구,금곡동,금곡동제2투,2455,2019,782,1030,174,23,2,2011,8,436
경기도,성남시분당구,금곡동,금곡동제3투,1480,943,327,526,71,6,1,931,12,537
경기도,성남시분당구,금곡동,금곡동제4투,2653,1939,473,1269,175,15,0,1932,7,714
경기도,성남시분당구,금곡동,금곡동제5투,1341,1036,322,584,117,6,0,1029,7,305
경기도,성남시분당구,금곡동,금곡동제6투,3353,2514,837,1408,236,22,0,2503,11,839
경기도,성남시분당구,금곡동,금곡동제7투,2408,1766,436,1220,86,16,1,1759,7,642
경기도,성남시분당구,구미동,관내사전투표,3752,3752,2399,1008,292,37,1,3737,15,0
경기도,성남시분당구,구미동,구미동제1투,1840,1453,519,800,118,10,2,1449,4,387
경기도,성남시분당구,구미동,구미동제2투,1596,1318,493,669,137,10,1,1310,8,278
경기도,성남시분당구,구미동,구미동제3투,1343,1139,472,564,84,12,0,1132,7,204
경기도,성남시분당구,구미동,구미동제4투,2196,1482,259,1127,86,6,1,1479,3,714
경기도,성남시분당구,구미동,구미동제5투,2420,1950,665,1110,140,23,1,1939,11,470
경기도,성남시분당구,구미동,구미동제6투,1956,1459,412,916,116,11,0,1455,4,497
경기도,성남시분당구,구미동,구미동제7투,3193,2296,762,1268,233,17,4,2284,12,897
경기도,성남시분당구,구미동,구미동제8투,2137,1562,674,766,93,10,4,1547,15,575
경기도,성남시분당구,구미1동,관내사전투표,6324,6324,3996,1625,614,42,7,6284,40,0
경기도,성남시분당구,구미1동,구미1동제1투,2786,1830,563,1052,178,18,1,1812,18,956
경기도,성남시분당구,구미1동,구미1동제2투,2923,2311,802,1226,249,19,0,2296,15,612
경기도,성남시분당구,구미1동,구미1동제3투,1425,1099,309,676,99,8,2,1094,5,326
경기도,성남시분당구,구미1동,구미1동제4투,1648,1349,480,715,134,12,0,1341,8,299
경기도,성남시분당구,판교동,관내사전투표,4353,4353,2862,1056,376,37,2,4333,20,0
경기도,성남시분당구,판교동,판교동제1투,2510,1873,704,960,171,26,2,1863,10,637
경기도,성남시분당구,판교동,판교동제2투,3122,2529,946,1270,254,31,7,2508,21,593
경기도,성남시분당구,판교동,판교동제3투,3258,2483,763,1478,203,29,0,2473,10,775
경기도,성남시분당구,판교동,판교동제4투,2859,2310,913,1113,241,27,3,2297,13,549
경기도,성남시분당구,판교동,판교동제5투,2316,1936,687,1058,164,10,2,1921,15,380
경기도,성남시분당구,삼평동,관내사전투표,4656,4656,3104,1021,452,54,2,4633,23,0
경기도,성남시분당구,삼평동,삼평동제1투,3006,2384,886,1199,257,28,2,2372,12,622
경기도,성남시분당구,삼평동,삼평동제2투,2306,1738,660,880,172,13,2,1727,11,568
경기도,성남시분당구,삼평동,삼평동제3투,2585,1865,862,861,120,11,0,1854,11,720
경기도,성남시분당구,삼평동,삼평동제4투,2127,1610,493,852,226,15,2,1588,22,517
경기도,성남시분당구,삼평동,삼평동제5투,2695,2243,721,1228,257,22,2,2230,13,452
경기도,성남시분당구,백현동,관내사전투표,5571,5571,3646,1308,549,37,1,5541,30,0
경기도,성남시분당구,백현동,백현동제1투,3205,2584,875,1435,234,19,2,2565,19,621
경기도,성남시분당구,백현동,백현동제2투,2754,2036,683,1034,270,26,3,2016,20,718
경기도,성남시분당구,백현동,백현동제3투,2050,1522,454,881,160,18,0,1513,9,528
경기도,성남시분당구,백현동,백현동제4투,2384,1754,837,789,106,10,1,1743,11,630
경기도,성남시분당구,백현동,백현동제5투,2164,1646,847,704,76,9,0,1636,10,518
경기도,성남시분당구,백현동,백현동제6투,2243,1744,477,1050,191,20,0,1738,6,499
경기도,성남시분당구,운중동,관내사전투표,5470,5470,3614,1333,427,66,3,5443,27,0
경기도,성남시분당구,운중동,운중동제1투,1733,1178,286,804,72,12,1,1175,3,555
경기도,성남시분당구,운중동,운중동제2투,2062,1562,487,928,135,5,0,1555,7,500
경기도,성남시분당구,운중동,운중동제3투,2976,2158,693,1271,157,29,0,2150,8,818
경기도,성남시분당구,운중동,운중동제4투,1471,1197,470,566,139,9,2,1186,11,274
경기도,성남시분당구,운중동,운중동제5투,3422,2729,942,1559,192,24,1,2718,11,693
경기도,성남시분당구,운중동,운중동제6투,2811,2232,905,1107,198,13,2,2225,7,579
경기도,성남시분당구,운중동,운중동제7투,2531,1992,738,1031,196,17,0,1982,10,539
경기도,성남시분당구,운중동,운중동제8투,4032,3238,1451,1429,312,24,3,3219,19,794
경기도,의정부시,거소·선상투표,,600,570,274,163,112,2,3,554,16,30
경기도,의정부시,관외사전투표,,37293,37285,23476,8444,4619,349,53,36941,344,8
경기도,의정부시,재외투표,,1848,1472,1066,246,121,25,0,1458,14,376
경기도,의정부시,의정부1동,관내사전투표,5956,5956,3926,1398,520,58,3,5905,51,0
경기도,의정부시,의정부1동,의정부1동제1투,4212,2423,999,1199,191,18,4,2411,12,1789
경기도,의정부시,의정부1동,의정부1동제2투,2796,1275,520,617,111,15,1,1264,11,1521
경기도,의정부시,의정부1동,의정부1동제3투,4720,2886,1257,1404,179,24,4,2868,18,1834
경기도,의정부시,의정부1동,의정부1동제4투,3046,1444,618,631,171,13,1,1434,10,1602
경기도,의정부시,의정부1동,의정부1동제5투,3801,2266,940,1009,266,23,2,2240,26,1535
경기도,의정부시,의정부1동,의정부1동제6투,3618,1879,734,941,172,15,2,1864,15,1739
경기도,의정부시,의정부1동,의정부1동제7투,3196,2394,1051,1062,242,22,1,2378,16,802
경기도,의정부시,의정부2동,관내사전투표,6170,6170,4203,1390,468,55,8,6124,46,0
경기도,의정부시,의정부2동,의정부2동제1투,2521,1391,584,636,140,14,1,1375,16,1130
경기도,의정부시,의정부2동,의정부2동제2투,2682,1563,650,754,128,13,1,1546,17,1119
경기도,의정부시,의정부2동,의정부2동제3투,3665,1998,810,944,206,21,2,1983,15,1667
경기도,의정부시,의정부2동,의정부2동제4투,3091,1782,765,816,161,16,2,1760,22,1309
경기도,의정부시,의정부2동,의정부2동제5투,3849,2314,1015,1103,142,31,5,2296,18,1535
경기도,의정부시,의정부2동,의정부2동제6투,2854,2243,1067,960,181,25,0,2233,10,611
경기도,의정부시,호원1동,관내사전투표,7419,7419,5008,1863,432,59,8,7370,49,0
경기도,의정부시,호원1동,호원1동제1투,2358,1531,568,811,126,17,2,1524,7,827
경기도,의정부시,호원1동,호원1동제2투,2931,2220,819,1201,162,19,3,2204,16,711
경기도,의정부시,호원1동,호원1동제3투,2248,1317,592,596,109,14,0,1311,6,931
경기도,의정부시,호원1동,호원1동제4투,3914,2513,1212,1064,194,18,3,2491,22,1401
경기도,의정부시,호원1동,호원1동제5투,2661,1819,798,866,125,16,1,1806,13,842
경기도,의정부시,호원1동,호원1동제6투,3161,2390,1018,1195,138,23,1,2375,15,771
경기도,의정부시,호원1동,호원1동제7투,2243,1680,726,798,124,21,2,1671,9,563
경기도,의정부시,호원2동,관내사전투표,8782,8782,5893,2173,576,79,8,8729,53,0
경기도,의정부시,호원2동,호원2동제1투,3439,2205,879,1114,167,23,2,2185,20,1234
경기도,의정부시,호원2동,호원2동제2투,2444,1838,742,919,134,20,0,1815,23,606
경기도,의정부시,호원2동,호원2동제3투,3658,2370,979,1175,177,21,1,2353,17,1288
경기도,의정부시,호원2동,호원2동제4투,2381,1713,673,896,109,20,1,1699,14,668
경기도,의정부시,호원2동,호원2동제5투,3092,2111,914,1007,151,21,2,2095,16,981
경기도,의정부시,호원2동,호원2동제6투,2676,2080,855,1037,156,22,0,2070,10,596
경기도,의정부시,장암동,관내사전투표,4621,4620,3089,1139,313,41,2,4584,36,1
경기도,의정부시,장암동,장암동제1투,2074,1503,621,766,90,14,2,1493,10,571
경기도,의정부시,장암동,장암동제2투,2562,1762,768,818,136,26,1,1749,13,800
경기도,의정부시,장암동,장암동제3투,1964,1289,469,715,87,14,0,1285,4,675
경기도,의정부시,장암동,장암동제4투,2090,1515,673,700,119,17,1,1510,5,575
경기도,의정부시,장암동,장암동제5투,1946,1559,757,665,104,19,2,1547,12,387
경기도,의정부시,신곡1동,관내사전투표,6371,6371,4416,1500,370,49,3,6338,33,0
경기도,의정부시,신곡1동,신곡1동제1투,3070,1874,734,980,132,12,3,1861,13,1196
경기도,의정부시,신곡1동,신곡1동제2투,2812,1998,880,923,161,20,2,1986,12,814
경기도,의정부시,신곡1동,신곡1동제3투,3590,2292,1021,1094,151,16,1,2283,9,1298
경기도,의정부시,신곡1동,신곡1동제4투,3048,2131,935,1019,131,26,0,2111,20,917
경기도,의정부시,신곡1동,신곡1동제5투,3893,2702,1234,1192,228,27,1,2682,20,1191
경기도,의정부시,신곡1동,신곡1동제6투,2324,1790,879,702,175,19,1,1776,14,534
경기도,의정부시,신곡1동,신곡1동제7투,3563,2555,1082,1219,197,32,3,2533,22,1008
경기도,의정부시,신곡1동,신곡1동제8투,2468,1974,996,772,177,17,0,1962,12,494
경기도,의정부시,신곡2동,관내사전투표,9655,9655,6477,2420,629,79,4,9609,46,0
경기도,의정부시,신곡2동,신곡2동제1투,2357,1612,530,947,111,13,0,1601,11,745
경기도,의정부시,신곡2동,신곡2동제2투,2570,1762,728,881,122,17,1,1749,13,808
경기도,의정부시,신곡2동,신곡2동제3투,3210,2221,1003,1004,180,19,6,2212,9,989
경기도,의정부시,신곡2동,신곡2동제4투,3601,2447,1021,1199,180,28,1,2429,18,1154
경기도,의정부시,신곡2동,신곡2동제5투,2905,1862,847,850,136,16,1,1850,12,1043
경기도,의정부시,신곡2동,신곡2동제6투,3000,2214,1010,979,177,24,1,2191,23,786
경기도,의정부시,신곡2동,신곡2동제7투,2622,2014,906,914,160,19,3,2002,12,608
경기도,의정부시,신곡2동,신곡2동제8투,2652,1768,799,854,91,11,4,1759,9,884
경기도,의정부시,신곡2동,신곡2동제9투,2837,2247,1132,887,193,22,1,2235,12,590
경기도,의정부시,송산1동,관내사전투표,5399,5399,3648,1314,359,42,6,5369,30,0
경기도,의정부시,송산1동,송산1동제1투,2724,1692,610,921,121,22,2,1676,16,1032
경기도,의정부시,송산1동,송산1동제2투,3206,2053,865,1021,139,15,1,2041,12,1153
경기도,의정부시,송산1동,송산1동제3투,3781,2325,1109,1000,176,20,4,2309,16,1456
경기도,의정부시,송산1동,송산1동제4투,2137,1534,743,659,103,15,0,1520,14,603
경기도,의정부시,송산1동,송산1동제5투,2232,1282,536,625,105,9,2,1277,5,950
경기도,의정부시,송산1동,송산1동제6투,3793,2911,1272,1290,306,21,4,2893,18,882
경기도,의정부시,송산2동,관내사전투표,7835,7835,5547,1683,497,56,2,7785,50,0
경기도,의정부시,송산2동,송산2동제1투,2293,1468,665,645,124,17,3,1454,14,825
경기도,의정부시,송산2동,송산2동제2투,3167,2056,955,901,167,18,1,2042,14,1111
경기도,의정부시,송산2동,송산2동제3투,2831,2040,919,937,148,19,4,2027,13,791
경기도,의정부시,송산2동,송산2동제4투,2003,1481,702,645,104,18,1,1470,11,522
경기도,의정부시,송산2동,송산2동제5투,2311,1571,704,713,121,19,4,1561,10,740
경기도,의정부시,송산2동,송산2동제6투,2651,1778,805,802,141,13,3,1764,14,873
경기도,의정부시,송산2동,송산2동제7투,2197,1425,655,613,128,20,0,1416,9,772
경기도,의정부시,송산3동,관내사전투표,8432,8432,6039,1760,537,58,4,8398,34,0
경기도,의정부시,송산3동,송산3동제1투,2659,1701,758,795,123,17,1,1694,7,958
경기도,의정부시,송산3동,송산3동제2투,2803,2207,1184,782,205,23,2,2196,11,596
경기도,의정부시,송산3동,송산3동제3투,3773,2600,1265,1083,212,27,2,2589,11,1173
경기도,의정부시,송산3동,송산3동제4투,3805,2736,1381,1057,245,34,4,2721,15,1069
경기도,의정부시,송산3동,송산3동제5투,4028,2796,1442,1066,245,29,1,2783,13,1232
경기도,의정부시,송산3동,송산3동제6투,3029,1949,960,831,130,13,3,1937,12,1080
경기도,의정부시,송산3동,송산3동제7투,2977,1787,798,806,147,20,0,1771,16,1190
경기도,의정부시,자금동,관내사전투표,4596,4596,3154,1086,287,44,5,4576,20,0
경기도,의정부시,자금동,자금동제1투,2272,1225,479,632,91,13,1,1216,9,1047
경기도,의정부시,자금동,자금동제2투,2783,2111,933,989,157,21,1,2101,10,672
경기도,의정부시,자금동,자금동제3투,2263,1396,620,646,99,11,4,1380,16,867
경기도,의정부시,자금동,자금동제4투,2070,1348,570,657,85,17,4,1333,15,722
경기도,의정부시,자금동,자금동제5투,2552,1732,805,775,122,15,1,1718,14,820
경기도,의정부시,자금동,자금동제6투,3608,2588,1196,1143,206,23,2,2570,18,1020
경기도,의정부시,가능동,관내사전투표,6447,6447,4219,1791,356,30,8,6404,43,0
경기도,의정부시,가능동,가능동제1투,4256,2278,1001,1075,153,28,2,2259,19,1978
경기도,의정부시,가능동,가능동제2투,2862,1803,757,880,134,19,2,1792,11,1059
경기도,의정부시,가능동,가능동제3투,3167,1945,813,944,146,24,4,1931,14,1222
경기도,의정부시,가능동,가능동제4투,3320,1723,711,866,116,14,1,1708,15,1597
경기도,의정부시,흥선동,관내사전투표,4087,4087,2676,1086,255,34,6,4057,30,0
경기도,의정부시,흥선동,흥선동제1투,3139,1734,707,887,111,10,2,1717,17,1405
경기도,의정부시,흥선동,흥선동제2투,3135,1738,740,834,134,14,2,1724,14,1397
경기도,의정부시,흥선동,흥선동제3투,2754,1773,778,832,131,17,1,1759,14,981
경기도,의정부시,흥선동,흥선동제4투,1850,1032,402,551,65,10,0,1028,4,818
경기도,의정부시,녹양동,관내사전투표,4916,4916,3250,1285,301,41,5,4882,34,0
경기도,의정부시,녹양동,녹양동제1투,2746,1628,614,877,113,16,2,1622,6,1118
경기도,의정부시,녹양동,녹양동제2투,2835,1913,823,906,155,16,4,1904,9,922
경기도,의정부시,녹양동,녹양동제3투,3665,2355,1006,1148,156,23,3,2336,19,1310
경기도,의정부시,녹양동,녹양동제4투,1372,829,339,414,61,7,1,822,7,543
경기도,의정부시,고산동,관내사전투표,5118,5118,3673,970,396,46,3,5088,30,0
경기도,의정부시,고산동,고산동제1투,1507,949,373,471,89,12,0,945,4,558
경기도,의정부시,고산동,고산동제2투,495,303,95,187,17,2,1,302,1,192
경기도,의정부시,고산동,고산동제3투,3173,2155,1033,872,203,36,0,2144,11,1018
경기도,의정부시,고산동,고산동제4투,3621,2446,1218,999,196,18,3,2434,12,1175
경기도,의정부시,고산동,고산동제5투,3557,2653,1349,1017,245,26,0,2637,16,904
경기도,의정부시,고산동,고산동제6투,2733,1992,1017,745,195,20,1,1978,14,741
경기도,안양시만안구,거소·선상투표,,236,225,97,59,61,2,1,220,5,11
경기도,안양시만안구,관외사전투표,,21593,21589,13215,5131,2763,228,22,21359,230,4
경기도,안양시만안구,재외투표,,1192,996,706,187,94,6,0,993,3,196
경기도,안양시만안구,안양1동,관내사전투표,4055,4055,2575,1053,361,43,1,4033,22,0
경기도,안양시만안구,안양1동,안양1동제1투,2937,2309,798,1201,269,21,1,2290,19,628
경기도,안양시만안구,안양1동,안양1동제2투,3011,2394,994,1088,261,28,2,2373,21,617
경기도,안양시만안구,안양1동,안양1동제3투,1898,1069,422,505,115,12,5,1059,10,829
경기도,안양시만안구,안양1동,안양1동제4투,2212,1794,630,951,189,10,0,1780,14,418
경기도,안양시만안구,안양2동,관내사전투표,4031,4031,2666,1010,286,37,1,4000,31,0
경기도,안양시만안구,안양2동,안양2동제1투,2584,1626,699,790,120,5,0,1614,12,958
경기도,안양시만안구,안양2동,안양2동제2투,3116,2114,853,988,232,20,3,2096,18,1002
경기도,안양시만안구,안양2동,안양2동제3투,2186,1421,598,689,112,12,1,1412,9,765
경기도,안양시만안구,안양2동,안양2동제4투,2843,2003,755,1026,182,23,1,1987,16,840
경기도,안양시만안구,안양2동,안양2동제5투,2417,1874,813,848,178,24,1,1864,10,543
경기도,안양시만안구,안양3동,관내사전투표,3521,3521,2351,916,207,31,3,3508,13,0
경기도,안양시만안구,안양3동,안양3동제1투,1894,1119,441,581,85,4,2,1113,6,775
경기도,안양시만안구,안양3동,안양3동제2투,2138,1401,575,683,116,15,1,1390,11,737
경기도,안양시만안구,안양3동,안양3동제3투,2815,1719,697,848,151,10,0,1706,13,1096
경기도,안양시만안구,안양3동,안양3동제4투,2089,1582,639,795,118,22,0,1574,8,507
경기도,안양시만안구,안양4동,관내사전투표,2424,2424,1535,701,137,26,2,2401,23,0
경기도,안양시만안구,안양4동,안양4동제1투,2077,1303,472,696,105,15,1,1289,14,774
경기도,안양시만안구,안양4동,안양4동제2투,1625,1141,440,613,71,9,2,1135,6,484
경기도,안양시만안구,안양5동,관내사전투표,3177,3177,2001,926,204,23,2,3156,21,0
경기도,안양시만안구,안양5동,안양5동제1투,2444,1567,547,886,115,10,1,1559,8,877
경기도,안양시만안구,안양5동,안양5동제2투,2749,1971,831,894,220,11,2,1958,13,778
경기도,안양시만안구,안양5동,안양5동제3투,2694,1751,723,843,147,17,2,1732,19,943
경기도,안양시만안구,안양6동,관내사전투표,4543,4543,3069,1063,366,16,3,4517,26,0
경기도,안양시만안구,안양6동,안양6동제1투,3713,2489,1089,1140,220,20,2,2471,18,1224
경기도,안양시만안구,안양6동,안양6동제2투,3187,2300,981,997,279,19,1,2277,23,887
경기도,안양시만안구,안양6동,안양6동제3투,3293,2222,870,1080,234,17,0,2201,21,1071
경기도,안양시만안구,안양6동,안양6동제4투,2309,1483,584,731,137,13,2,1467,16,826
경기도,안양시만안구,안양6동,안양6동제5투,2993,2177,923,985,226,24,2,2160,17,816
경기도,안양시만안구,안양7동,관내사전투표,3889,3888,2566,902,375,26,2,3871,17,1
경기도,안양시만안구,안양7동,안양7동제1투,3332,2587,983,1330,218,34,1,2566,21,745
경기도,안양시만안구,안양7동,안양7동제2투,2868,2180,932,1008,204,19,1,2164,16,688
경기도,안양시만안구,안양7동,안양7동제3투,1359,839,347,399,74,9,1,830,9,520
경기도,안양시만안구,안양8동,관내사전투표,2299,2299,1460,626,183,13,3,2285,14,0
경기도,안양시만안구,안양8동,안양8동제1투,1293,843,276,482,73,5,1,837,6,450
경기도,안양시만안구,안양8동,안양8동제2투,2351,1496,616,725,123,18,2,1484,12,855
경기도,안양시만안구,안양8동,안양8동제3투,1160,784,286,421,68,5,0,780,4,376
경기도,안양시만안구,안양9동,관내사전투표,3242,3242,2123,916,167,20,3,3229,13,0
경기도,안양시만안구,안양9동,안양9동제1투,1480,996,349,565,63,10,0,987,9,484
경기도,안양시만안구,안양9동,안양9동제2투,2164,1495,584,780,102,17,1,1484,11,669
경기도,안양시만안구,안양9동,안양9동제3투,2142,1359,561,677,96,14,2,1350,9,783
경기도,안양시만안구,안양9동,안양9동제4투,3082,2135,858,1119,131,15,3,2126,9,947
경기도,안양시만안구,석수1동,관내사전투표,4076,4076,2734,997,299,27,0,4057,19,0
경기도,안양시만안구,석수1동,석수1동제1투,2754,2007,718,1076,167,26,1,1988,19,747
경기도,안양시만안구,석수1동,석수1동제2투,2453,1598,571,899,96,16,1,1583,15,855
경기도,안양시만안구,석수1동,석수1동제3투,2275,1895,880,819,160,22,0,1881,14,380
경기도,안양시만안구,석수1동,석수1동제4투,3255,2660,1101,1291,238,21,1,2652,8,595
경기도,안양시만안구,석수2동,관내사전투표,5518,5518,3713,1375,356,40,3,5487,31,0
경기도,안양시만안구,석수2동,석수2동제1투,1277,847,316,436,75,12,0,839,8,430
경기도,안양시만안구,석수2동,석수2동제2투,2574,1918,750,992,161,8,1,1912,6,656
경기도,안양시만안구,석수2동,석수2동제3투,1613,1032,392,544,74,10,2,1022,10,581
경기도,안양시만안구,석수2동,석수2동제4투,1981,1516,660,736,99,14,0,1509,7,465
경기도,안양시만안구,석수2동,석수2동제5투,1730,1199,521,583,74,9,0,1187,12,531
경기도,안양시만안구,석수2동,석수2동제6투,1979,1222,497,577,126,14,1,1215,7,757
경기도,안양시만안구,석수2동,석수2동제7투,3127,2446,1163,1029,202,35,1,2430,16,681
경기도,안양시만안구,석수2동,석수2동제8투,2902,2346,1192,910,210,19,2,2333,13,556
경기도,안양시만안구,충훈동,관내사전투표,2930,2929,1954,745,188,19,3,2909,20,1
경기도,안양시만안구,충훈동,충훈동제1투,2325,1566,654,771,119,15,1,1560,6,759
경기도,안양시만안구,충훈동,충훈동제2투,2215,1564,688,713,133,17,2,1553,11,651
경기도,안양시만안구,충훈동,충훈동제3투,1996,1292,571,583,114,9,4,1281,11,704
경기도,안양시만안구,박달1동,관내사전투표,3713,3713,2470,1023,182,14,2,3691,22,0
경기도,안양시만안구,박달1동,박달1동제1투,2339,1461,585,728,109,22,3,1447,14,878
경기도,안양시만안구,박달1동,박달1동제2투,1539,898,383,456,51,2,1,893,5,641
경기도,안양시만안구,박달1동,박달1동제3투,1690,1052,394,580,66,7,1,1048,4,638
경기도,안양시만안구,박달1동,박달1동제4투,2343,1717,757,815,113,17,1,1703,14,626
경기도,안양시만안구,박달2동,관내사전투표,4258,4258,2911,938,327,42,6,4224,34,0
경기도,안양시만안구,박달2동,박달2동제1투,1805,1206,499,568,111,13,4,1195,11,599
경기도,안양시만안구,박달2동,박달2동제2투,1738,1385,609,649,108,11,0,1377,8,353
경기도,안양시만안구,박달2동,박달2동제3투,2299,1662,689,793,143,20,2,1647,15,637
경기도,안양시만안구,박달2동,박달2동제4투,2571,1843,785,885,146,14,2,1832,11,728
경기도,안양시만안구,박달2동,박달2동제5투,2568,2022,874,929,186,18,2,2009,13,546
경기도,안양시동안구,거소·선상투표,,282,275,99,98,70,0,0,267,8,7
경기도,안양시동안구,관외사전투표,,28721,28719,16981,6939,4215,295,28,28458,261,2
경기도,안양시동안구,재외투표,,2257,1872,1259,383,206,19,0,1867,5,385
경기도,안양시동안구,비산1동,관내사전투표,4723,4723,3187,1083,386,37,2,4695,28,0
경기도,안양시동안구,비산1동,비산1동제1투,1941,1375,556,649,144,16,0,1365,10,566
경기도,안양시동안구,비산1동,비산1동제2투,1841,1489,661,652,157,14,0,1484,5,352
경기도,안양시동안구,비산1동,비산1동제3투,2083,1651,706,742,181,10,2,1641,10,432
경기도,안양시동안구,비산1동,비산1동제4투,3070,2356,958,1130,225,24,2,2339,17,714
경기도,안양시동안구,비산1동,비산1동제5투,2569,2033,660,1210,147,11,0,2028,5,536
경기도,안양시동안구,비산1동,비산1동제6투,1813,1466,499,779,160,16,1,1455,11,347
경기도,안양시동안구,비산1동,비산1동제7투,1765,1440,573,721,129,14,0,1437,3,325
경기도,안양시동안구,비산2동,관내사전투표,4400,4400,2916,1048,371,41,4,4380,20,0
경기도,안양시동안구,비산2동,비산2동제1투,2411,1865,744,903,182,22,2,1853,12,546
경기도,안양시동안구,비산2동,비산2동제2투,2792,2152,889,973,258,16,1,2137,15,640
경기도,안양시동안구,비산2동,비산2동제3투,2136,1643,536,906,164,27,1,1634,9,493
경기도,안양시동안구,비산3동,관내사전투표,3984,3984,2582,1015,334,33,3,3967,17,0
경기도,안양시동안구,비산3동,비산3동제1투,1870,1312,554,651,81,14,1,1301,11,558
경기도,안양시동안구,비산3동,비산3동제2투,2115,1420,498,788,114,6,1,1407,13,695
경기도,안양시동안구,비산3동,비산3동제3투,2376,1574,585,836,124,16,3,1564,10,802
경기도,안양시동안구,비산3동,비산3동제4투,3464,2655,1059,1238,316,20,0,2633,22,809
경기도,안양시동안구,부흥동,관내사전투표,3895,3895,2486,991,334,51,3,3865,30,0
경기도,안양시동안구,부흥동,부흥동제1투,1274,838,268,483,68,11,2,832,6,436
경기도,안양시동안구,부흥동,부흥동제2투,1654,1347,489,687,144,18,1,1339,8,307
경기도,안양시동안구,부흥동,부흥동제3투,1339,950,381,501,50,7,1,940,10,389
경기도,안양시동안구,부흥동,부흥동제4투,2417,1980,874,931,141,21,2,1969,11,437
경기도,안양시동안구,부흥동,부흥동제5투,1876,1485,667,667,128,16,1,1479,6,391
경기도,안양시동안구,달안동,관내사전투표,3019,3019,1988,679,286,40,2,2995,24,0
경기도,안양시동안구,달안동,달안동제1투,1874,1245,463,608,143,13,3,1230,15,629
경기도,안양시동안구,달안동,달안동제2투,1802,1272,451,649,141,13,0,1254,18,530
경기도,안양시동안구,달안동,달안동제3투,2059,1611,679,757,145,17,4,1602,9,448
경기도,안양시동안구,관양동,관내사전투표,5644,5644,3828,1401,340,37,5,5611,33,0
경기도,안양시동안구,관양동,관양동제1투,2159,1458,563,732,134,15,2,1446,12,701
경기도,안양시동안구,관양동,관양동제2투,2578,1837,567,1108,135,16,2,1828,9,741
경기도,안양시동안구,관양동,관양동제3투,2195,1396,470,772,125,13,2,1382,14,799
경기도,안양시동안구,관양동,관양동제4투,2074,1331,534,673,102,5,2,1316,15,743
경기도,안양시동안구,관양동,관양동제5투,2647,1889,781,880,198,12,1,1872,17,758
경기도,안양시동안구,관양동,관양동제6투,2301,1653,681,797,145,11,0,1634,19,648
경기도,안양시동안구,관양동,관양동제7투,2777,2158,795,1153,165,24,1,2138,20,619
경기도,안양시동안구,관양동,관양동제8투,2840,2228,940,1084,167,20,1,2212,16,612
경기도,안양시동안구,인덕원동,관내사전투표,3867,3867,2526,913,363,29,1,3832,35,0
경기도,안양시동안구,인덕원동,인덕원동제1투,1774,1127,437,549,110,17,1,1114,13,647
경기도,안양시동안구,인덕원동,인덕원동제2투,2038,1264,442,656,142,9,2,1251,13,774
경기도,안양시동안구,인덕원동,인덕원동제3투,1561,986,345,516,106,9,1,977,9,575
경기도,안양시동안구,인덕원동,인덕원동제4투,2738,2115,780,1091,206,21,1,2099,16,623
경기도,안양시동안구,인덕원동,인덕원동제5투,2549,2190,1047,901,198,25,1,2172,18,359
경기도,안양시동안구,부림동,관내사전투표,5550,5550,3728,1173,551,64,2,5518,32,0
경기도,안양시동안구,부림동,부림동제1투,2230,1541,578,739,197,17,1,1532,9,689
경기도,안양시동안구,부림동,부림동제2투,1769,1383,578,626,158,12,0,1374,9,386
경기도,안양시동안구,부림동,부림동제3투,2391,1921,870,858,164,9,4,1905,16,470
경기도,안양시동안구,부림동,부림동제4투,2212,1740,769,772,172,15,1,1729,11,472
경기도,안양시동안구,부림동,부림동제5투,2846,2025,743,981,267,11,0,2002,23,821
경기도,안양시동안구,부림동,부림동제6투,2728,1877,760,882,214,8,0,1864,13,851
경기도,안양시동안구,평촌동,관내사전투표,4140,4140,2703,1009,367,34,6,4119,21,0
경기도,안양시동안구,평촌동,평촌동제1투,2255,1757,700,867,158,16,3,1744,13,498
경기도,안양시동안구,평촌동,평촌동제2투,2453,1838,703,929,179,15,1,1827,11,615
경기도,안양시동안구,평촌동,평촌동제3투,2789,2231,857,1101,235,23,1,2217,14,558
경기도,안양시동안구,평안동,관내사전투표,4895,4895,3309,1034,467,53,3,4866,29,0
경기도,안양시동안구,평안동,평안동제1투,1712,1241,475,596,148,13,2,1234,7,471
경기도,안양시동안구,평안동,평안동제2투,2322,1904,748,925,200,19,1,1893,11,418
경기도,안양시동안구,평안동,평안동제3투,2007,1556,602,767,152,21,2,1544,12,451
경기도,안양시동안구,평안동,평안동제4투,2113,1703,726,794,150,21,2,1693,10,410
경기도,안양시동안구,평안동,평안동제5투,2881,2360,1181,927,206,29,2,2345,15,521
경기도,안양시동안구,귀인동,관내사전투표,2723,2723,1828,637,214,29,2,2710,13,0
경기도,안양시동안구,귀인동,귀인동제1투,2312,1850,616,1040,161,18,4,1839,11,462
경기도,안양시동안구,귀인동,귀인동제2투,2855,2304,886,1188,190,28,1,2293,11,551
경기도,안양시동안구,귀인동,귀인동제3투,2710,2057,979,852,194,18,3,2046,11,653
경기도,안양시동안구,호계1동,관내사전투표,4499,4499,2949,1103,391,33,1,4477,22,0
경기도,안양시동안구,호계1동,호계1동제1투,2373,1841,741,872,194,25,1,1833,8,532
경기도,안양시동안구,호계1동,호계1동제2투,2239,1879,865,796,185,22,0,1868,11,360
경기도,안양시동안구,호계1동,호계1동제3투,3648,3007,1310,1278,376,23,1,2988,19,641
경기도,안양시동안구,호계1동,호계1동제4투,2890,2357,985,1037,296,23,3,2344,13,533
경기도,안양시동안구,호계1동,호계1동제5투,2628,1925,697,964,228,16,2,1907,18,703
경기도,안양시동안구,호계2동,관내사전투표,4424,4424,3010,1008,342,46,2,4408,16,0
경기도,안양시동안구,호계2동,호계2동제1투,2927,2351,987,1029,282,32,3,2333,18,576
경기도,안양시동안구,호계2동,호계2동제2투,2790,2108,859,1018,191,23,0,2091,17,682
경기도,안양시동안구,호계2동,호계2동제3투,2941,2240,892,1051,257,26,1,2227,13,701
경기도,안양시동안구,호계2동,호계2동제4투,2830,2153,898,999,206,26,0,2129,24,677
경기도,안양시동안구,호계2동,호계2동제5투,2450,1888,638,1042,184,11,2,1877,11,562
경기도,안양시동안구,호계3동,관내사전투표,5010,5010,3315,1238,375,50,5,4983,27,0
경기도,안양시동안구,호계3동,호계3동제1투,2592,1794,677,960,131,19,0,1787,7,798
경기도,안양시동안구,호계3동,호계3동제2투,3128,2189,906,1014,236,15,2,2173,16,939
경기도,안양시동안구,호계3동,호계3동제3투,1946,1438,611,680,121,15,2,1429,9,508
경기도,안양시동안구,호계3동,호계3동제4투,1983,1512,605,769,109,17,1,1501,11,471
경기도,안양시동안구,호계3동,호계3동제5투,2590,2000,807,996,161,16,5,1985,15,590
경기도,안양시동안구,범계동,관내사전투표,5080,5080,3248,1181,570,47,1,5047,33,0
경기도,안양시동안구,범계동,범계동제1투,2586,1875,625,1014,190,26,3,1858,17,711
경기도,안양시동안구,범계동,범계동제2투,1816,1327,515,651,131,17,0,1314,13,489
경기도,안양시동안구,범계동,범계동제3투,1953,1591,484,938,140,18,3,1583,8,362
경기도,안양시동안구,범계동,범계동제4투,1750,1435,486,795,127,15,0,1423,12,315
경기도,안양시동안구,신촌동,관내사전투표,3241,3241,2159,734,284,34,4,3215,26,0
경기도,안양시동안구,신촌동,신촌동제1투,2671,2068,764,1041,222,25,4,2056,12,603
경기도,안양시동안구,신촌동,신촌동제2투,2435,1842,676,954,176,22,2,1830,12,593
경기도,안양시동안구,신촌동,신촌동제3투,1057,851,329,432,76,9,1,847,4,206
경기도,안양시동안구,갈산동,관내사전투표,2023,2023,1267,539,185,20,4,2015,8,0
경기도,안양시동안구,갈산동,갈산동제1투,2332,1801,571,1054,152,16,0,1793,8,531
경기도,안양시동안구,갈산동,갈산동제2투,1474,1201,420,677,88,10,0,1195,6,273
경기도,안양시동안구,갈산동,갈산동제3투,1652,1141,445,557,107,13,2,1124,17,511
경기도,광명시,거소·선상투표,,325,311,124,108,67,0,2,301,10,14
경기도,광명시,관외사전투표,,22583,22578,13616,5322,3172,248,24,22382,196,5
경기도,광명시,재외투표,,1467,1186,806,236,121,14,0,1177,9,281
경기도,광명시,광명1동,관내사전투표,736,736,513,152,62,4,1,732,4,0
경기도,광명시,광명1동,광명1동제1투,2127,1740,747,746,208,26,3,1730,10,387
경기도,광명시,광명1동,광명1동제2투,1899,1516,673,607,202,21,3,1506,10,383
경기도,광명시,광명2동,관내사전투표,1870,1870,1239,483,125,13,2,1862,8,0
경기도,광명시,광명2동,광명2동투표소,1622,1024,402,537,64,14,0,1017,7,598
경기도,광명시,광명3동,관내사전투표,2013,2013,1321,561,105,13,1,2001,12,0
경기도,광명시,광명3동,광명3동제1투,2095,1387,576,703,82,9,0,1370,17,708
경기도,광명시,광명3동,광명3동제2투,1769,1176,491,582,86,7,0,1166,10,593
경기도,광명시,광명3동,광명3동제3투,2032,1266,487,673,82,11,0,1253,13,766
경기도,광명시,광명4동,관내사전투표,2822,2822,1802,745,224,32,1,2804,18,0
경기도,광명시,광명4동,광명4동제1투,1621,974,373,526,62,8,0,969,5,647
경기도,광명시,광명4동,광명4동제2투,2476,1902,675,1046,139,28,1,1889,13,574
경기도,광명시,광명5동,관내사전투표,2515,2515,1704,652,130,16,2,2504,11,0
경기도,광명시,광명5동,광명5동제1투,3084,1904,725,1034,114,17,1,1891,13,1180
경기도,광명시,광명5동,광명5동제2투,3169,2235,956,1069,162,33,3,2223,12,934
경기도,광명시,광명6동,관내사전투표,2881,2881,1921,715,202,27,3,2868,13,0
경기도,광명시,광명6동,광명6동제1투,1988,1509,569,778,136,16,1,1500,9,479
경기도,광명시,광명6동,광명6동제2투,2175,1599,681,754,140,14,0,1589,10,576
경기도,광명시,광명6동,광명6동제3투,2096,1472,613,712,111,17,7,1460,12,624
경기도,광명시,광명6동,광명6동제4투,336,241,61,170,5,2,0,238,3,95
경기도,광명시,광명7동,관내사전투표,5844,5844,3945,1432,391,48,4,5820,24,0
경기도,광명시,광명7동,광명7동제1투,3910,2863,1166,1338,297,38,6,2845,18,1047
경기도,광명시,광명7동,광명7동제2투,2752,2091,931,925,195,27,3,2081,10,661
경기도,광명시,광명7동,광명7동제3투,2740,1922,797,897,190,21,1,1906,16,818
경기도,광명시,광명7동,광명7동제4투,1830,1321,547,645,99,16,1,1308,13,509
경기도,광명시,광명7동,광명7동제5투,2266,1538,684,718,115,17,2,1536,2,728
경기도,광명시,철산1동,관내사전투표,2620,2620,1786,609,188,19,4,2606,14,0
경기도,광명시,철산1동,철산1동제1투,2341,1727,735,782,180,18,1,1716,11,614
경기도,광명시,철산1동,철산1동제2투,2519,1874,787,893,162,20,2,1864,10,645
경기도,광명시,철산2동,관내사전투표,1812,1812,1183,488,111,15,4,1801,11,0
경기도,광명시,철산2동,철산2동제1투,491,325,128,170,24,3,0,325,0,166
경기도,광명시,철산2동,철산2동제2투,356,218,87,114,11,4,0,216,2,138
경기도,광명시,철산2동,철산2동제3투,2097,1283,462,714,92,9,1,1278,5,814
경기도,광명시,철산3동,관내사전투표,7247,7247,4914,1580,628,66,3,7191,56,0
경기도,광명시,철산3동,철산3동제1투,1967,1548,592,792,139,16,1,1540,8,419
경기도,광명시,철산3동,철산3동제2투,1976,1544,545,840,136,16,1,1538,6,432
경기도,광명시,철산3동,철산3동제3투,1555,1278,600,552,101,19,1,1273,5,277
경기도,광명시,철산3동,철산3동제4투,2467,1808,636,949,191,18,0,1794,14,659
경기도,광명시,철산3동,철산3동제5투,2734,2073,912,925,204,19,2,2062,11,661
경기도,광명시,철산3동,철산3동제6투,2864,2308,1000,1072,186,29,2,2289,19,556
경기도,광명시,철산3동,철산3동제7투,1626,1351,615,591,121,14,1,1342,9,275
경기도,광명시,철산3동,철산3동제8투,2078,1723,744,790,158,23,1,1716,7,355
경기도,광명시,철산3동,철산3동제9투,2299,1851,777,879,155,28,0,1839,12,448
경기도,광명시,철산4동,관내사전투표,2364,2364,1708,403,214,24,0,2349,15,0
경기도,광명시,철산4동,철산4동제1투,1911,1455,714,563,141,31,0,1449,6,456
경기도,광명시,철산4동,철산4동제2투,1218,922,372,424,100,13,2,911,11,296
경기도,광명시,철산4동,철산4동제3투,1660,1356,589,617,123,21,0,1350,6,304
경기도,광명시,하안1동,관내사전투표,4476,4476,3111,1000,298,46,1,4456,20,0
경기도,광명시,하안1동,하안1동제1투,1592,1131,470,570,76,10,2,1128,3,461
경기도,광명시,하안1동,하안1동제2투,2240,1659,650,834,138,23,1,1646,13,581
경기도,광명시,하안1동,하안1동제3투,2886,1856,810,895,122,12,3,1842,14,1030
경기도,광명시,하안1동,하안1동제4투,2263,1826,790,835,168,24,0,1817,9,437
경기도,광명시,하안1동,하안1동제5투,2179,1758,832,730,169,16,2,1749,9,421
경기도,광명시,하안1동,하안1동제6투,2432,2034,928,897,178,21,0,2024,10,398
경기도,광명시,하안2동,관내사전투표,3774,3774,2520,896,303,34,3,3756,18,0
경기도,광명시,하안2동,하안2동제1투,1366,984,425,452,90,13,1,981,3,382
경기도,광명시,하안2동,하안2동제2투,1677,1215,497,590,106,11,1,1205,10,462
경기도,광명시,하안2동,하안2동제3투,1820,1245,538,579,104,11,1,1233,12,575
경기도,광명시,하안2동,하안2동제4투,1960,1377,614,624,110,18,0,1366,11,583
경기도,광명시,하안3동,관내사전투표,4899,4898,3417,1114,310,34,4,4879,19,1
경기도,광명시,하안3동,하안3동제1투,2161,1534,619,726,164,11,0,1520,14,627
경기도,광명시,하안3동,하안3동제2투,1293,886,390,400,80,7,0,877,9,407
경기도,광명시,하안3동,하안3동제3투,1764,1329,586,612,102,16,5,1321,8,435
경기도,광명시,하안3동,하안3동제4투,1972,1567,684,720,126,24,2,1556,11,405
경기도,광명시,하안3동,하안3동제5투,1570,1255,609,521,102,17,2,1251,4,315
경기도,광명시,하안3동,하안3동제6투,812,457,174,248,26,2,1,451,6,355
경기도,광명시,하안3동,하안3동제7투,810,515,199,289,20,3,0,511,4,295
경기도,광명시,하안4동,관내사전투표,3655,3655,2491,794,312,39,0,3636,19,0
경기도,광명시,하안4동,하안4동제1투,2019,1491,622,691,141,22,0,1476,15,528
경기도,광명시,하안4동,하안4동제2투,1979,1516,648,694,149,16,0,1507,9,463
경기도,광명시,하안4동,하안4동제3투,2091,1568,679,698,164,16,2,1559,9,523
경기도,광명시,소하1동,관내사전투표,6077,6077,4293,1315,382,50,3,6043,34,0
경기도,광명시,소하1동,소하1동제1투,2014,1485,610,709,131,21,2,1473,12,529
경기도,광명시,소하1동,소하1동제2투,1972,1572,752,658,128,20,0,1558,14,400
경기도,광명시,소하1동,소하1동제3투,1767,1381,600,603,148,18,1,1370,11,386
경기도,광명시,소하1동,소하1동제4투,3149,2152,984,958,175,18,4,2139,13,997
경기도,광명시,소하1동,소하1동제5투,2136,1615,712,758,115,17,2,1604,11,521
경기도,광명시,소하1동,소하1동제6투,1851,1525,796,546,158,18,1,1519,6,326
경기도,광명시,소하1동,소하1동제7투,2783,2179,1017,969,158,21,2,2167,12,604
경기도,광명시,소하2동,관내사전투표,6134,6134,4222,1398,417,49,7,6093,41,0
경기도,광명시,소하2동,소하2동제1투,1147,672,256,358,51,3,1,669,3,475
경기도,광명시,소하2동,소하2동제2투,2067,1372,605,615,129,11,0,1360,12,695
경기도,광명시,소하2동,소하2동제3투,2304,1600,764,707,105,15,0,1591,9,704
경기도,광명시,소하2동,소하2동제4투,2594,1928,821,951,123,20,2,1917,11,666
경기도,광명시,소하2동,소하2동제5투,2097,1589,725,712,121,21,0,1579,10,508
경기도,광명시,소하2동,소하2동제6투,1970,1496,711,672,92,8,1,1484,12,474
경기도,광명시,소하2동,소하2동제7투,2032,1527,621,730,139,27,0,1517,10,505
경기도,광명시,일직동,관내사전투표,5040,5038,3198,1168,583,52,1,5002,36,2
경기도,광명시,일직동,일직동제1투,1414,923,359,395,139,20,1,914,9,491
경기도,광명시,일직동,일직동제2투,2558,2025,767,1006,226,18,0,2017,8,533
경기도,광명시,일직동,일직동제3투,2114,1606,570,848,159,21,0,1598,8,508
경기도,광명시,일직동,일직동제4투,1276,968,402,450,98,9,0,959,9,308
경기도,광명시,일직동,일직동제5투,3037,2242,855,1107,237,24,0,2223,19,795
경기도,광명시,학온동,관내사전투표,609,609,356,211,36,3,0,606,3,0
경기도,광명시,학온동,학온동제1투,434,299,68,223,5,0,2,298,1,135
경기도,광명시,학온동,학온동제2투,627,439,127,286,22,4,0,439,0,188
경기도,평택시,거소·선상투표,,1225,1180,448,356,323,5,9,1141,39,45
경기도,평택시,관외사전투표,,37047,37044,20768,10277,5236,344,43,36668,376,3
경기도,평택시,재외투표,,2044,1594,1079,330,150,29,1,1589,5,450
경기도,평택시,팽성읍,관내사전투표,5418,5418,3378,1613,368,30,4,5393,25,0
경기도,평택시,팽성읍,팽성읍제1투,2614,1646,571,961,87,16,2,1637,9,968
경기도,평택시,팽성읍,팽성읍제2투,2618,1710,699,916,74,7,0,1696,14,908
경기도,평택시,팽성읍,팽성읍제3투,3194,1670,609,937,104,7,0,1657,13,1524
경기도,평택시,팽성읍,팽성읍제4투,1617,838,244,551,35,4,0,834,4,779
경기도,평택시,팽성읍,팽성읍제5투,1545,1006,291,673,35,5,1,1005,1,539
경기도,평택시,팽성읍,팽성읍제6투,1429,828,274,488,56,5,1,824,4,601
경기도,평택시,팽성읍,팽성읍제7투,2128,1233,450,709,51,10,0,1220,13,895
경기도,평택시,팽성읍,팽성읍제8투,2459,1350,476,790,64,11,1,1342,8,1109
경기도,평택시,안중읍,관내사전투표,7412,7412,5039,1701,566,67,7,7380,32,0
경기도,평택시,안중읍,안중읍제1투,3208,1860,825,870,140,15,4,1854,6,1348
경기도,평택시,안중읍,안중읍제2투,3411,1984,729,1098,132,8,2,1969,15,1427
경기도,평택시,안중읍,안중읍제3투,1550,1061,476,502,69,6,1,1054,7,489
경기도,평택시,안중읍,안중읍제4투,1766,1126,591,448,75,6,1,1121,5,640
경기도,평택시,안중읍,안중읍제5투,2689,1827,911,733,149,23,0,1816,11,862
경기도,평택시,안중읍,안중읍제6투,3575,1758,742,812,178,18,2,1752,6,1817
경기도,평택시,안중읍,안중읍제7투,3479,2490,1305,955,184,23,4,2471,19,989
경기도,평택시,안중읍,안중읍제8투,2250,1636,880,622,108,14,2,1626,10,614
경기도,평택시,안중읍,안중읍제9투,2653,1864,970,711,145,24,1,1851,13,789
경기도,평택시,포승읍,관내사전투표,5835,5834,3937,1310,505,43,5,5800,34,1
경기도,평택시,포승읍,포승읍제1투,3210,1778,659,993,107,9,4,1772,6,1432
경기도,평택시,포승읍,포승읍제2투,897,594,198,351,26,2,2,579,15,303
경기도,평택시,포승읍,포승읍제3투,3998,2117,932,940,204,16,5,2097,20,1881
경기도,평택시,포승읍,포승읍제4투,1868,1020,401,500,104,6,1,1012,8,848
경기도,평택시,포승읍,포승읍제5투,3410,1961,1082,686,167,18,0,1953,8,1449
경기도,평택시,청북읍,관내사전투표,4014,4014,2816,866,284,26,4,3996,18,0
경기도,평택시,청북읍,청북읍제1투,1427,789,215,520,41,3,4,783,6,638
경기도,평택시,청북읍,청북읍제2투,1379,818,252,500,59,2,0,813,5,561
경기도,평택시,청북읍,청북읍제3투,757,522,144,359,12,1,2,518,4,235
경기도,평택시,청북읍,청북읍제4투,4066,2708,1555,867,236,31,2,2691,17,1358
경기도,평택시,청북읍,청북읍제5투,4318,2933,1731,965,195,20,4,2915,18,1385
경기도,평택시,청북읍,청북읍제6투,2861,2099,1291,611,169,16,3,2090,9,762
경기도,평택시,진위면,관내사전투표,2383,2383,1496,674,180,17,0,2367,16,0
경기도,평택시,진위면,진위면제1투,1696,1090,303,709,60,12,2,1086,4,606
경기도,평택시,진위면,진위면제2투,2538,1527,598,824,83,9,4,1518,9,1011
경기도,평택시,진위면,진위면제3투,2458,1493,658,688,124,15,1,1486,7,965
경기도,평택시,서탄면,관내사전투표,1082,1082,660,340,68,10,1,1079,3,0
경기도,평택시,서탄면,서탄면제1투,857,570,156,383,22,1,1,563,7,287
경기도,평택시,서탄면,서탄면제2투,742,450,128,293,23,4,0,448,2,292
경기도,평택시,서탄면,서탄면제3투,493,269,107,144,14,0,0,265,4,224
경기도,평택시,고덕면,관내사전투표,3559,3559,2267,878,378,20,1,3544,15,0
경기도,평택시,고덕면,고덕면제1투,3106,2188,1075,868,204,25,3,2175,13,918
경기도,평택시,고덕면,고덕면제2투,1775,999,244,683,59,4,2,992,7,776
경기도,평택시,고덕면,고덕면제3투,2180,1328,604,588,115,14,1,1322,6,852
경기도,평택시,고덕면,고덕면제4투,1200,723,246,426,42,4,3,721,2,477
경기도,평택시,오성면,관내사전투표,2449,2449,1569,714,136,22,1,2442,7,0
경기도,평택시,오성면,오성면제1투,2249,1304,484,723,77,9,0,1293,11,945
경기도,평택시,오성면,오성면제2투,1106,708,221,456,23,2,2,704,4,398
경기도,평택시,오성면,오성면제3투,402,284,64,204,10,4,0,282,2,118
경기도,평택시,현덕면,관내사전투표,2566,2566,1613,773,149,19,3,2557,9,0
경기도,평택시,현덕면,현덕면제1투,1785,1099,401,610,72,11,1,1095,4,686
경기도,평택시,현덕면,현덕면제2투,720,477,107,347,18,2,0,474,3,243
경기도,평택시,현덕면,현덕면제3투,838,503,146,331,17,7,0,501,2,335
경기도,평택시,중앙동,관내사전투표,7447,7447,4691,1909,726,58,11,7395,52,0
경기도,평택시,중앙동,중앙동제1투,2491,1263,412,650,179,9,1,1251,12,1228
경기도,평택시,중앙동,중앙동제2투,3294,1839,511,946,354,8,1,1820,19,1455
경기도,평택시,중앙동,중앙동제3투,3048,2096,942,1003,132,10,0,2087,9,952
경기도,평택시,중앙동,중앙동제4투,2256,1623,519,953,123,5,5,1605,18,633
경기도,평택시,중앙동,중앙동제5투,2686,1895,919,812,142,10,1,1884,11,791
경기도,평택시,중앙동,중앙동제6투,3337,2250,976,982,251,23,3,2235,15,1087
경기도,평택시,중앙동,중앙동제7투,2531,1892,870,853,135,21,4,1883,9,639
경기도,평택시,중앙동,중앙동제8투,2618,1854,851,848,130,11,1,1841,13,764
경기도,평택시,중앙동,중앙동제9투,2615,1827,808,882,100,21,2,1813,14,788
경기도,평택시,중앙동,중앙동제10투,2714,1735,689,879,129,22,3,1722,13,979
경기도,평택시,서정동,관내사전투표,4701,4701,3061,1254,318,30,6,4669,32,0
경기도,평택시,서정동,서정동제1투,2778,1356,565,660,95,16,5,1341,15,1422
경기도,평택시,서정동,서정동제2투,3749,2378,974,1147,217,23,1,2362,16,1371
경기도,평택시,서정동,서정동제3투,1744,993,398,508,63,10,2,981,12,751
경기도,평택시,서정동,서정동제4투,1416,781,286,447,34,7,0,774,7,635
경기도,평택시,서정동,서정동제5투,2365,1363,525,731,88,8,0,1352,11,1002
경기도,평택시,서정동,서정동제6투,1911,1109,453,555,79,11,2,1100,9,802
경기도,평택시,서정동,서정동제7투,2201,1369,536,707,101,11,1,1356,13,832
경기도,평택시,송탄동,관내사전투표,3620,3620,2498,808,275,22,2,3605,15,0
경기도,평택시,송탄동,송탄동제1투,2085,1224,448,663,92,12,3,1218,6,861
경기도,평택시,송탄동,송탄동제2투,2269,1475,580,791,84,12,1,1468,7,794
경기도,평택시,송탄동,송탄동제3투,3300,2577,1285,1074,185,21,3,2568,9,723
경기도,평택시,송탄동,송탄동제4투,3890,2677,1278,1009,335,27,5,2654,23,1213
경기도,평택시,송탄동,송탄동제5투,2146,1459,710,564,153,17,1,1445,14,687
경기도,평택시,지산동,관내사전투표,3044,3044,1980,823,196,18,2,3019,25,0
경기도,평택시,지산동,지산동제1투,4468,2009,733,971,257,22,4,1987,22,2459
경기도,평택시,지산동,지산동제2투,3344,2139,952,969,179,19,3,2122,17,1205
경기도,평택시,송북동,관내사전투표,4551,4551,2866,1364,269,25,3,4527,24,0
경기도,평택시,송북동,송북동제1투,1518,844,283,486,60,8,2,839,5,674
경기도,평택시,송북동,송북동제2투,2563,1505,538,849,103,8,0,1498,7,1058
경기도,평택시,송북동,송북동제3투,3444,2249,887,1180,151,16,3,2237,12,1195
경기도,평택시,송북동,송북동제4투,2871,1853,762,924,127,15,4,1832,21,1018
경기도,평택시,송북동,송북동제5투,2036,1307,629,560,95,15,2,1301,6,729
경기도,평택시,신장1동,관내사전투표,1675,1675,1018,511,118,14,1,1662,13,0
경기도,평택시,신장1동,신장1동제1투,1880,967,353,541,62,6,0,962,5,913
경기도,평택시,신장1동,신장1동제2투,2074,1056,405,532,101,6,4,1048,8,1018
경기도,평택시,신장2동,관내사전투표,1507,1507,843,502,135,11,0,1491,16,0
경기도,평택시,신장2동,신장2동제1투,1826,883,251,560,63,4,1,879,4,943
경기도,평택시,신장2동,신장2동제2투,1367,736,251,430,45,5,0,731,5,631
경기도,평택시,신평동,관내사전투표,3771,3771,2367,1063,285,31,4,3750,21,0
경기도,평택시,신평동,신평동제1투,1824,1200,425,680,70,14,2,1191,9,624
경기도,평택시,신평동,신평동제2투,2555,1276,401,687,162,10,0,1260,16,1279
경기도,평택시,신평동,신평동제3투,2798,1738,580,1023,104,19,3,1729,9,1060
경기도,평택시,신평동,신평동제4투,3349,1745,682,895,130,12,1,1720,25,1604
경기도,평택시,신평동,신평동제5투,478,345,116,205,17,2,1,341,4,133
경기도,평택시,신평동,신평동제6투,2067,1573,647,757,140,16,1,1561,12,494
경기도,평택시,원평동,관내사전투표,3450,3450,2104,999,288,33,3,3427,23,0
경기도,평택시,원평동,원평동제1투,2457,1282,404,761,100,6,1,1272,10,1175
경기도,평택시,원평동,원평동제2투,2096,1405,567,702,113,8,4,1394,11,691
경기도,평택시,원평동,원평동제3투,2646,1748,607,938,184,8,0,1737,11,898
경기도,평택시,원평동,원평동제4투,714,392,129,235,25,0,0,389,3,322
경기도,평택시,통복동,관내사전투표,3743,3743,2330,1036,318,32,2,3718,25,0
경기도,평택시,통복동,통복동제1투,2222,1449,575,713,136,12,0,1436,13,773
경기도,평택시,통복동,통복동제2투,1313,796,237,474,67,8,0,786,10,517
경기도,평택시,비전1동,관내사전투표,7787,7787,5495,1624,558,63,7,7747,40,0
경기도,평택시,비전1동,비전1동제1투,2501,1633,618,877,119,9,1,1624,9,868
경기도,평택시,비전1동,비전1동제2투,1398,839,301,484,46,4,0,835,4,559
경기도,평택시,비전1동,비전1동제3투,2252,1726,813,730,154,22,1,1720,6,526
경기도,평택시,비전1동,비전1동제4투,1264,976,364,539,60,7,0,970,6,288
경기도,평택시,비전1동,비전1동제5투,1165,802,247,509,40,4,0,800,2,363
경기도,평택시,비전1동,비전1동제6투,3144,1915,827,929,123,13,1,1893,22,1229
경기도,평택시,비전1동,비전1동제7투,3324,2283,1080,952,217,22,1,2272,11,1041
경기도,평택시,비전1동,비전1동제8투,2697,1852,868,773,166,26,2,1835,17,845
경기도,평택시,비전1동,비전1동제9투,2907,2023,922,898,164,25,1,2010,13,884
경기도,평택시,비전1동,비전1동제10투,2835,1802,883,699,180,27,2,1791,11,1033
경기도,평택시,비전1동,비전1동제11투,2097,1447,713,586,113,12,2,1426,21,650
경기도,평택시,비전1동,비전1동제12투,3078,2324,1216,857,211,19,2,2305,19,754
경기도,평택시,비전2동,관내사전투표,8394,8394,5436,2124,687,78,10,8335,59,0
경기도,평택시,비전2동,비전2동제1투,3979,2466,932,1336,162,21,2,2453,13,1513
경기도,평택시,비전2동,비전2동제2투,1710,1166,397,663,87,8,2,1157,9,544
경기도,평택시,비전2동,비전2동제3투,2489,1560,531,890,117,12,1,1551,9,929
경기도,평택시,비전2동,비전2동제4투,3408,2514,1019,1270,176,27,2,2494,20,894
경기도,평택시,비전2동,비전2동제5투,4713,3249,1250,1704,241,25,4,3224,25,1464
경기도,평택시,비전2동,비전2동제6투,2731,2032,872,957,166,26,1,2022,10,699
경기도,평택시,비전2동,비전2동제7투,1938,1451,618,668,144,11,3,1444,7,487
경기도,평택시,비전2동,비전2동제8투,3729,2799,1463,1041,255,23,3,2785,14,930
경기도,평택시,비전2동,비전2동제9투,3440,2615,1256,1080,247,18,0,2601,14,825
경기도,평택시,비전2동,비전2동제10투,4386,3276,1623,1313,293,31,3,3263,13,1110
경기도,평택시,세교동,관내사전투표,4521,4521,2952,1177,336,34,4,4503,18,0
경기도,평택시,세교동,세교동제1투,3457,2182,823,1171,153,16,3,2166,16,1275
경기도,평택시,세교동,세교동제2투,3362,2174,929,1008,201,25,1,2164,10,1188
경기도,평택시,세교동,세교동제3투,776,459,139,283,32,2,1,457,2,317
경기도,평택시,세교동,세교동제4투,4743,3635,1582,1603,392,30,1,3608,27,1108
경기도,평택시,세교동,세교동제5투,2446,1691,747,783,132,12,2,1676,15,755
경기도,평택시,세교동,세교동제6투,2750,2008,833,979,169,14,2,1997,11,742
경기도,평택시,세교동,세교동제7투,4268,3154,1424,1378,298,35,0,3135,19,1114
경기도,평택시,용이동,관내사전투표,4836,4836,3432,911,423,34,5,4805,31,0
경기도,평택시,용이동,용이동제1투,2971,1415,500,685,195,16,0,1396,19,1556
경기도,평택시,용이동,용이동제2투,1863,1463,770,531,136,17,0,1454,9,400
경기도,평택시,용이동,용이동제3투,2362,1880,979,717,149,18,3,1866,14,482
경기도,평택시,용이동,용이동제4투,2845,2274,980,1067,179,27,3,2256,18,571
경기도,평택시,용이동,용이동제5투,2124,1605,864,587,131,19,0,1601,4,519
경기도,평택시,용이동,용이동제6투,2391,1443,695,576,143,12,2,1428,15,948
경기도,평택시,동삭동,관내사전투표,6640,6640,4550,1352,649,48,4,6603,37,0
경기도,평택시,동삭동,동삭동제1투,3794,2686,1222,1117,298,28,4,2669,17,1108
경기도,평택시,동삭동,동삭동제2투,3000,2280,1038,944,265,17,4,2268,12,720
경기도,평택시,동삭동,동삭동제3투,2337,1660,680,811,141,16,0,1648,12,677
경기도,평택시,동삭동,동삭동제4투,1910,1385,672,565,128,15,1,1381,4,525
경기도,평택시,동삭동,동삭동제5투,3128,2411,1190,963,214,25,3,2395,16,717
경기도,평택시,동삭동,동삭동제6투,2302,1691,780,700,179,19,1,1679,12,611
경기도,평택시,동삭동,동삭동제7투,3487,1632,647,763,197,10,4,1621,11,1855
경기도,평택시,동삭동,동삭동제8투,3594,2428,1120,942,316,26,0,2404,24,1166
경기도,평택시,고덕동,관내사전투표,5904,5904,3486,1271,1054,42,4,5857,47,0
경기도,평택시,고덕동,고덕동제1투,3083,2166,882,927,312,22,3,2146,20,917
경기도,평택시,고덕동,고덕동제2투,4016,2987,1272,1349,317,22,7,2967,20,1029
경기도,평택시,고덕동,고덕동제3투,3613,2672,1178,1158,306,17,0,2659,13,941
경기도,평택시,고덕동,고덕동제4투,3255,2102,884,880,298,19,1,2082,20,1153
경기도,평택시,고덕동,고덕동제5투,4914,3446,1626,1369,392,33,3,3423,23,1468
경기도,평택시,고덕동,고덕동제6투,4835,3585,1743,1379,406,34,4,3566,19,1250
경기도,평택시,고덕동,고덕동제7투,4788,3475,1416,1422,569,32,2,3441,34,1313
경기도,평택시,고덕동,고덕동제8투,2750,1307,404,663,212,8,1,1288,19,1443
경기도,양주시,거소·선상투표,,731,656,285,192,126,10,5,618,38,75
경기도,양주시,관외사전투표,,24632,24630,15243,6015,2907,212,29,24406,224,2
경기도,양주시,재외투표,,939,786,574,124,78,10,0,786,0,153
경기도,양주시,백석읍,관내사전투표,4771,4771,3153,1346,224,24,1,4748,23,0
경기도,양주시,백석읍,백석읍제1투,2718,1424,486,842,75,10,2,1415,9,1294
경기도,양주시,백석읍,백석읍제2투,2221,1399,589,693,92,13,1,1388,11,822
경기도,양주시,백석읍,백석읍제3투,2128,1348,414,848,68,10,3,1343,5,780
경기도,양주시,백석읍,백석읍제4투,3120,2042,865,1034,109,12,3,2023,19,1078
경기도,양주시,백석읍,백석읍제5투,1633,1018,387,559,56,6,1,1009,9,615
경기도,양주시,백석읍,백석읍제6투,1841,1229,574,564,72,9,0,1219,10,612
경기도,양주시,백석읍,백석읍제7투,1939,1402,687,611,88,6,4,1396,6,537
경기도,양주시,은현면,관내사전투표,1762,1762,1076,570,100,6,3,1755,7,0
경기도,양주시,은현면,은현면제1투,827,467,141,296,22,6,1,466,1,360
경기도,양주시,은현면,은현면제2투,1227,726,196,485,40,1,0,722,4,501
경기도,양주시,은현면,은현면제3투,528,348,113,208,24,1,1,347,1,180
경기도,양주시,은현면,은현면제4투,603,396,111,263,16,3,0,393,3,207
경기도,양주시,남면,관내사전투표,1492,1492,819,536,114,11,2,1482,10,0
경기도,양주시,남면,남면제1투,1489,862,276,515,54,7,2,854,8,627
경기도,양주시,남면,남면제2투,597,375,113,251,9,0,0,373,2,222
경기도,양주시,남면,남면제3투,1125,667,189,434,31,6,1,661,6,458
경기도,양주시,남면,남면제4투,525,347,120,201,19,4,2,346,1,178
경기도,양주시,광적면,관내사전투표,3763,3762,2247,1253,216,20,3,3739,23,1
경기도,양주시,광적면,광적면제1투,2767,1410,491,823,73,12,3,1402,8,1357
경기도,양주시,광적면,광적면제2투,2080,1251,490,663,82,6,3,1244,7,829
경기도,양주시,광적면,광적면제3투,246,170,45,114,9,0,0,168,2,76
경기도,양주시,광적면,광적면제4투,787,517,157,324,27,5,0,513,4,270
경기도,양주시,장흥면,관내사전투표,2556,2556,1584,805,140,12,0,2541,15,0
경기도,양주시,장흥면,장흥면제1투,3298,1915,581,1242,74,7,1,1905,10,1383
경기도,양주시,장흥면,장흥면제2투,4063,2437,898,1374,136,15,0,2423,14,1626
경기도,양주시,양주1동,관내사전투표,1525,1525,943,411,150,10,1,1515,10,0
경기도,양주시,양주1동,양주1동제1투,975,607,206,371,26,0,0,603,4,368
경기도,양주시,양주1동,양주1동제2투,659,467,132,313,19,1,2,467,0,192
경기도,양주시,양주1동,양주1동제3투,1414,933,368,517,35,8,0,928,5,481
경기도,양주시,양주2동,관내사전투표,8687,8685,6176,1922,478,58,5,8639,46,2
경기도,양주시,양주2동,양주2동제1투,2598,1669,730,792,107,17,4,1650,19,929
경기도,양주시,양주2동,양주2동제2투,2799,1911,840,881,162,18,1,1902,9,888
경기도,양주시,양주2동,양주2동제3투,4550,3164,1603,1278,227,23,7,3138,26,1386
경기도,양주시,양주2동,양주2동제4투,2382,1671,807,723,101,23,2,1656,15,711
경기도,양주시,양주2동,양주2동제5투,3491,2539,1289,1064,143,25,5,2526,13,952
경기도,양주시,양주2동,양주2동제6투,2761,1912,977,808,104,12,2,1903,9,849
경기도,양주시,양주2동,양주2동제7투,2255,1473,605,749,97,7,4,1462,11,782
경기도,양주시,양주2동,양주2동제8투,2112,1314,530,702,63,9,2,1306,8,798
경기도,양주시,양주2동,양주2동제9투,2825,1682,771,774,114,11,1,1671,11,1143
경기도,양주시,양주2동,양주2동제10투,2268,1522,742,604,142,19,0,1507,15,746
경기도,양주시,회천1동,관내사전투표,2284,2284,1490,586,175,11,2,2264,20,0
경기도,양주시,회천1동,회천1동제1투,2185,1378,536,708,110,12,4,1370,8,807
경기도,양주시,회천1동,회천1동제2투,2115,1274,530,650,73,13,2,1268,6,841
경기도,양주시,회천1동,회천1동제3투,686,424,126,266,25,4,0,421,3,262
경기도,양주시,회천2동,관내사전투표,7627,7627,5260,1809,467,45,4,7585,42,0
경기도,양주시,회천2동,회천2동제1투,2526,1416,625,668,88,16,5,1402,14,1110
경기도,양주시,회천2동,회천2동제2투,3592,2083,952,947,135,22,8,2064,19,1509
경기도,양주시,회천2동,회천2동제3투,4402,2897,1445,1122,291,23,0,2881,16,1505
경기도,양주시,회천2동,회천2동제4투,2467,1599,673,752,153,13,1,1592,7,868
경기도,양주시,회천2동,회천2동제5투,4144,2949,1494,1169,226,31,3,2923,26,1195
경기도,양주시,회천2동,회천2동제6투,3860,2449,1105,1134,174,17,4,2434,15,1411
경기도,양주시,회천2동,회천2동제7투,2761,1982,1003,720,223,19,1,1966,16,779
경기도,양주시,회천2동,회천2동제8투,2231,1477,634,677,132,12,4,1459,18,754
경기도,양주시,회천3동,관내사전투표,5931,5931,3948,1499,397,42,6,5892,39,0
경기도,양주시,회천3동,회천3동제1투,2007,1238,516,619,86,8,1,1230,8,769
경기도,양주시,회천3동,회천3동제2투,2596,1509,678,695,112,10,2,1497,12,1087
경기도,양주시,회천3동,회천3동제3투,2436,1520,705,684,112,13,0,1514,6,916
경기도,양주시,회천3동,회천3동제4투,1832,1332,548,671,92,9,2,1322,10,500
경기도,양주시,회천3동,회천3동제5투,2080,1329,607,589,110,13,1,1320,9,751
경기도,양주시,회천3동,회천3동제6투,2772,1911,849,896,133,13,3,1894,17,861
경기도,양주시,옥정1동,관내사전투표,6054,6054,4364,1204,408,43,2,6021,33,0
경기도,양주시,옥정1동,옥정1동제1투,3663,2190,916,993,243,16,2,2170,20,1473
경기도,양주시,옥정1동,옥정1동제2투,2848,1749,794,814,113,8,0,1729,20,1099
경기도,양주시,옥정1동,옥정1동제3투,1648,1033,406,529,82,6,2,1025,8,615
경기도,양주시,옥정1동,옥정1동제4투,3333,2028,909,862,220,17,1,2009,19,1305
경기도,양주시,옥정1동,옥정1동제5투,2839,2142,1152,774,186,15,2,2129,13,697
경기도,양주시,옥정1동,옥정1동제6투,3442,2506,1281,990,199,24,2,2496,10,936
경기도,양주시,옥정1동,옥정1동제7투,1522,1141,647,405,78,3,0,1133,8,381
경기도,양주시,옥정1동,옥정1동제8투,2668,1953,1006,715,195,20,2,1938,15,715
경기도,양주시,옥정2동,관내사전투표,9628,9628,6943,1745,799,84,4,9575,53,0
경기도,양주시,옥정2동,옥정2동제1투,2342,1616,774,662,151,18,1,1606,10,726
경기도,양주시,옥정2동,옥정2동제2투,3050,2033,963,861,180,21,3,2028,5,1017
경기도,양주시,옥정2동,옥정2동제3투,2122,1566,824,599,123,13,1,1560,6,556
경기도,양주시,옥정2동,옥정2동제4투,2298,1797,892,756,125,10,1,1784,13,501
경기도,양주시,옥정2동,옥정2동제5투,3302,2243,1208,847,153,24,2,2234,9,1059
경기도,양주시,옥정2동,옥정2동제6투,2992,1780,959,640,149,17,1,1766,14,1212
경기도,양주시,옥정2동,옥정2동제7투,3419,2164,1015,888,223,20,2,2148,16,1255
경기도,양주시,옥정2동,옥정2동제8투,2707,1841,892,795,123,13,6,1829,12,866
경기도,양주시,옥정2동,옥정2동제9투,2821,1985,1018,770,173,10,2,1973,12,836
경기도,양주시,옥정2동,옥정2동제10투,4300,2976,1572,1132,216,30,3,2953,23,1324
경기도,동두천시,거소·선상투표,,225,214,104,64,32,0,3,203,11,11
경기도,동두천시,관외사전투표,,5831,5831,3429,1545,730,58,14,5776,55,0
경기도,동두천시,재외투표,,353,272,196,51,22,0,0,269,3,81
경기도,동두천시,생연1동,관내사전투표,1472,1472,925,473,64,6,0,1468,4,0
경기도,동두천시,생연1동,생연1동제1투,1729,946,376,498,54,9,1,938,8,783
경기도,동두천시,생연1동,생연1동제2투,1798,998,355,579,51,9,1,995,3,800
경기도,동두천시,생연2동,관내사전투표,3144,3144,1927,1031,142,21,5,3126,18,0
경기도,동두천시,생연2동,생연2동제1투,1170,725,259,415,41,6,0,721,4,445
경기도,동두천시,생연2동,생연2동제2투,2332,1471,611,752,73,18,2,1456,15,861
경기도,동두천시,생연2동,생연2동제3투,723,418,133,256,23,2,1,415,3,305
경기도,동두천시,생연2동,생연2동제4투,1715,1047,462,514,58,5,2,1041,6,668
경기도,동두천시,중앙동,관내사전투표,1792,1792,995,696,76,16,1,1784,8,0
경기도,동두천시,중앙동,중앙동제1투,1678,870,302,508,45,7,1,863,7,808
경기도,동두천시,중앙동,중앙동제2투,1004,562,182,348,23,5,0,558,4,442
경기도,동두천시,보산동,관내사전투표,848,848,546,261,37,2,0,846,2,0
경기도,동두천시,보산동,보산동투표소,1543,805,260,494,34,8,2,798,7,738
경기도,동두천시,불현동,관내사전투표,4669,4669,3043,1357,217,23,5,4645,24,0
경기도,동두천시,불현동,불현동제1투,3085,1688,617,941,100,11,5,1674,14,1397
경기도,동두천시,불현동,불현동제2투,1673,967,383,509,61,6,1,960,7,706
경기도,동두천시,불현동,불현동제3투,1514,912,329,527,51,4,1,912,0,602
경기도,동두천시,불현동,불현동제4투,2753,1691,717,843,107,16,1,1684,7,1062
경기도,동두천시,불현동,불현동제5투,3925,2449,1037,1208,173,18,3,2439,10,1476
경기도,동두천시,불현동,불현동제6투,1550,909,279,582,36,5,1,903,6,641
경기도,동두천시,송내동,관내사전투표,4950,4950,3345,1296,242,34,2,4919,31,0
경기도,동두천시,송내동,송내동제1투,3719,2331,1058,1067,168,23,1,2317,14,1388
경기도,동두천시,송내동,송내동제2투,3033,2092,938,969,147,16,2,2072,20,941
경기도,동두천시,송내동,송내동제3투,3367,2029,847,1025,122,17,2,2013,16,1338
경기도,동두천시,송내동,송내동제4투,1617,1010,419,520,60,6,1,1006,4,607
경기도,동두천시,송내동,송내동제5투,2422,1393,598,656,117,12,4,1387,6,1029
경기도,동두천시,소요동,관내사전투표,1756,1756,1105,529,88,10,3,1735,21,0
경기도,동두천시,소요동,소요동제1투,993,523,197,286,34,1,2,520,3,470
경기도,동두천시,소요동,소요동제2투,1850,1158,477,590,75,3,0,1145,13,692
경기도,동두천시,소요동,소요동제3투,432,277,100,169,6,2,0,277,0,155
경기도,동두천시,소요동,소요동제4투,1341,841,320,479,34,5,0,838,3,500
경기도,동두천시,소요동,소요동제5투,666,389,119,254,13,1,0,387,2,277
경기도,동두천시,상패동,관내사전투표,1342,1342,845,415,65,5,3,1333,9,0
경기도,동두천시,상패동,상패동제1투,1918,1079,367,647,51,4,1,1070,9,839
경기도,동두천시,상패동,상패동제2투,995,609,231,327,43,3,0,604,5,386
경기도,안산시상록구,거소·선상투표,,487,460,228,127,84,5,1,445,15,27
경기도,안산시상록구,관외사전투표,,25638,25634,15673,5909,3454,278,43,25357,277,4
경기도,안산시상록구,재외투표,,1333,1089,766,193,107,17,0,1083,6,244
경기도,안산시상록구,일동,관내사전투표,4877,4877,3521,948,333,41,5,4848,29,0
경기도,안산시상록구,일동,일동제1투,3247,1773,897,739,109,13,2,1760,13,1474
경기도,안산시상록구,일동,일동제2투,3055,1888,881,821,151,16,2,1871,17,1167
경기도,안산시상록구,일동,일동제3투,4281,2729,1402,1088,196,22,8,2716,13,1552
경기도,안산시상록구,일동,일동제4투,3019,1873,940,766,130,18,1,1855,18,1146
경기도,안산시상록구,이동,관내사전투표,3348,3348,2395,679,229,19,5,3327,21,0
경기도,안산시상록구,이동,이동제1투,2101,1285,618,541,98,16,2,1275,10,816
경기도,안산시상록구,이동,이동제2투,2377,1314,618,554,112,15,2,1301,13,1063
경기도,안산시상록구,이동,이동제3투,2599,1396,654,563,150,19,4,1390,6,1203
경기도,안산시상록구,이동,이동제4투,2074,1078,481,454,123,13,0,1071,7,996
경기도,안산시상록구,이동,이동제5투,3699,2181,973,979,189,23,3,2167,14,1518
경기도,안산시상록구,이동,이동제6투,1974,1512,648,723,118,13,1,1503,9,462
경기도,안산시상록구,사동,관내사전투표,6945,6945,4784,1284,748,61,9,6886,59,0
경기도,안산시상록구,사동,사동제1투,3115,1636,826,629,147,20,1,1623,13,1479
경기도,안산시상록구,사동,사동제2투,3071,1880,808,866,175,20,2,1871,9,1191
경기도,안산시상록구,사동,사동제3투,2115,1163,490,532,121,7,3,1153,10,952
경기도,안산시상록구,사동,사동제4투,2472,1779,893,712,123,19,2,1749,30,693
경기도,안산시상록구,사동,사동제5투,2074,1666,865,610,163,17,4,1659,7,408
경기도,안산시상록구,사동,사동제6투,2726,1598,767,675,138,9,0,1589,9,1128
경기도,안산시상록구,사동,사동제7투,2064,1361,686,526,114,21,1,1348,13,703
경기도,안산시상록구,사동,사동제8투,1638,1097,465,509,106,10,2,1092,5,541
경기도,안산시상록구,사이동,관내사전투표,5023,5023,3529,1133,309,26,4,5001,22,0
경기도,안산시상록구,사이동,사이동제1투,1739,1265,411,740,94,11,1,1257,8,474
경기도,안산시상록구,사이동,사이동제2투,2437,1746,695,877,151,13,0,1736,10,691
경기도,안산시상록구,사이동,사이동제3투,1838,1348,501,693,132,12,0,1338,10,490
경기도,안산시상록구,사이동,사이동제4투,2689,1718,885,648,155,16,0,1704,14,971
경기도,안산시상록구,사이동,사이동제5투,2513,1615,892,552,133,19,3,1599,16,898
경기도,안산시상록구,사이동,사이동제6투,3192,2039,1004,838,165,17,0,2024,15,1153
경기도,안산시상록구,사이동,사이동제7투,3612,2354,1264,873,170,21,5,2333,21,1258
경기도,안산시상록구,해양동,관내사전투표,5478,5478,3719,1296,393,39,4,5451,27,0
경기도,안산시상록구,해양동,해양동제1투,3606,2563,870,1230,416,18,1,2535,28,1043
경기도,안산시상록구,해양동,해양동제2투,2710,2011,873,922,185,16,2,1998,13,699
경기도,안산시상록구,해양동,해양동제3투,2868,2068,814,1069,160,14,1,2058,10,800
경기도,안산시상록구,해양동,해양동제4투,2837,2227,1085,904,208,18,3,2218,9,610
경기도,안산시상록구,해양동,해양동제5투,3787,3047,1466,1240,297,31,2,3036,11,740
경기도,안산시상록구,해양동,해양동제6투,2649,2157,1022,917,183,21,3,2146,11,492
경기도,안산시상록구,해양동,해양동제7투,2621,2039,962,828,214,16,0,2020,19,582
경기도,안산시상록구,본오1동,관내사전투표,5793,5793,4259,1138,322,42,1,5762,31,0
경기도,안산시상록구,본오1동,본오1동제1투,3113,1729,840,724,127,22,3,1716,13,1384
경기도,안산시상록구,본오1동,본오1동제2투,2738,1639,852,618,135,17,2,1624,15,1099
경기도,안산시상록구,본오1동,본오1동제3투,2639,1563,787,622,118,19,3,1549,14,1076
경기도,안산시상록구,본오1동,본오1동제4투,2583,1580,817,616,119,16,1,1569,11,1003
경기도,안산시상록구,본오1동,본오1동제5투,3270,1965,995,793,135,18,3,1944,21,1305
경기도,안산시상록구,본오1동,본오1동제6투,2435,1380,715,554,86,12,2,1369,11,1055
경기도,안산시상록구,본오1동,본오1동제7투,2562,1516,777,587,125,15,2,1506,10,1046
경기도,안산시상록구,본오1동,본오1동제8투,1902,1233,540,592,85,9,1,1227,6,669
경기도,안산시상록구,본오2동,관내사전투표,3191,3191,2348,631,166,16,4,3165,26,0
경기도,안산시상록구,본오2동,본오2동제1투,2269,1309,645,553,87,14,2,1301,8,960
경기도,안산시상록구,본오2동,본오2동제2투,2208,1277,658,513,89,6,3,1269,8,931
경기도,안산시상록구,본오2동,본오2동제3투,3314,1936,969,791,147,16,2,1925,11,1378
경기도,안산시상록구,본오2동,본오2동제4투,2113,1594,780,653,127,20,1,1581,13,519
경기도,안산시상록구,본오2동,본오2동제5투,3401,2555,1209,1113,190,27,5,2544,11,846
경기도,안산시상록구,본오2동,본오2동제6투,2306,1787,831,778,150,15,1,1775,12,519
경기도,안산시상록구,본오3동,관내사전투표,5858,5858,4056,1254,448,50,4,5812,46,0
경기도,안산시상록구,본오3동,본오3동제1투,1958,1144,485,548,78,15,1,1127,17,814
경기도,안산시상록구,본오3동,본오3동제2투,1921,1472,641,665,143,10,2,1461,11,449
경기도,안산시상록구,본오3동,본오3동제3투,3276,2106,946,949,170,25,1,2091,15,1170
경기도,안산시상록구,본오3동,본오3동제4투,2723,1622,714,736,146,11,4,1611,11,1101
경기도,안산시상록구,본오3동,본오3동제5투,1444,1136,500,522,90,14,3,1129,7,308
경기도,안산시상록구,부곡동,관내사전투표,4139,4138,2989,879,213,33,3,4117,21,1
경기도,안산시상록구,부곡동,부곡동제1투,3595,2148,961,966,182,18,4,2131,17,1447
경기도,안산시상록구,부곡동,부곡동제2투,2834,1646,696,790,130,14,4,1634,12,1188
경기도,안산시상록구,부곡동,부곡동제3투,2639,1631,810,654,131,24,2,1621,10,1008
경기도,안산시상록구,부곡동,부곡동제4투,3109,2078,991,864,183,26,4,2068,10,1031
경기도,안산시상록구,월피동,관내사전투표,5415,5415,3933,1104,313,33,4,5387,28,0
경기도,안산시상록구,월피동,월피동제1투,2997,1651,766,732,126,18,0,1642,9,1346
경기도,안산시상록구,월피동,월피동제2투,3512,2197,1026,962,174,15,2,2179,18,1315
경기도,안산시상록구,월피동,월피동제3투,2855,1961,901,828,179,26,5,1939,22,894
경기도,안산시상록구,월피동,월피동제4투,2449,1622,748,705,139,13,3,1608,14,827
경기도,안산시상록구,월피동,월피동제5투,2372,1852,923,711,176,21,2,1833,19,520
경기도,안산시상록구,월피동,월피동제6투,2398,1831,885,711,195,32,3,1826,5,567
경기도,안산시상록구,월피동,월피동제7투,3009,1901,916,780,160,27,4,1887,14,1108
경기도,안산시상록구,월피동,월피동제8투,3237,1991,961,808,182,16,5,1972,19,1246
경기도,안산시상록구,성포동,관내사전투표,5154,5154,3483,1210,388,37,2,5120,34,0
경기도,안산시상록구,성포동,성포동제1투,2881,2205,836,1138,193,23,1,2191,14,676
경기도,안산시상록구,성포동,성포동제2투,2323,1632,608,846,151,14,2,1621,11,691
경기도,안산시상록구,성포동,성포동제3투,2487,1867,779,909,151,16,3,1858,9,620
경기도,안산시상록구,성포동,성포동제4투,3698,2756,1174,1311,216,37,3,2741,15,942
경기도,안산시상록구,성포동,성포동제5투,2963,2169,1018,927,179,27,5,2156,13,794
경기도,안산시상록구,반월동,관내사전투표,3977,3977,2686,1015,221,27,4,3953,24,0
경기도,안산시상록구,반월동,반월동제1투,3219,2158,822,1121,177,21,4,2145,13,1061
경기도,안산시상록구,반월동,반월동제2투,2790,2139,930,997,171,26,2,2126,13,651
경기도,안산시상록구,반월동,반월동제3투,2044,1320,522,706,73,8,2,1311,9,724
경기도,안산시상록구,반월동,반월동제4투,1354,1018,428,520,58,4,1,1011,7,336
경기도,안산시상록구,반월동,반월동제5투,650,445,172,246,20,2,2,442,3,205
경기도,안산시상록구,안산동,관내사전투표,2038,2038,1371,562,92,5,1,2031,7,0
경기도,안산시상록구,안산동,안산동제1투,2164,1337,530,710,76,10,1,1327,10,827
경기도,안산시상록구,안산동,안산동제2투,2650,1716,773,796,114,20,3,1706,10,934
경기도,안산시단원구,거소·선상투표,,497,450,195,160,80,4,2,441,9,47
경기도,안산시단원구,관외사전투표,,21775,21771,13093,5148,3036,215,49,21541,230,4
경기도,안산시단원구,재외투표,,957,789,556,126,94,7,0,783,6,168
경기도,안산시단원구,와동,관내사전투표,5441,5441,4051,1033,262,41,10,5397,44,0
경기도,안산시단원구,와동,와동제1투,2489,1400,724,569,88,10,1,1392,8,1089
경기도,안산시단원구,와동,와동제2투,3107,2047,1060,799,144,21,4,2028,19,1060
경기도,안산시단원구,와동,와동제3투,2860,1902,974,746,145,17,4,1886,16,958
경기도,안산시단원구,와동,와동제4투,3090,1776,937,692,122,16,3,1770,6,1314
경기도,안산시단원구,와동,와동제5투,3057,1676,857,667,122,11,2,1659,17,1381
경기도,안산시단원구,와동,와동제6투,2250,1279,723,429,100,9,7,1268,11,971
경기도,안산시단원구,와동,와동제7투,3085,1720,859,699,132,13,4,1707,13,1365
경기도,안산시단원구,와동,와동제8투,2694,1489,845,526,96,13,0,1480,9,1205
경기도,안산시단원구,고잔동,관내사전투표,4726,4726,3269,1040,346,33,6,4694,32,0
경기도,안산시단원구,고잔동,고잔동제1투,2013,1215,577,535,85,12,1,1210,5,798
경기도,안산시단원구,고잔동,고잔동제2투,1397,898,346,466,71,9,0,892,6,499
경기도,안산시단원구,고잔동,고잔동제3투,3580,2420,1060,1022,274,30,6,2392,28,1160
경기도,안산시단원구,고잔동,고잔동제4투,2513,1641,797,640,162,24,3,1626,15,872
경기도,안산시단원구,고잔동,고잔동제5투,2669,1714,886,644,147,18,3,1698,16,955
경기도,안산시단원구,중앙동,관내사전투표,5857,5857,3786,1389,570,69,5,5819,38,0
경기도,안산시단원구,중앙동,중앙동제1투,1825,1237,494,589,127,15,2,1227,10,588
경기도,안산시단원구,중앙동,중앙동제2투,3960,2476,952,1141,339,26,2,2460,16,1484
경기도,안산시단원구,중앙동,중앙동제3투,3126,1977,784,964,202,15,0,1965,12,1149
경기도,안산시단원구,중앙동,중앙동제4투,2518,1680,669,826,144,20,2,1661,19,838
경기도,안산시단원구,중앙동,중앙동제5투,2503,1671,736,717,178,24,1,1656,15,832
경기도,안산시단원구,호수동,관내사전투표,6969,6969,4823,1458,567,60,12,6920,49,0
경기도,안산시단원구,호수동,호수동제1투,2154,1522,646,681,164,15,1,1507,15,632
경기도,안산시단원구,호수동,호수동제2투,3746,2949,1301,1357,246,28,3,2935,14,797
경기도,안산시단원구,호수동,호수동제3투,2462,1461,620,661,153,16,1,1451,10,1001
경기도,안산시단원구,호수동,호수동제4투,2585,1901,793,914,163,13,4,1887,14,684
경기도,안산시단원구,호수동,호수동제5투,2977,2411,1269,874,215,32,5,2395,16,566
경기도,안산시단원구,호수동,호수동제6투,2970,2375,1103,995,231,28,1,2358,17,595
경기도,안산시단원구,호수동,호수동제7투,2566,1885,871,789,186,20,5,1871,14,681
경기도,안산시단원구,호수동,호수동제8투,2761,2247,1028,953,209,39,3,2232,15,514
경기도,안산시단원구,호수동,호수동제9투,2825,2307,1075,955,230,23,2,2285,22,518
경기도,안산시단원구,원곡동,관내사전투표,1308,1308,955,268,65,10,0,1298,10,0
경기도,안산시단원구,원곡동,원곡동제1투,781,305,138,156,10,0,0,304,1,476
경기도,안산시단원구,원곡동,원곡동제2투,736,356,142,198,14,0,0,354,2,380
경기도,안산시단원구,원곡동,원곡동제3투,1847,976,493,397,67,7,1,965,11,871
경기도,안산시단원구,백운동,관내사전투표,5999,5999,3945,1491,476,48,6,5966,33,0
경기도,안산시단원구,백운동,백운동제1투,2122,1542,755,631,133,13,2,1534,8,580
경기도,안산시단원구,백운동,백운동제2투,2320,1726,803,766,136,9,2,1716,10,594
경기도,안산시단원구,백운동,백운동제3투,2107,1430,642,660,99,14,5,1420,10,677
경기도,안산시단원구,백운동,백운동제4투,1154,833,337,413,69,10,0,829,4,321
경기도,안산시단원구,백운동,백운동제5투,2380,1452,626,666,142,13,1,1448,4,928
경기도,안산시단원구,백운동,백운동제6투,3430,2266,968,1005,254,26,2,2255,11,1164
경기도,안산시단원구,신길동,관내사전투표,3828,3828,2740,815,229,26,3,3813,15,0
경기도,안산시단원구,신길동,신길동제1투,2180,1562,707,693,138,12,1,1551,11,618
경기도,안산시단원구,신길동,신길동제2투,2221,1700,820,744,109,19,0,1692,8,521
경기도,안산시단원구,신길동,신길동제3투,1746,924,435,416,57,8,2,918,6,822
경기도,안산시단원구,신길동,신길동제4투,1806,1166,554,524,78,6,3,1165,1,640
경기도,안산시단원구,신길동,신길동제5투,2412,1506,649,715,116,10,4,1494,12,906
경기도,안산시단원구,신길동,신길동제6투,2142,1565,796,622,118,17,3,1556,9,577
경기도,안산시단원구,초지동,관내사전투표,7639,7639,5293,1620,621,62,4,7600,39,0
경기도,안산시단원구,초지동,초지동제1투,2076,1665,817,665,149,16,4,1651,14,411
경기도,안산시단원구,초지동,초지동제2투,2002,1617,786,665,142,12,1,1606,11,385
경기도,안산시단원구,초지동,초지동제3투,2355,1856,819,827,187,15,1,1849,7,499
경기도,안산시단원구,초지동,초지동제4투,1814,1447,642,657,120,15,1,1435,12,367
경기도,안산시단원구,초지동,초지동제5투,2041,1460,731,549,152,17,1,1450,10,581
경기도,안산시단원구,초지동,초지동제6투,2013,1535,769,602,150,11,0,1532,3,478
경기도,안산시단원구,초지동,초지동제7투,3756,1909,857,793,235,11,0,1896,13,1847
경기도,안산시단원구,초지동,초지동제8투,2026,1376,654,586,108,18,0,1366,10,650
경기도,안산시단원구,초지동,초지동제9투,2333,1591,713,724,120,16,2,1575,16,742
경기도,안산시단원구,초지동,초지동제10투,2485,1718,823,692,170,17,0,1702,16,767
경기도,안산시단원구,초지동,초지동제11투,2265,1641,758,674,167,23,2,1624,17,624
경기도,안산시단원구,초지동,초지동제12투,1879,1086,432,495,139,16,2,1084,2,793
경기도,안산시단원구,선부1동,관내사전투표,3868,3868,2657,850,298,33,4,3842,26,0
경기도,안산시단원구,선부1동,선부1동제1투,970,583,269,249,52,6,0,576,7,387
경기도,안산시단원구,선부1동,선부1동제2투,1406,990,452,434,79,11,3,979,11,416
경기도,안산시단원구,선부1동,선부1동제3투,1681,1166,561,473,102,14,4,1154,12,515
경기도,안산시단원구,선부1동,선부1동제4투,1863,1192,559,518,88,10,0,1175,17,671
경기도,안산시단원구,선부1동,선부1동제5투,1471,1028,437,446,118,16,3,1020,8,443
경기도,안산시단원구,선부1동,선부1동제6투,3206,2488,1121,1108,224,24,1,2478,10,718
경기도,안산시단원구,선부2동,관내사전투표,3481,3481,2455,742,234,22,3,3456,25,0
경기도,안산시단원구,선부2동,선부2동제1투,2043,1206,588,496,103,10,1,1198,8,837
경기도,안산시단원구,선부2동,선부2동제2투,1720,1049,540,434,59,6,0,1039,10,671
경기도,안산시단원구,선부2동,선부2동제3투,2218,1304,639,553,89,10,7,1298,6,914
경기도,안산시단원구,선부2동,선부2동제4투,2412,1425,734,558,102,15,3,1412,13,987
경기도,안산시단원구,선부2동,선부2동제5투,2146,1399,699,520,142,24,2,1387,12,747
경기도,안산시단원구,선부3동,관내사전투표,4340,4340,3130,921,234,28,3,4316,24,0
경기도,안산시단원구,선부3동,선부3동제1투,2113,1164,606,420,104,17,2,1149,15,949
경기도,안산시단원구,선부3동,선부3동제2투,2228,1287,671,499,96,13,3,1282,5,941
경기도,안산시단원구,선부3동,선부3동제3투,2356,1269,644,503,99,14,3,1263,6,1087
경기도,안산시단원구,선부3동,선부3동제4투,3313,2563,1218,1079,222,23,4,2546,17,750
경기도,안산시단원구,선부3동,선부3동제5투,2569,1820,927,732,142,10,0,1811,9,749
경기도,안산시단원구,선부3동,선부3동제6투,3328,2527,1191,1102,177,27,4,2501,26,801
경기도,안산시단원구,선부3동,선부3동제7투,1699,1235,629,491,88,12,2,1222,13,464
경기도,안산시단원구,선부3동,선부3동제8투,2848,2148,1098,800,216,22,2,2138,10,700
경기도,안산시단원구,대부동,관내사전투표,2267,2267,1241,910,85,14,1,2251,16,0
경기도,안산시단원구,대부동,대부동제1투,1603,912,234,640,31,4,0,909,3,691
경기도,안산시단원구,대부동,대부동제2투,1839,1114,266,788,51,8,1,1114,0,725
경기도,안산시단원구,대부동,대부동제3투,1601,968,264,666,29,1,0,960,8,633
경기도,고양시덕양구,거소·선상투표,,542,520,225,184,93,2,1,505,15,22
경기도,고양시덕양구,관외사전투표,,46638,46633,29570,10470,5531,627,51,46249,384,5
경기도,고양시덕양구,재외투표,,3164,2606,1800,497,246,46,1,2590,16,558
경기도,고양시덕양구,주교동,관내사전투표,3050,3050,2095,697,200,27,4,3023,27,0
경기도,고양시덕양구,주교동,주교동제1투,1537,907,353,489,42,16,3,903,4,630
경기도,고양시덕양구,주교동,주교동제2투,1509,853,368,412,62,4,0,846,7,656
경기도,고양시덕양구,주교동,주교동제3투,2095,1259,498,644,97,12,0,1251,8,836
경기도,고양시덕양구,주교동,주교동제4투,1175,753,337,340,61,6,2,746,7,422
경기도,고양시덕양구,원신동,관내사전투표,2218,2218,1594,472,127,19,1,2213,5,0
경기도,고양시덕양구,원신동,원신동제1투,2794,2167,1125,831,177,28,0,2161,6,627
경기도,고양시덕양구,원신동,원신동제2투,729,418,119,263,34,1,0,417,1,311
경기도,고양시덕양구,원신동,원신동제3투,2982,2157,1053,981,91,21,2,2148,9,825
경기도,고양시덕양구,원신동,원신동제4투,3395,2467,1218,1010,198,27,2,2455,12,928
경기도,고양시덕양구,원신동,원신동제5투,2749,2005,973,852,147,26,0,1998,7,744
경기도,고양시덕양구,흥도동,관내사전투표,3034,3034,2177,676,142,23,1,3019,15,0
경기도,고양시덕양구,흥도동,흥도동제1투,895,489,144,309,22,6,0,481,8,406
경기도,고양시덕양구,흥도동,흥도동제2투,2882,1897,828,862,176,19,3,1888,9,985
경기도,고양시덕양구,흥도동,흥도동제3투,2410,1867,988,720,125,26,1,1860,7,543
경기도,고양시덕양구,흥도동,흥도동제4투,2948,2246,1186,816,181,48,4,2235,11,702
경기도,고양시덕양구,흥도동,흥도동제5투,2887,2050,1053,763,182,37,0,2035,15,837
경기도,고양시덕양구,흥도동,흥도동제6투,1795,1477,780,557,118,14,0,1469,8,318
경기도,고양시덕양구,흥도동,흥도동제7투,2905,2238,1141,906,140,29,3,2219,19,667
경기도,고양시덕양구,성사1동,관내사전투표,5170,5169,3500,1229,369,44,5,5147,22,1
경기도,고양시덕양구,성사1동,성사1동제1투,2502,1685,694,773,193,14,1,1675,10,817
경기도,고양시덕양구,성사1동,성사1동제2투,3137,1842,786,927,102,12,3,1830,12,1295
경기도,고양시덕양구,성사1동,성사1동제3투,2981,1672,735,785,119,17,0,1656,16,1309
경기도,고양시덕양구,성사1동,성사1동제4투,2873,2252,1003,1051,151,30,1,2236,16,621
경기도,고양시덕양구,성사1동,성사1동제5투,2544,1933,877,873,159,14,1,1924,9,611
경기도,고양시덕양구,성사2동,관내사전투표,2599,2599,1811,594,151,34,1,2591,8,0
경기도,고양시덕양구,성사2동,성사2동제1투,1844,1264,513,626,102,13,0,1254,10,580
경기도,고양시덕양구,성사2동,성사2동제2투,1953,1395,524,750,98,18,2,1392,3,558
경기도,고양시덕양구,성사2동,성사2동제3투,2098,1538,661,745,109,10,0,1525,13,560
경기도,고양시덕양구,효자동,관내사전투표,5318,5318,3807,897,504,81,1,5290,28,0
경기도,고양시덕양구,효자동,효자동제1투,914,629,173,411,39,3,0,626,3,285
경기도,고양시덕양구,효자동,효자동제2투,2837,1989,822,882,238,21,5,1968,21,848
경기도,고양시덕양구,효자동,효자동제3투,2215,1793,816,777,159,27,1,1780,13,422
경기도,고양시덕양구,효자동,효자동제4투,3058,2405,1215,849,280,44,1,2389,16,653
경기도,고양시덕양구,효자동,효자동제5투,1810,1309,508,681,94,14,2,1299,10,501
경기도,고양시덕양구,효자동,효자동제6투,1856,1463,748,503,180,18,0,1449,14,393
경기도,고양시덕양구,삼송1동,관내사전투표,6621,6621,4445,1438,601,90,4,6578,43,0
경기도,고양시덕양구,삼송1동,삼송1동제1투,2279,1432,467,831,109,13,1,1421,11,847
경기도,고양시덕양구,삼송1동,삼송1동제2투,3286,2438,1224,946,214,39,0,2423,15,848
경기도,고양시덕양구,삼송1동,삼송1동제3투,1781,1346,530,667,113,21,1,1332,14,435
경기도,고양시덕양구,삼송1동,삼송1동제4투,1716,1451,682,626,125,12,0,1445,6,265
경기도,고양시덕양구,삼송1동,삼송1동제5투,3109,2118,791,970,283,42,5,2091,27,991
경기도,고양시덕양구,삼송2동,관내사전투표,5823,5823,4035,1184,491,71,4,5785,38,0
경기도,고양시덕양구,삼송2동,삼송2동제1투,2472,1768,753,863,116,20,2,1754,14,704
경기도,고양시덕양구,삼송2동,삼송2동제2투,3335,2242,987,1060,157,24,1,2229,13,1093
경기도,고양시덕양구,삼송2동,삼송2동제3투,1969,1369,559,660,128,13,0,1360,9,600
경기도,고양시덕양구,삼송2동,삼송2동제4투,3406,2489,1041,1225,182,25,2,2475,14,917
경기도,고양시덕양구,삼송2동,삼송2동제5투,2231,1637,688,738,180,14,4,1624,13,594
경기도,고양시덕양구,삼송2동,삼송2동제6투,2373,1729,738,698,240,31,1,1708,21,644
경기도,고양시덕양구,창릉동,관내사전투표,4127,4127,2869,858,327,40,3,4097,30,0
경기도,고양시덕양구,창릉동,창릉동제1투,1572,884,338,481,54,5,0,878,6,688
경기도,고양시덕양구,창릉동,창릉동제2투,1275,852,265,507,63,10,1,846,6,423
경기도,고양시덕양구,창릉동,창릉동제3투,1725,1150,503,506,116,13,2,1140,10,575
경기도,고양시덕양구,창릉동,창릉동제4투,2258,1855,843,833,148,21,1,1846,9,403
경기도,고양시덕양구,창릉동,창릉동제5투,2194,1611,672,712,192,24,0,1600,11,583
경기도,고양시덕양구,창릉동,창릉동제6투,3192,2417,1083,968,310,36,1,2398,19,775
경기도,고양시덕양구,고양동,관내사전투표,6259,6259,4219,1594,341,50,8,6212,47,0
경기도,고양시덕양구,고양동,고양동제1투,1844,1112,449,590,61,9,1,1110,2,732
경기도,고양시덕양구,고양동,고양동제2투,2081,1165,474,591,79,13,3,1160,5,916
경기도,고양시덕양구,고양동,고양동제3투,2267,1414,567,730,90,14,2,1403,11,853
경기도,고양시덕양구,고양동,고양동제4투,3022,1737,696,915,95,16,4,1726,11,1285
경기도,고양시덕양구,고양동,고양동제5투,1268,799,288,466,36,4,2,796,3,469
경기도,고양시덕양구,고양동,고양동제6투,2663,1765,818,811,111,15,1,1756,9,898
경기도,고양시덕양구,고양동,고양동제7투,2300,1589,744,718,102,13,3,1580,9,711
경기도,고양시덕양구,관산동,관내사전투표,5098,5098,3556,1234,235,43,6,5074,24,0
경기도,고양시덕양구,관산동,관산동제1투,2071,1289,546,662,58,10,2,1278,11,782
경기도,고양시덕양구,관산동,관산동제2투,1377,815,298,459,43,9,0,809,6,562
경기도,고양시덕양구,관산동,관산동제3투,3211,2141,936,1037,136,14,4,2127,14,1070
경기도,고양시덕양구,관산동,관산동제4투,2291,1465,627,753,76,5,0,1461,4,826
경기도,고양시덕양구,관산동,관산동제5투,3698,2254,1071,1013,133,21,3,2241,13,1444
경기도,고양시덕양구,관산동,관산동제6투,4054,2332,1156,1020,122,17,2,2317,15,1722
경기도,고양시덕양구,관산동,관산동제7투,2591,1673,796,758,91,15,1,1661,12,918
경기도,고양시덕양구,관산동,관산동제8투,2435,1532,701,718,89,9,2,1519,13,903
경기도,고양시덕양구,능곡동,관내사전투표,4070,4070,2701,1025,274,38,3,4041,29,0
경기도,고양시덕양구,능곡동,능곡동제1투,2289,1557,608,828,103,7,2,1548,9,732
경기도,고양시덕양구,능곡동,능곡동제2투,1562,1028,344,575,93,9,0,1021,7,534
경기도,고양시덕양구,능곡동,능곡동제3투,1620,1118,393,609,98,6,1,1107,11,502
경기도,고양시덕양구,능곡동,능곡동제4투,1539,1048,341,598,83,20,1,1043,5,491
경기도,고양시덕양구,능곡동,능곡동제5투,2510,1749,695,852,164,20,0,1731,18,761
경기도,고양시덕양구,화정1동,관내사전투표,9629,9629,6441,2261,752,95,3,9552,77,0
경기도,고양시덕양구,화정1동,화정1동제1투,2337,1808,822,811,151,15,2,1801,7,529
경기도,고양시덕양구,화정1동,화정1동제2투,2324,1701,707,829,141,9,0,1686,15,623
경기도,고양시덕양구,화정1동,화정1동제3투,2405,1691,741,787,128,21,0,1677,14,714
경기도,고양시덕양구,화정1동,화정1동제4투,2039,1480,593,742,124,12,0,1471,9,559
경기도,고양시덕양구,화정1동,화정1동제5투,2725,2001,657,1149,159,24,2,1991,10,724
경기도,고양시덕양구,화정1동,화정1동제6투,2329,1391,499,719,146,16,1,1381,10,938
경기도,고양시덕양구,화정1동,화정1동제7투,1931,999,349,533,98,9,1,990,9,932
경기도,고양시덕양구,화정1동,화정1동제8투,2326,1741,592,992,133,15,0,1732,9,585
경기도,고양시덕양구,화정1동,화정1동제9투,2135,1328,516,649,132,17,2,1316,12,807
경기도,고양시덕양구,화정2동,관내사전투표,6289,6289,4373,1362,458,62,3,6258,31,0
경기도,고양시덕양구,화정2동,화정2동제1투,2541,1612,652,782,145,19,1,1599,13,929
경기도,고양시덕양구,화정2동,화정2동제2투,2401,1694,733,789,135,29,1,1687,7,707
경기도,고양시덕양구,화정2동,화정2동제3투,2589,1988,910,855,196,18,2,1981,7,601
경기도,고양시덕양구,화정2동,화정2동제4투,3039,2227,959,1018,201,32,0,2210,17,812
경기도,고양시덕양구,화정2동,화정2동제5투,2408,1848,899,778,146,18,1,1842,6,560
경기도,고양시덕양구,화정2동,화정2동제6투,1910,1521,652,718,122,21,1,1514,7,389
경기도,고양시덕양구,화정2동,화정2동제7투,2340,1730,780,750,163,27,2,1722,8,610
경기도,고양시덕양구,행주동,관내사전투표,2300,2300,1516,623,130,15,2,2286,14,0
경기도,고양시덕양구,행주동,행주동제1투,662,311,127,162,22,0,0,311,0,351
경기도,고양시덕양구,행주동,행주동제2투,879,473,197,229,31,6,2,465,8,406
경기도,고양시덕양구,행주동,행주동제3투,2232,1313,557,627,95,18,3,1300,13,919
경기도,고양시덕양구,행주동,행주동제4투,1008,633,250,325,50,4,1,630,3,375
경기도,고양시덕양구,행주동,행주동제5투,812,544,149,361,27,5,0,542,2,268
경기도,고양시덕양구,행주동,행주동제6투,2127,1393,509,756,107,12,1,1385,8,734
경기도,고양시덕양구,행신1동,관내사전투표,4448,4448,3107,933,337,40,1,4418,30,0
경기도,고양시덕양구,행신1동,행신1동제1투,2104,1368,552,670,107,26,2,1357,11,736
경기도,고양시덕양구,행신1동,행신1동제2투,2287,1762,778,818,132,25,0,1753,9,525
경기도,고양시덕양구,행신1동,행신1동제3투,2023,1447,627,685,108,13,0,1433,14,576
경기도,고양시덕양구,행신1동,행신1동제4투,2518,1886,826,853,167,27,2,1875,11,632
경기도,고양시덕양구,행신1동,행신1동제5투,2365,1802,713,892,157,28,2,1792,10,563
경기도,고양시덕양구,행신2동,관내사전투표,7115,7115,4834,1560,604,69,6,7073,42,0
경기도,고양시덕양구,행신2동,행신2동제1투,2626,1771,687,882,163,24,1,1757,14,855
경기도,고양시덕양구,행신2동,행신2동제2투,1855,1376,533,705,109,20,1,1368,8,479
경기도,고양시덕양구,행신2동,행신2동제3투,2794,2086,817,1026,190,28,5,2066,20,708
경기도,고양시덕양구,행신2동,행신2동제4투,2450,1858,860,759,193,30,1,1843,15,592
경기도,고양시덕양구,행신2동,행신2동제5투,2311,1695,744,756,157,26,0,1683,12,616
경기도,고양시덕양구,행신2동,행신2동제6투,2090,1572,733,647,151,25,1,1557,15,518
경기도,고양시덕양구,행신2동,행신2동제7투,2096,1543,667,709,129,22,4,1531,12,553
경기도,고양시덕양구,행신2동,행신2동제8투,323,230,73,139,11,6,0,229,1,93
경기도,고양시덕양구,행신3동,관내사전투표,5252,5251,3641,1163,365,49,2,5220,31,1
경기도,고양시덕양구,행신3동,행신3동제1투,2656,1758,762,817,128,27,2,1736,22,898
경기도,고양시덕양구,행신3동,행신3동제2투,2613,1948,855,859,192,25,0,1931,17,665
경기도,고양시덕양구,행신3동,행신3동제3투,2699,2063,836,1006,183,23,1,2049,14,636
경기도,고양시덕양구,행신3동,행신3동제4투,2484,1913,863,854,167,15,1,1900,13,571
경기도,고양시덕양구,행신3동,행신3동제5투,1758,1408,550,733,104,12,2,1401,7,350
경기도,고양시덕양구,행신4동,관내사전투표,5158,5158,3510,1232,336,46,4,5128,30,0
경기도,고양시덕양구,행신4동,행신4동제1투,2413,1355,556,669,103,10,3,1341,14,1058
경기도,고양시덕양구,행신4동,행신4동제2투,1701,920,394,436,73,7,0,910,10,781
경기도,고양시덕양구,행신4동,행신4동제3투,1997,1271,535,609,97,21,1,1263,8,726
경기도,고양시덕양구,행신4동,행신4동제4투,1804,1403,659,600,121,15,0,1395,8,401
경기도,고양시덕양구,행신4동,행신4동제5투,2586,1947,911,840,160,25,1,1937,10,639
경기도,고양시덕양구,화전동,관내사전투표,3100,3100,2112,646,294,25,2,3079,21,0
경기도,고양시덕양구,화전동,화전동제1투,1947,1117,411,571,115,9,2,1108,9,830
경기도,고양시덕양구,화전동,화전동제2투,703,484,217,232,23,4,0,476,8,219
경기도,고양시덕양구,화전동,화전동제3투,2991,2298,1064,958,237,26,0,2285,13,693
경기도,고양시덕양구,화전동,화전동제4투,2709,2224,1137,842,204,32,0,2215,9,485
경기도,고양시덕양구,화전동,화전동제5투,2008,1647,951,526,144,22,1,1644,3,361
경기도,고양시덕양구,화전동,화전동제6투,2769,2057,1139,722,148,34,3,2046,11,712
경기도,고양시덕양구,화전동,화전동제7투,2450,1895,1019,705,132,25,3,1884,11,555
경기도,고양시덕양구,대덕동,관내사전투표,2483,2482,1722,517,205,19,3,2466,16,1
경기도,고양시덕양구,대덕동,대덕동제1투,1184,729,204,465,55,2,0,726,3,455
경기도,고양시덕양구,대덕동,대덕동제2투,3438,2643,1211,1104,268,37,1,2621,22,795
경기도,고양시덕양구,대덕동,대덕동제3투,3752,2888,1312,1216,300,41,4,2873,15,864
경기도,고양시일산동구,거소·선상투표,,435,414,176,131,85,4,3,399,15,21
경기도,고양시일산동구,관외사전투표,,28814,28809,17818,6918,3463,338,25,28562,247,5
경기도,고양시일산동구,재외투표,,2357,1926,1311,379,189,34,1,1914,12,431
경기도,고양시일산동구,식사동,관내사전투표,6599,6599,4501,1478,539,43,5,6566,33,0
경기도,고양시일산동구,식사동,식사동제1투,2209,1515,566,724,197,11,2,1500,15,694
경기도,고양시일산동구,식사동,식사동제2투,2568,1919,771,981,133,19,1,1905,14,649
경기도,고양시일산동구,식사동,식사동제3투,2166,1528,570,828,106,14,1,1519,9,638
경기도,고양시일산동구,식사동,식사동제4투,2678,2064,923,944,158,22,2,2049,15,614
경기도,고양시일산동구,식사동,식사동제5투,2660,1798,559,1074,141,17,0,1791,7,862
경기도,고양시일산동구,식사동,식사동제6투,3545,2655,1014,1408,202,18,4,2646,9,890
경기도,고양시일산동구,식사동,식사동제7투,3334,1961,814,929,196,12,1,1952,9,1373
경기도,고양시일산동구,식사동,식사동제8투,3260,2365,1035,1067,222,22,1,2347,18,895
경기도,고양시일산동구,중산1동,관내사전투표,4729,4729,3078,1303,284,27,3,4695,34,0
경기도,고양시일산동구,중산1동,중산1동제1투,2087,1187,459,609,94,13,0,1175,12,900
경기도,고양시일산동구,중산1동,중산1동제2투,2232,1323,541,666,99,9,1,1316,7,909
경기도,고양시일산동구,중산1동,중산1동제3투,2621,1933,712,1043,150,16,1,1922,11,688
경기도,고양시일산동구,중산1동,중산1동제4투,2256,1448,528,773,116,17,0,1434,14,808
경기도,고양시일산동구,중산1동,중산1동제5투,2343,1534,543,854,109,16,2,1524,10,809
경기도,고양시일산동구,중산2동,관내사전투표,4556,4556,3195,1009,294,36,0,4534,22,0
경기도,고양시일산동구,중산2동,중산2동제1투,3177,2182,880,1091,176,16,2,2165,17,995
경기도,고양시일산동구,중산2동,중산2동제2투,3092,2295,1011,1065,177,24,3,2280,15,797
경기도,고양시일산동구,중산2동,중산2동제3투,3543,2508,1161,1128,178,23,0,2490,18,1035
경기도,고양시일산동구,중산2동,중산2동제4투,3109,2109,954,956,154,22,3,2089,20,1000
경기도,고양시일산동구,정발산동,관내사전투표,4325,4325,3026,947,279,54,1,4307,18,0
경기도,고양시일산동구,정발산동,정발산동제1투,2305,1488,585,771,108,15,1,1480,8,817
경기도,고양시일산동구,정발산동,정발산동제2투,2023,1362,486,726,114,20,1,1347,15,661
경기도,고양시일산동구,정발산동,정발산동제3투,2360,1588,613,815,121,18,1,1568,20,772
경기도,고양시일산동구,정발산동,정발산동제4투,1396,1027,400,533,75,14,0,1022,5,369
경기도,고양시일산동구,정발산동,정발산동제5투,2147,1442,519,765,122,18,3,1427,15,705
경기도,고양시일산동구,정발산동,정발산동제6투,2403,1692,577,950,128,28,2,1685,7,711
경기도,고양시일산동구,풍산동,관내사전투표,6573,6573,4626,1433,423,50,5,6537,36,0
경기도,고양시일산동구,풍산동,풍산동제1투,2479,1717,777,757,147,21,2,1704,13,762
경기도,고양시일산동구,풍산동,풍산동제2투,3036,1840,836,831,148,16,0,1831,9,1196
경기도,고양시일산동구,풍산동,풍산동제3투,2399,1782,787,840,127,18,1,1773,9,617
경기도,고양시일산동구,풍산동,풍산동제4투,2183,1536,664,747,94,12,4,1521,15,647
경기도,고양시일산동구,풍산동,풍산동제5투,2760,1836,797,883,116,24,1,1821,15,924
경기도,고양시일산동구,풍산동,풍산동제6투,2313,1783,826,790,136,21,0,1773,10,530
경기도,고양시일산동구,풍산동,풍산동제7투,2175,1529,662,717,124,17,2,1522,7,646
경기도,고양시일산동구,풍산동,풍산동제8투,2777,1948,828,967,119,25,3,1942,6,829
경기도,고양시일산동구,백석1동,관내사전투표,4579,4579,3084,998,433,34,4,4553,26,0
경기도,고양시일산동구,백석1동,백석1동제1투,1657,1079,424,550,85,13,1,1073,6,578
경기도,고양시일산동구,백석1동,백석1동제2투,2289,1702,754,772,146,13,2,1687,15,587
경기도,고양시일산동구,백석1동,백석1동제3투,2437,1891,890,824,147,17,2,1880,11,546
경기도,고양시일산동구,백석1동,백석1동제4투,2722,2148,941,999,164,29,1,2134,14,574
경기도,고양시일산동구,백석1동,백석1동제5투,2490,1601,624,785,157,16,0,1582,19,889
경기도,고양시일산동구,백석1동,백석1동제6투,1837,1313,535,631,108,21,2,1297,16,524
경기도,고양시일산동구,백석1동,백석1동제7투,3628,2717,921,1523,234,26,1,2705,12,911
경기도,고양시일산동구,백석2동,관내사전투표,4643,4643,3267,974,327,37,5,4610,33,0
경기도,고양시일산동구,백석2동,백석2동제1투,2259,1479,565,768,124,13,0,1470,9,780
경기도,고양시일산동구,백석2동,백석2동제2투,2359,1557,660,763,104,13,0,1540,17,802
경기도,고양시일산동구,백석2동,백석2동제3투,3404,2010,727,1076,170,22,2,1997,13,1394
경기도,고양시일산동구,백석2동,백석2동제4투,3963,2494,1108,1096,243,28,1,2476,18,1469
경기도,고양시일산동구,마두1동,관내사전투표,5143,5143,3530,1031,474,54,2,5091,52,0
경기도,고양시일산동구,마두1동,마두1동제1투,3023,2273,1045,1027,161,25,1,2259,14,750
경기도,고양시일산동구,마두1동,마두1동제2투,2807,2261,850,1155,224,21,0,2250,11,546
경기도,고양시일산동구,마두1동,마두1동제3투,2619,1790,756,875,124,22,0,1777,13,829
경기도,고양시일산동구,마두1동,마두1동제4투,2589,2039,860,964,191,15,1,2031,8,550
경기도,고양시일산동구,마두1동,마두1동제5투,2161,1500,529,832,108,24,1,1494,6,661
경기도,고양시일산동구,마두2동,관내사전투표,5046,5046,3539,1035,388,56,2,5020,26,0
경기도,고양시일산동구,마두2동,마두2동제1투,2178,1657,512,932,164,30,1,1639,18,521
경기도,고양시일산동구,마두2동,마두2동제2투,2239,1680,631,882,130,22,1,1666,14,559
경기도,고양시일산동구,마두2동,마두2동제3투,1278,806,298,420,76,8,0,802,4,472
경기도,고양시일산동구,마두2동,마두2동제4투,2519,2030,731,1098,171,18,1,2019,11,489
경기도,고양시일산동구,장항1동,관내사전투표,1502,1502,1040,341,106,8,0,1495,7,0
경기도,고양시일산동구,장항1동,장항1동제1투,943,603,153,416,27,4,0,600,3,340
경기도,고양시일산동구,장항1동,장항1동제2투,3934,3191,1207,1645,287,32,3,3174,17,743
경기도,고양시일산동구,장항1동,장항1동제3투,1621,1165,468,552,122,12,0,1154,11,456
경기도,고양시일산동구,장항1동,장항1동제4투,3018,2413,1197,821,339,26,2,2385,28,605
경기도,고양시일산동구,장항2동,관내사전투표,4543,4543,3001,1129,337,41,6,4514,29,0
경기도,고양시일산동구,장항2동,장항2동제1투,2853,1889,622,1053,175,25,2,1877,12,964
경기도,고양시일산동구,장항2동,장항2동제2투,2405,1877,603,1106,137,22,0,1868,9,528
경기도,고양시일산동구,장항2동,장항2동제3투,3378,1731,581,970,154,14,0,1719,12,1647
경기도,고양시일산동구,장항2동,장항2동제4투,3798,2063,877,949,196,22,1,2045,18,1735
경기도,고양시일산동구,장항2동,장항2동제5투,3959,1919,795,892,188,21,6,1902,17,2040
경기도,고양시일산동구,고봉동,관내사전투표,2615,2615,1738,731,110,18,6,2603,12,0
경기도,고양시일산동구,고봉동,고봉동제1투,2849,1706,752,846,86,15,0,1699,7,1143
경기도,고양시일산동구,고봉동,고봉동제2투,3591,1921,761,1011,125,12,1,1910,11,1670
경기도,고양시일산동구,고봉동,고봉동제3투,2671,1321,430,812,65,7,1,1315,6,1350
경기도,고양시일산동구,고봉동,고봉동제4투,1923,1159,507,556,71,11,2,1147,12,764
경기도,고양시일산동구,고봉동,고봉동제5투,1952,1460,663,698,76,9,1,1447,13,492
경기도,고양시일산서구,거소·선상투표,,334,320,138,105,67,0,0,310,10,14
경기도,고양시일산서구,관외사전투표,,26666,26661,16396,6324,3384,298,26,26428,233,5
경기도,고양시일산서구,재외투표,,2219,1804,1212,364,185,29,1,1791,13,415
경기도,고양시일산서구,일산1동,관내사전투표,5526,5526,3734,1383,346,38,7,5508,18,0
경기도,고양시일산서구,일산1동,일산1동제1투,2247,1429,609,683,110,12,1,1415,14,818
경기도,고양시일산서구,일산1동,일산1동제2투,2592,1742,789,809,116,14,1,1729,13,850
경기도,고양시일산서구,일산1동,일산1동제3투,1914,1254,475,668,85,20,0,1248,6,660
경기도,고양시일산서구,일산1동,일산1동제4투,2577,1728,773,790,140,13,1,1717,11,849
경기도,고양시일산서구,일산1동,일산1동제5투,2458,1761,670,924,122,24,1,1741,20,697
경기도,고양시일산서구,일산1동,일산1동제6투,2194,1561,626,761,143,17,1,1548,13,633
경기도,고양시일산서구,일산2동,관내사전투표,3628,3628,2454,887,237,34,2,3614,14,0
경기도,고양시일산서구,일산2동,일산2동제1투,1773,1157,486,563,86,9,1,1145,12,616
경기도,고양시일산서구,일산2동,일산2동제2투,2956,2338,980,1150,173,27,1,2331,7,618
경기도,고양시일산서구,일산2동,일산2동제3투,2354,1740,641,936,135,15,1,1728,12,614
경기도,고양시일산서구,일산2동,일산2동제4투,1854,1146,415,641,61,12,6,1135,11,708
경기도,고양시일산서구,일산2동,일산2동제5투,2236,1284,482,697,81,14,3,1277,7,952
경기도,고양시일산서구,일산3동,관내사전투표,6040,6039,4316,1178,441,60,6,6001,38,1
경기도,고양시일산서구,일산3동,일산3동제1투,1959,1381,576,652,132,12,4,1376,5,578
경기도,고양시일산서구,일산3동,일산3동제2투,2770,2134,842,1047,201,32,1,2123,11,636
경기도,고양시일산서구,일산3동,일산3동제3투,2616,1986,897,897,155,26,0,1975,11,630
경기도,고양시일산서구,일산3동,일산3동제4투,1978,1502,713,674,96,12,0,1495,7,476
경기도,고양시일산서구,일산3동,일산3동제5투,2536,1902,889,811,164,21,1,1886,16,634
경기도,고양시일산서구,일산3동,일산3동제6투,2022,1580,633,770,153,18,0,1574,6,442
경기도,고양시일산서구,일산3동,일산3동제7투,1663,1231,570,534,102,11,3,1220,11,432
경기도,고양시일산서구,일산3동,일산3동제8투,2168,1641,660,807,149,16,2,1634,7,527
경기도,고양시일산서구,탄현1동,관내사전투표,6036,6036,4187,1329,409,59,6,5990,46,0
경기도,고양시일산서구,탄현1동,탄현1동제1투,2119,1256,509,623,96,16,0,1244,12,863
경기도,고양시일산서구,탄현1동,탄현1동제2투,1856,1277,529,616,111,9,0,1265,12,579
경기도,고양시일산서구,탄현1동,탄현1동제3투,2260,1603,713,737,129,10,2,1591,12,657
경기도,고양시일산서구,탄현1동,탄현1동제4투,2453,1540,691,694,128,21,1,1535,5,913
경기도,고양시일산서구,탄현1동,탄현1동제5투,2614,1750,810,781,124,22,2,1739,11,864
경기도,고양시일산서구,탄현1동,탄현1동제6투,2273,1762,784,783,169,15,2,1753,9,511
경기도,고양시일산서구,탄현1동,탄현1동제7투,2092,1604,716,751,118,10,0,1595,9,488
경기도,고양시일산서구,탄현1동,탄현1동제8투,1174,865,352,434,72,3,0,861,4,309
경기도,고양시일산서구,탄현2동,관내사전투표,3954,3954,2852,812,234,35,2,3935,19,0
경기도,고양시일산서구,탄현2동,탄현2동제1투,1593,985,404,490,65,15,2,976,9,608
경기도,고양시일산서구,탄현2동,탄현2동제2투,3206,2174,942,998,190,24,1,2155,19,1032
경기도,고양시일산서구,탄현2동,탄현2동제3투,2585,1810,735,923,122,24,0,1804,6,775
경기도,고양시일산서구,탄현2동,탄현2동제4투,2448,1847,912,736,160,30,1,1839,8,601
경기도,고양시일산서구,주엽1동,관내사전투표,5770,5770,3969,1291,422,53,1,5736,34,0
경기도,고양시일산서구,주엽1동,주엽1동제1투,2264,1550,582,837,114,11,0,1544,6,714
경기도,고양시일산서구,주엽1동,주엽1동제2투,1896,1431,582,708,116,11,1,1418,13,465
경기도,고양시일산서구,주엽1동,주엽1동제3투,1894,1469,585,759,101,13,2,1460,9,425
경기도,고양시일산서구,주엽1동,주엽1동제4투,2230,1643,699,765,142,24,2,1632,11,587
경기도,고양시일산서구,주엽1동,주엽1동제5투,1190,804,352,388,55,8,0,803,1,386
경기도,고양시일산서구,주엽1동,주엽1동제6투,1968,1514,564,799,121,21,1,1506,8,454
경기도,고양시일산서구,주엽1동,주엽1동제7투,2285,1663,587,917,123,20,0,1647,16,622
경기도,고양시일산서구,주엽1동,주엽1동제8투,1608,1206,521,582,79,15,1,1198,8,402
경기도,고양시일산서구,주엽2동,관내사전투표,4920,4920,3398,1101,346,45,1,4891,29,0
경기도,고양시일산서구,주엽2동,주엽2동제1투,1901,1347,453,748,126,11,1,1339,8,554
경기도,고양시일산서구,주엽2동,주엽2동제2투,1897,1423,584,686,115,25,0,1410,13,474
경기도,고양시일산서구,주엽2동,주엽2동제3투,1550,1130,464,555,91,14,0,1124,6,420
경기도,고양시일산서구,주엽2동,주엽2동제4투,2067,1438,572,742,103,11,1,1429,9,629
경기도,고양시일산서구,주엽2동,주엽2동제5투,1635,1215,445,662,79,12,1,1199,16,420
경기도,고양시일산서구,주엽2동,주엽2동제6투,1507,1018,402,517,75,17,0,1011,7,489
경기도,고양시일산서구,주엽2동,주엽2동제7투,2477,1879,750,948,147,23,2,1870,9,598
경기도,고양시일산서구,주엽2동,주엽2동제8투,2297,1682,653,872,121,20,3,1669,13,615
경기도,고양시일산서구,대화동,관내사전투표,5628,5628,3903,1187,429,83,2,5604,24,0
경기도,고양시일산서구,대화동,대화동제1투,2606,1665,689,813,127,23,2,1654,11,941
경기도,고양시일산서구,대화동,대화동제2투,2421,1805,905,733,127,23,2,1790,15,616
경기도,고양시일산서구,대화동,대화동제3투,2881,2146,915,1023,163,25,1,2127,19,735
경기도,고양시일산서구,대화동,대화동제4투,1594,1052,384,555,89,16,0,1044,8,542
경기도,고양시일산서구,대화동,대화동제5투,2222,1449,561,740,115,16,4,1436,13,773
경기도,고양시일산서구,대화동,대화동제6투,3113,2148,793,1108,202,33,2,2138,10,965
경기도,고양시일산서구,대화동,대화동제7투,2285,1351,518,669,131,17,2,1337,14,934
경기도,고양시일산서구,대화동,대화동제8투,4148,3177,1261,1587,283,32,2,3165,12,971
경기도,고양시일산서구,송포동,관내사전투표,3720,3720,2598,832,247,26,2,3705,15,0
경기도,고양시일산서구,송포동,송포동제1투,3005,2089,644,1296,116,20,4,2080,9,916
경기도,고양시일산서구,송포동,송포동제2투,2889,2124,784,1139,168,22,0,2113,11,765
경기도,고양시일산서구,송포동,송포동제3투,2609,1855,720,962,150,15,0,1847,8,754
경기도,고양시일산서구,송포동,송포동제4투,2838,2206,903,1021,239,25,1,2189,17,632
경기도,고양시일산서구,덕이동,관내사전투표,4724,4724,3435,999,242,22,1,4699,25,0
경기도,고양시일산서구,덕이동,덕이동제1투,2547,1659,674,840,125,12,1,1652,7,888
경기도,고양시일산서구,덕이동,덕이동제2투,3355,2053,844,1043,137,13,5,2042,11,1302
경기도,고양시일산서구,덕이동,덕이동제3투,2046,1435,675,633,101,19,3,1431,4,611
경기도,고양시일산서구,덕이동,덕이동제4투,2330,1758,812,801,122,12,3,1750,8,572
경기도,고양시일산서구,덕이동,덕이동제5투,4305,3131,1285,1602,201,32,2,3122,9,1174
경기도,고양시일산서구,덕이동,덕이동제6투,2760,1659,728,792,115,15,2,1652,7,1101
경기도,고양시일산서구,가좌동,관내사전투표,4129,4129,2811,1005,248,39,6,4109,20,0
경기도,고양시일산서구,가좌동,가좌동제1투,2097,1537,578,826,107,17,2,1530,7,560
경기도,고양시일산서구,가좌동,가좌동제2투,2381,1468,394,979,78,6,0,1457,11,913
경기도,고양시일산서구,가좌동,가좌동제3투,2594,1903,845,907,127,17,0,1896,7,691
경기도,고양시일산서구,가좌동,가좌동제4투,3015,2196,977,1014,174,19,1,2185,11,819
경기도,과천시,거소·선상투표,,92,90,28,35,21,2,1,87,3,2
경기도,과천시,관외사전투표,,7729,7729,4200,2273,1074,103,11,7661,68,0
경기도,과천시,재외투표,,867,708,432,181,70,20,0,703,5,159
경기도,과천시,중앙동,관내사전투표,2732,2732,1508,947,224,34,1,2714,18,0
경기도,과천시,중앙동,중앙동제1투,1935,1393,348,882,126,21,2,1379,14,542
경기도,과천시,중앙동,중앙동제2투,2150,1743,430,1103,183,23,0,1739,4,407
경기도,과천시,중앙동,중앙동제3투,2196,1703,410,1100,155,22,1,1688,15,493
경기도,과천시,원문동,관내사전투표,2806,2806,1756,762,234,40,3,2795,11,0
경기도,과천시,원문동,원문동제1투,1635,1232,333,756,116,18,1,1224,8,403
경기도,과천시,원문동,원문동제2투,2017,1692,456,1012,198,15,1,1682,10,325
경기도,과천시,원문동,원문동제3투,2166,1762,511,1037,175,29,0,1752,10,404
경기도,과천시,원문동,원문동제4투,2393,1937,624,1108,165,21,0,1918,19,456
경기도,과천시,갈현동,관내사전투표,1946,1946,1326,374,217,24,0,1941,5,0
경기도,과천시,갈현동,갈현동제1투,1307,1004,397,467,120,13,1,998,6,303
경기도,과천시,갈현동,갈현동제2투,3979,3252,1500,1350,340,40,3,3233,19,727
경기도,과천시,갈현동,갈현동제3투,2687,2241,921,1058,220,27,3,2229,12,446
경기도,과천시,별양동,관내사전투표,2964,2964,1747,868,286,46,1,2948,16,0
경기도,과천시,별양동,별양동제1투,2948,2154,543,1351,222,28,2,2146,8,794
경기도,과천시,별양동,별양동제2투,1419,1101,275,718,84,15,2,1094,7,318
경기도,과천시,별양동,별양동제3투,3642,3028,856,1807,307,40,2,3012,16,614
경기도,과천시,부림동,관내사전투표,2929,2929,1722,859,276,40,4,2901,28,0
경기도,과천시,부림동,부림동제1투,1157,806,189,527,76,9,0,801,5,351
경기도,과천시,부림동,부림동제2투,1602,1170,301,759,90,7,1,1158,12,432
경기도,과천시,부림동,부림동제3투,2025,1666,442,1018,163,33,1,1657,9,359
경기도,과천시,부림동,부림동제4투,1182,870,193,573,84,11,1,862,8,312
경기도,과천시,과천동,관내사전투표,1153,1153,699,351,82,13,2,1147,6,0
경기도,과천시,과천동,과천동제1투,1300,921,265,552,79,21,0,917,4,379
경기도,과천시,과천동,과천동제2투,1561,1082,282,712,65,12,0,1071,11,479
경기도,과천시,과천동,과천동제3투,690,459,131,293,26,1,0,451,8,231
경기도,과천시,문원동,관내사전투표,2048,2047,1290,572,158,18,0,2038,9,1
경기도,과천시,문원동,문원동제1투,1755,1289,352,806,107,15,1,1281,8,466
경기도,과천시,문원동,문원동제2투,1778,1319,404,782,100,18,1,1305,14,459
경기도,안성시,거소·선상투표,,241,229,104,73,42,1,0,220,9,12
경기도,안성시,관외사전투표,,13470,13469,7544,3886,1757,128,15,13330,139,1
경기도,안성시,재외투표,,752,632,433,133,56,7,0,629,3,120
경기도,안성시,공도읍,관내사전투표,9361,9361,6588,1987,637,81,9,9302,59,0
경기도,안성시,공도읍,공도읍제1투,3810,2484,1228,1044,170,20,4,2466,18,1326
경기도,안성시,공도읍,공도읍제2투,2532,1563,755,664,120,15,1,1555,8,969
경기도,안성시,공도읍,공도읍제3투,3626,2144,1063,936,111,19,4,2133,11,1482
경기도,안성시,공도읍,공도읍제4투,4020,2091,924,1005,130,18,3,2080,11,1929
경기도,안성시,공도읍,공도읍제5투,3397,2291,1114,976,161,21,5,2277,14,1106
경기도,안성시,공도읍,공도읍제6투,2450,1580,787,649,112,19,2,1569,11,870
경기도,안성시,공도읍,공도읍제7투,4201,2432,1046,1208,136,21,2,2413,19,1769
경기도,안성시,공도읍,공도읍제8투,2790,1729,884,675,144,11,2,1716,13,1061
경기도,안성시,공도읍,공도읍제9투,1617,1078,559,437,63,11,1,1071,7,539
경기도,안성시,공도읍,공도읍제10투,2772,1746,903,695,121,13,4,1736,10,1026
경기도,안성시,공도읍,공도읍제11투,3700,2638,1403,981,202,31,4,2621,17,1062
경기도,안성시,공도읍,공도읍제12투,3879,2421,1116,984,279,21,3,2403,18,1458
경기도,안성시,보개면,관내사전투표,2253,2253,1379,691,158,14,4,2246,7,0
경기도,안성시,보개면,보개면제1투,854,520,152,334,25,5,0,516,4,334
경기도,안성시,보개면,보개면제2투,496,338,81,238,15,1,1,336,2,158
경기도,안성시,보개면,보개면제3투,992,660,208,417,27,2,1,655,5,332
경기도,안성시,보개면,보개면제4투,532,367,83,266,14,1,0,364,3,165
경기도,안성시,금광면,관내사전투표,1534,1534,999,427,91,11,1,1529,5,0
경기도,안성시,금광면,금광면제1투,994,638,197,401,25,9,1,633,5,356
경기도,안성시,금광면,금광면제2투,476,306,78,209,13,2,1,303,3,170
경기도,안성시,금광면,금광면제3투,525,345,135,190,14,3,0,342,3,180
경기도,안성시,금광면,금광면제4투,424,293,70,214,5,1,0,290,3,131
경기도,안성시,금광면,금광면제5투,1869,1272,683,496,77,9,1,1266,6,597
경기도,안성시,서운면,관내사전투표,1214,1214,715,400,77,12,1,1205,9,0
경기도,안성시,서운면,서운면제1투,941,574,162,378,28,4,0,572,2,367
경기도,안성시,서운면,서운면제2투,410,269,79,179,9,2,0,269,0,141
경기도,안성시,서운면,서운면제3투,500,322,83,218,16,2,0,319,3,178
경기도,안성시,미양면,관내사전투표,1684,1684,1073,459,123,15,2,1672,12,0
경기도,안성시,미양면,미양면제1투,962,597,194,368,28,5,1,596,1,365
경기도,안성시,미양면,미양면제2투,1451,815,305,442,55,9,1,812,3,636
경기도,안성시,미양면,미양면제3투,863,554,195,333,19,4,0,551,3,309
경기도,안성시,대덕면,관내사전투표,3392,3392,2247,814,281,26,2,3370,22,0
경기도,안성시,대덕면,대덕면제1투,1232,722,233,448,35,2,0,718,4,510
경기도,안성시,대덕면,대덕면제2투,1116,660,260,374,18,3,1,656,4,456
경기도,안성시,대덕면,대덕면제3투,3177,1533,596,738,164,18,2,1518,15,1644
경기도,안성시,대덕면,대덕면제4투,3089,2166,1079,914,143,13,3,2152,14,923
경기도,안성시,양성면,관내사전투표,1518,1518,910,508,82,9,1,1510,8,0
경기도,안성시,양성면,양성면제1투,1054,654,152,458,33,6,1,650,4,400
경기도,안성시,양성면,양성면제2투,848,587,133,431,16,3,1,584,3,261
경기도,안성시,양성면,양성면제3투,1040,628,174,417,27,3,1,622,6,412
경기도,안성시,원곡면,관내사전투표,1480,1480,912,457,93,9,2,1473,7,0
경기도,안성시,원곡면,원곡면제1투,2517,1464,473,880,88,7,2,1450,14,1053
경기도,안성시,원곡면,원곡면제2투,783,522,268,220,27,5,0,520,2,261
경기도,안성시,원곡면,원곡면제3투,466,304,105,183,13,0,0,301,3,162
경기도,안성시,일죽면,관내사전투표,1899,1899,1007,780,91,10,1,1889,10,0
경기도,안성시,일죽면,일죽면제1투,1184,703,254,405,29,10,1,699,4,481
경기도,안성시,일죽면,일죽면제2투,1114,716,212,462,32,6,1,713,3,398
경기도,안성시,일죽면,일죽면제3투,1084,744,201,513,21,2,1,738,6,340
경기도,안성시,일죽면,일죽면제4투,716,403,84,302,12,0,1,399,4,313
경기도,안성시,죽산면,관내사전투표,2283,2283,1292,827,118,12,1,2250,33,0
경기도,안성시,죽산면,죽산면제1투,1993,1201,362,767,57,4,2,1192,9,792
경기도,안성시,죽산면,죽산면제2투,1155,618,194,383,32,2,0,611,7,537
경기도,안성시,죽산면,죽산면제3투,534,304,76,210,16,0,2,304,0,230
경기도,안성시,삼죽면,관내사전투표,1116,1116,638,362,98,8,0,1106,10,0
경기도,안성시,삼죽면,삼죽면제1투,1270,738,192,505,32,6,0,735,3,532
경기도,안성시,삼죽면,삼죽면제2투,940,538,152,308,66,6,0,532,6,402
경기도,안성시,고삼면,관내사전투표,1254,1254,738,410,70,9,3,1230,24,0
경기도,안성시,고삼면,고삼면제1투,624,411,130,246,24,4,0,404,7,213
경기도,안성시,고삼면,고삼면제2투,379,244,67,166,11,0,0,244,0,135
경기도,안성시,안성1동,관내사전투표,3859,3859,2283,1254,248,36,5,3826,33,0
경기도,안성시,안성1동,안성1동제1투,1120,697,202,445,40,4,1,692,5,423
경기도,안성시,안성1동,안성1동제2투,1622,1099,415,587,73,9,3,1087,12,523
경기도,안성시,안성1동,안성1동제3투,2510,1473,511,850,95,9,1,1466,7,1037
경기도,안성시,안성1동,안성1동제4투,1118,673,228,402,33,3,0,666,7,445
경기도,안성시,안성2동,관내사전투표,5074,5074,3171,1438,401,32,2,5044,30,0
경기도,안성시,안성2동,안성2동제1투,3874,2280,858,1199,183,25,0,2265,15,1594
경기도,안성시,안성2동,안성2동제2투,2932,1747,758,819,140,13,5,1735,12,1185
경기도,안성시,안성2동,안성2동제3투,2399,1626,756,751,97,12,2,1618,8,773
경기도,안성시,안성2동,안성2동제4투,582,389,157,185,38,1,1,382,7,193
경기도,안성시,안성2동,안성2동제5투,4167,2580,1138,1200,200,16,3,2557,23,1587
경기도,안성시,안성3동,관내사전투표,6442,6442,4070,1751,509,58,4,6392,50,0
경기도,안성시,안성3동,안성3동제1투,3264,2135,882,1033,193,15,1,2124,11,1129
경기도,안성시,안성3동,안성3동제2투,1198,833,315,428,75,7,1,826,7,365
경기도,안성시,안성3동,안성3동제3투,1069,641,218,379,37,4,1,639,2,428
경기도,안성시,안성3동,안성3동제4투,4114,2573,1088,1263,193,13,0,2557,16,1541
경기도,안성시,안성3동,안성3동제5투,2047,1281,503,645,114,9,2,1273,8,766
경기도,안성시,안성3동,안성3동제6투,1024,642,224,373,34,6,1,638,4,382
경기도,안성시,안성3동,안성3동제7투,1134,782,279,445,49,3,2,778,4,352
경기도,김포시,거소·선상투표,,492,455,189,142,100,5,2,438,17,37
경기도,김포시,관외사전투표,,34207,34185,20816,8546,4155,322,36,33875,310,22
경기도,김포시,재외투표,,2478,2080,1447,405,183,27,0,2062,18,398
경기도,김포시,통진읍,관내사전투표,5708,5708,3804,1465,360,35,10,5674,34,0
경기도,김포시,통진읍,통진읍제1투,1761,1245,521,649,67,7,0,1244,1,516
경기도,김포시,통진읍,통진읍제2투,3160,1895,862,834,174,12,2,1884,11,1265
경기도,김포시,통진읍,통진읍제3투,2738,1725,770,840,85,9,6,1710,15,1013
경기도,김포시,통진읍,통진읍제4투,1104,763,208,512,32,6,0,758,5,341
경기도,김포시,통진읍,통진읍제5투,2267,1319,522,704,84,4,0,1314,5,948
경기도,김포시,통진읍,통진읍제6투,2592,1500,537,856,86,11,1,1491,9,1092
경기도,김포시,통진읍,통진읍제7투,1445,840,317,476,33,5,2,833,7,605
경기도,김포시,통진읍,통진읍제8투,3464,2121,1020,907,164,11,2,2104,17,1343
경기도,김포시,통진읍,통진읍제9투,3671,2392,1121,1083,163,11,4,2382,10,1279
경기도,김포시,고촌읍,관내사전투표,7819,7819,5250,1909,570,52,4,7785,34,0
경기도,김포시,고촌읍,고촌읍제1투,2680,1660,556,931,152,13,2,1654,6,1020
경기도,김포시,고촌읍,고촌읍제2투,1088,759,187,541,18,6,1,753,6,329
경기도,김포시,고촌읍,고촌읍제3투,2621,1946,738,1030,153,15,0,1936,10,675
경기도,김포시,고촌읍,고촌읍제4투,3085,2095,712,1185,163,20,0,2080,15,990
경기도,김포시,고촌읍,고촌읍제5투,2868,2131,936,990,162,26,4,2118,13,737
경기도,김포시,고촌읍,고촌읍제6투,2358,1901,766,920,169,31,0,1886,15,457
경기도,김포시,고촌읍,고촌읍제7투,3689,2867,1462,1131,228,33,2,2856,11,822
경기도,김포시,고촌읍,고촌읍제8투,3541,2815,1486,1008,286,23,3,2806,9,726
경기도,김포시,고촌읍,고촌읍제9투,2605,2129,1016,886,181,28,2,2113,16,476
경기도,김포시,고촌읍,고촌읍제10투,3104,2495,1287,971,191,22,4,2475,20,609
경기도,김포시,양촌읍,관내사전투표,5745,5745,3809,1523,348,30,5,5715,30,0
경기도,김포시,양촌읍,양촌읍제1투,2442,1387,522,760,93,5,1,1381,6,1055
경기도,김포시,양촌읍,양촌읍제2투,1614,1014,420,505,71,8,2,1006,8,600
경기도,김포시,양촌읍,양촌읍제3투,853,544,176,338,26,2,1,543,1,309
경기도,김포시,양촌읍,양촌읍제4투,2769,1825,914,772,112,16,2,1816,9,944
경기도,김포시,양촌읍,양촌읍제5투,411,259,67,173,14,3,1,258,1,152
경기도,김포시,양촌읍,양촌읍제6투,198,130,39,79,7,4,0,129,1,68
경기도,김포시,양촌읍,양촌읍제7투,979,655,222,397,32,3,0,654,1,324
경기도,김포시,양촌읍,양촌읍제8투,2379,1578,795,651,112,11,2,1571,7,801
경기도,김포시,양촌읍,양촌읍제9투,2925,2041,1024,856,131,13,2,2026,15,884
경기도,김포시,양촌읍,양촌읍제10투,3744,2030,775,984,232,16,2,2009,21,1714
경기도,김포시,대곶면,관내사전투표,2314,2314,1382,771,135,10,0,2298,16,0
경기도,김포시,대곶면,대곶면제1투,2106,1151,402,686,46,8,3,1145,6,955
경기도,김포시,대곶면,대곶면제2투,1510,988,359,576,42,6,2,985,3,522
경기도,김포시,대곶면,대곶면제3투,745,448,140,280,22,4,0,446,2,297
경기도,김포시,대곶면,대곶면제4투,703,466,138,310,16,0,0,464,2,237
경기도,김포시,대곶면,대곶면제5투,928,600,166,401,27,4,0,598,2,328
경기도,김포시,월곶면,관내사전투표,1845,1845,1023,648,129,17,2,1819,26,0
경기도,김포시,월곶면,월곶면제1투,1640,917,267,589,40,11,3,910,7,723
경기도,김포시,월곶면,월곶면제2투,320,221,62,146,10,2,0,220,1,99
경기도,김포시,월곶면,월곶면제3투,385,274,61,204,6,1,0,272,2,111
경기도,김포시,월곶면,월곶면제4투,758,456,116,319,17,1,0,453,3,302
경기도,김포시,하성면,관내사전투표,2575,2575,1477,896,166,15,4,2558,17,0
경기도,김포시,하성면,하성면제1투,1755,960,330,558,62,4,2,956,4,795
경기도,김포시,하성면,하성면제2투,817,537,168,338,26,1,0,533,4,280
경기도,김포시,하성면,하성면제3투,685,442,122,299,16,2,0,439,3,243
경기도,김포시,하성면,하성면제4투,984,644,171,441,25,4,0,641,3,340
경기도,김포시,하성면,하성면제5투,456,294,98,176,13,5,1,293,1,162
경기도,김포시,김포본동,관내사전투표,6061,6061,4105,1530,367,38,2,6042,19,0
경기도,김포시,김포본동,김포본동제1투,1680,989,350,533,88,10,3,984,5,691
경기도,김포시,김포본동,김포본동제2투,1054,663,261,355,38,3,1,658,5,391
경기도,김포시,김포본동,김포본동제3투,2115,1662,702,827,109,13,2,1653,9,453
경기도,김포시,김포본동,김포본동제4투,3862,2705,1059,1398,201,27,5,2690,15,1157
경기도,김포시,김포본동,김포본동제5투,2114,1566,667,770,105,12,1,1555,11,548
경기도,김포시,김포본동,김포본동제6투,2019,1492,625,740,103,13,0,1481,11,527
경기도,김포시,김포본동,김포본동제7투,2475,1764,902,695,135,18,2,1752,12,711
경기도,김포시,김포본동,김포본동제8투,2675,1980,987,851,117,15,2,1972,8,695
경기도,김포시,김포본동,김포본동제9투,3130,2361,961,1157,197,26,1,2342,19,769
경기도,김포시,김포본동,김포본동제10투,2847,2225,1014,990,185,19,2,2210,15,622
경기도,김포시,김포본동,김포본동제11투,2343,1736,654,916,138,18,1,1727,9,607
경기도,김포시,김포본동,김포본동제12투,2033,1644,846,651,120,15,1,1633,11,389
경기도,김포시,김포본동,김포본동제13투,2807,2182,1043,913,195,22,0,2173,9,625
경기도,김포시,김포본동,김포본동제14투,3927,3121,1503,1326,259,14,2,3104,17,806
경기도,김포시,장기본동,관내사전투표,6278,6278,4415,1410,387,36,3,6251,27,0
경기도,김포시,장기본동,장기본동제1투,2743,2058,709,1170,144,21,2,2046,12,685
경기도,김포시,장기본동,장기본동제2투,2618,1596,542,923,111,7,0,1583,13,1022
경기도,김포시,장기본동,장기본동제3투,3254,2216,1023,997,168,12,1,2201,15,1038
경기도,김포시,장기본동,장기본동제4투,3044,2241,1179,859,179,18,0,2235,6,803
경기도,김포시,장기본동,장기본동제5투,2824,2024,1060,740,191,19,1,2011,13,800
경기도,김포시,장기본동,장기본동제6투,3193,2387,1274,888,200,21,0,2383,4,806
경기도,김포시,장기본동,장기본동제7투,2837,2151,1027,929,165,18,1,2140,11,686
경기도,김포시,사우동,관내사전투표,7648,7647,5078,1928,529,63,6,7604,43,1
경기도,김포시,사우동,사우동제1투,2302,1260,481,663,94,6,3,1247,13,1042
경기도,김포시,사우동,사우동제2투,2281,1356,538,717,85,9,0,1349,7,925
경기도,김포시,사우동,사우동제3투,2526,1882,832,867,146,19,4,1868,14,644
경기도,김포시,사우동,사우동제4투,564,346,113,192,34,2,1,342,4,218
경기도,김포시,사우동,사우동제5투,2654,1807,760,875,152,13,3,1803,4,847
경기도,김포시,사우동,사우동제6투,2198,1838,930,718,156,25,0,1829,9,360
경기도,김포시,풍무동,관내사전투표,8652,8652,6124,1857,579,50,7,8617,35,0
경기도,김포시,풍무동,풍무동제1투,3644,2244,958,1065,167,32,2,2224,20,1400
경기도,김포시,풍무동,풍무동제2투,2365,1442,574,724,116,16,1,1431,11,923
경기도,김포시,풍무동,풍무동제3투,2658,1958,775,1005,144,18,6,1948,10,700
경기도,김포시,풍무동,풍무동제4투,2161,1521,711,679,106,16,1,1513,8,640
경기도,김포시,풍무동,풍무동제5투,2993,2222,1015,1000,179,12,1,2207,15,771
경기도,김포시,풍무동,풍무동제6투,2331,1720,754,790,145,18,3,1710,10,611
경기도,김포시,풍무동,풍무동제7투,3002,2235,1010,1019,170,22,0,2221,14,767
경기도,김포시,풍무동,풍무동제8투,2809,2069,837,1070,135,14,1,2057,12,740
경기도,김포시,풍무동,풍무동제9투,2604,2006,973,832,180,13,0,1998,8,598
경기도,김포시,풍무동,풍무동제10투,1165,837,348,438,34,10,1,831,6,328
경기도,김포시,풍무동,풍무동제11투,2116,1691,802,735,131,11,0,1679,12,425
경기도,김포시,풍무동,풍무동제12투,2538,2111,1040,838,196,19,3,2096,15,427
경기도,김포시,풍무동,풍무동제13투,4067,3274,1565,1354,304,29,1,3253,21,793
경기도,김포시,장기동,관내사전투표,8258,8258,5937,1643,573,62,8,8223,35,0
경기도,김포시,장기동,장기동제1투,3005,2216,1060,958,168,21,1,2208,8,789
경기도,김포시,장기동,장기동제2투,2773,2067,904,972,161,18,0,2055,12,706
경기도,김포시,장기동,장기동제3투,2231,1346,511,703,114,8,3,1339,7,885
경기도,김포시,장기동,장기동제4투,3485,2649,1320,1058,224,33,3,2638,11,836
경기도,김포시,장기동,장기동제5투,3390,2001,824,963,170,24,3,1984,17,1389
경기도,김포시,장기동,장기동제6투,2923,2179,993,1003,158,16,1,2171,8,744
경기도,김포시,장기동,장기동제7투,3722,2920,1531,1134,209,27,3,2904,16,802
경기도,김포시,구래동,관내사전투표,8322,8322,5882,1563,755,73,6,8279,43,0
경기도,김포시,구래동,구래동제1투,3753,1646,589,729,285,17,2,1622,24,2107
경기도,김포시,구래동,구래동제2투,3300,2181,1010,939,193,27,1,2170,11,1119
경기도,김포시,구래동,구래동제3투,2238,1735,945,673,97,13,1,1729,6,503
경기도,김포시,구래동,구래동제4투,2832,1981,941,830,170,17,2,1960,21,851
경기도,김포시,구래동,구래동제5투,3355,2308,1043,1031,196,20,2,2292,16,1047
경기도,김포시,구래동,구래동제6투,2806,2107,1151,764,159,13,7,2094,13,699
경기도,김포시,구래동,구래동제7투,1925,1053,427,449,157,8,1,1042,11,872
경기도,김포시,구래동,구래동제8투,2261,1571,739,720,97,9,0,1565,6,690
경기도,김포시,구래동,구래동제9투,2665,2030,1105,743,156,14,1,2019,11,635
경기도,김포시,마산동,관내사전투표,6172,6172,4477,1168,444,50,5,6144,28,0
경기도,김포시,마산동,마산동제1투,1710,1065,493,465,91,9,1,1059,6,645
경기도,김포시,마산동,마산동제2투,2657,1818,872,771,153,18,0,1814,4,839
경기도,김포시,마산동,마산동제3투,2585,1817,818,868,103,12,0,1801,16,768
경기도,김포시,마산동,마산동제4투,2282,1593,738,737,76,19,3,1573,20,689
경기도,김포시,마산동,마산동제5투,2730,2095,1205,722,134,20,1,2082,13,635
경기도,김포시,마산동,마산동제6투,3642,2550,1299,1024,187,22,1,2533,17,1092
경기도,김포시,마산동,마산동제7투,3527,2537,1242,992,245,38,3,2520,17,990
경기도,김포시,운양동,관내사전투표,8941,8941,6434,1763,617,84,8,8906,35,0
경기도,김포시,운양동,운양동제1투,2920,2170,1064,915,164,17,1,2161,9,750
경기도,김포시,운양동,운양동제2투,2739,1698,769,703,195,17,3,1687,11,1041
경기도,김포시,운양동,운양동제3투,1940,1445,638,665,126,10,0,1439,6,495
경기도,김포시,운양동,운양동제4투,2038,1600,751,645,177,17,2,1592,8,438
경기도,김포시,운양동,운양동제5투,3141,2272,1083,1001,163,12,1,2260,12,869
경기도,김포시,운양동,운양동제6투,2972,2217,1029,1004,154,17,0,2204,13,755
경기도,김포시,운양동,운양동제7투,3035,2282,969,1119,154,24,1,2267,15,753
경기도,김포시,운양동,운양동제8투,3034,2183,1013,963,178,18,2,2174,9,851
경기도,김포시,운양동,운양동제9투,3184,2206,968,1038,164,18,2,2190,16,978
경기도,광주시,거소·선상투표,,499,457,207,138,84,2,3,434,23,42
경기도,광주시,관외사전투표,,36002,35997,22866,8701,3798,312,43,35720,277,5
경기도,광주시,재외투표,,1741,1461,1061,252,115,25,1,1454,7,280
경기도,광주시,초월읍,관내사전투표,8137,8136,5803,1794,449,57,1,8104,32,1
경기도,광주시,초월읍,초월읍제1투,2498,1511,657,742,98,10,1,1508,3,987
경기도,광주시,초월읍,초월읍제2투,4501,3223,1612,1327,240,30,0,3209,14,1278
경기도,광주시,초월읍,초월읍제3투,1305,803,376,342,72,4,1,795,8,502
경기도,광주시,초월읍,초월읍제4투,4601,3097,1476,1363,207,31,2,3079,18,1504
경기도,광주시,초월읍,초월읍제5투,2168,1327,548,709,55,4,1,1317,10,841
경기도,광주시,초월읍,초월읍제6투,4043,2459,1123,1189,110,15,1,2438,21,1584
경기도,광주시,초월읍,초월읍제7투,1391,902,300,558,34,2,3,897,5,489
경기도,광주시,초월읍,초월읍제8투,3552,2503,1233,1060,173,19,3,2488,15,1049
경기도,광주시,초월읍,초월읍제9투,2805,1818,840,825,137,6,0,1808,10,987
경기도,광주시,초월읍,초월읍제10투,3878,2956,1373,1268,271,23,2,2937,19,922
경기도,광주시,곤지암읍,관내사전투표,5011,5011,3339,1307,288,25,3,4962,49,0
경기도,광주시,곤지암읍,곤지암읍제1투,2732,1864,763,940,127,14,4,1848,16,868
경기도,광주시,곤지암읍,곤지암읍제2투,3009,1681,592,989,77,9,3,1670,11,1328
경기도,광주시,곤지암읍,곤지암읍제3투,1783,1101,337,699,54,2,0,1092,9,682
경기도,광주시,곤지암읍,곤지암읍제4투,1861,1196,355,768,49,7,3,1182,14,665
경기도,광주시,곤지암읍,곤지암읍제5투,3879,2608,1252,1133,189,17,2,2593,15,1271
경기도,광주시,도척면,관내사전투표,2316,2316,1544,648,100,10,2,2304,12,0
경기도,광주시,도척면,도척면제1투,2487,1500,632,771,76,15,0,1494,6,987
경기도,광주시,도척면,도척면제2투,1970,1290,438,762,74,9,0,1283,7,680
경기도,광주시,도척면,도척면제3투,933,612,188,402,15,3,0,608,4,321
경기도,광주시,퇴촌면,관내사전투표,3833,3833,2543,1140,119,20,0,3822,11,0
경기도,광주시,퇴촌면,퇴촌면제1투,2684,1585,493,1011,64,11,1,1580,5,1099
경기도,광주시,퇴촌면,퇴촌면제2투,2526,1574,616,868,73,8,5,1570,4,952
경기도,광주시,퇴촌면,퇴촌면제3투,3439,2174,808,1252,92,14,1,2167,7,1265
경기도,광주시,남종면,관내사전투표,313,313,156,139,14,4,0,313,0,0
경기도,광주시,남종면,남종면제1투,459,323,69,244,7,2,0,322,1,136
경기도,광주시,남종면,남종면제2투,266,186,36,143,6,0,0,185,1,80
경기도,광주시,남종면,남종면제3투,176,138,35,100,3,0,0,138,0,38
경기도,광주시,남한산성면,관내사전투표,685,685,424,208,37,8,0,677,8,0
경기도,광주시,남한산성면,남한산성면제1투,467,297,64,219,12,1,0,296,1,170
경기도,광주시,남한산성면,남한산성면제2투,478,355,121,210,18,5,0,354,1,123
경기도,광주시,남한산성면,남한산성면제3투,454,331,93,225,9,3,1,331,0,123
경기도,광주시,오포1동,관내사전투표,5435,5435,3988,1121,282,26,6,5423,12,0
경기도,광주시,오포1동,오포1동제1투,2117,1497,701,670,101,18,0,1490,7,620
경기도,광주시,오포1동,오포1동제2투,3995,2520,1103,1258,118,20,1,2500,20,1475
경기도,광주시,오포1동,오포1동제3투,4360,2731,1222,1269,195,23,3,2712,19,1629
경기도,광주시,오포1동,오포1동제4투,1400,949,418,490,32,6,1,947,2,451
경기도,광주시,오포1동,오포1동제5투,4010,3067,1698,1096,238,20,2,3054,13,943
경기도,광주시,오포2동,관내사전투표,5012,5012,3613,1037,310,30,5,4995,17,0
경기도,광주시,오포2동,오포2동제1투,4622,3022,1617,1196,159,27,2,3001,21,1600
경기도,광주시,오포2동,오포2동제2투,3540,2180,1151,838,167,11,0,2167,13,1360
경기도,광주시,오포2동,오포2동제3투,2890,1951,801,963,156,13,0,1933,18,939
경기도,광주시,오포2동,오포2동제4투,3389,2190,1066,975,114,15,5,2175,15,1199
경기도,광주시,오포2동,오포2동제5투,2036,1484,694,685,85,12,3,1479,5,552
경기도,광주시,오포2동,오포2동제6투,1943,1385,673,591,106,7,1,1378,7,558
경기도,광주시,신현동,관내사전투표,6717,6717,4719,1530,412,29,2,6692,25,0
경기도,광주시,신현동,신현동제1투,3349,1906,734,979,165,15,4,1897,9,1443
경기도,광주시,신현동,신현동제2투,3542,2457,996,1255,182,13,1,2447,10,1085
경기도,광주시,신현동,신현동제3투,4857,2809,1292,1291,199,12,1,2795,14,2048
경기도,광주시,신현동,신현동제4투,4239,2778,1317,1260,167,15,3,2762,16,1461
경기도,광주시,신현동,신현동제5투,3427,2114,719,1197,170,12,2,2100,14,1313
경기도,광주시,능평동,관내사전투표,4442,4442,3197,958,231,31,2,4419,23,0
경기도,광주시,능평동,능평동제1투,1915,1251,567,592,78,8,0,1245,6,664
경기도,광주시,능평동,능평동제2투,3394,2165,932,1032,170,16,0,2150,15,1229
경기도,광주시,능평동,능평동제3투,3311,2072,930,999,112,18,1,2060,12,1239
경기도,광주시,능평동,능평동제4투,3758,2381,988,1217,147,10,1,2363,18,1377
경기도,광주시,경안동,관내사전투표,7597,7597,4922,2001,569,56,5,7553,44,0
경기도,광주시,경안동,경안동제1투,1821,986,305,599,59,18,1,982,4,835
경기도,광주시,경안동,경안동제2투,2756,1761,791,797,141,18,0,1747,14,995
경기도,광주시,경안동,경안동제3투,3302,2080,904,982,160,18,2,2066,14,1222
경기도,광주시,경안동,경안동제4투,3283,2242,1066,979,167,13,0,2225,17,1041
경기도,광주시,경안동,경안동제5투,1937,1231,581,553,77,9,1,1221,10,706
경기도,광주시,경안동,경안동제6투,3134,2535,1180,1098,224,21,0,2523,12,599
경기도,광주시,쌍령동,관내사전투표,4052,4051,2888,883,232,29,3,4035,16,1
경기도,광주시,쌍령동,쌍령동제1투,2145,1332,622,609,80,9,2,1322,10,813
경기도,광주시,쌍령동,쌍령동제2투,2353,1548,764,657,104,4,2,1531,17,805
경기도,광주시,쌍령동,쌍령동제3투,2904,2103,881,1033,152,21,3,2090,13,801
경기도,광주시,쌍령동,쌍령동제4투,1778,1343,692,519,113,12,2,1338,5,435
경기도,광주시,송정동,관내사전투표,3429,3429,2309,867,209,23,2,3410,19,0
경기도,광주시,송정동,송정동제1투,2073,1265,449,723,74,12,1,1259,6,808
경기도,광주시,송정동,송정동제2투,1426,984,446,472,56,7,0,981,3,442
경기도,광주시,송정동,송정동제3투,2535,1831,789,882,131,17,4,1823,8,704
경기도,광주시,송정동,송정동제4투,1973,1486,664,695,93,20,1,1473,13,487
경기도,광주시,송정동,송정동제5투,1941,1221,548,591,63,8,2,1212,9,720
경기도,광주시,송정동,송정동제6투,3522,2228,1030,1015,145,25,3,2218,10,1294
경기도,광주시,탄벌동,관내사전투표,7222,7222,5012,1761,381,43,4,7201,21,0
경기도,광주시,탄벌동,탄벌동제1투,2184,1254,599,547,88,12,1,1247,7,930
경기도,광주시,탄벌동,탄벌동제2투,2625,1951,757,1030,122,23,0,1932,19,674
경기도,광주시,탄벌동,탄벌동제3투,1442,881,369,446,56,7,0,878,3,561
경기도,광주시,탄벌동,탄벌동제4투,5391,3872,1829,1674,316,32,2,3853,19,1519
경기도,광주시,탄벌동,탄벌동제5투,5183,3265,1676,1362,190,17,5,3250,15,1918
경기도,광주시,탄벌동,탄벌동제6투,3691,2289,1148,971,143,16,3,2281,8,1402
경기도,광주시,탄벌동,탄벌동제7투,4059,2503,1169,1153,142,24,4,2492,11,1556
경기도,광주시,광남1동,관내사전투표,7960,7960,5703,1710,463,50,2,7928,32,0
경기도,광주시,광남1동,광남1동제1투,3230,1880,814,905,132,13,1,1865,15,1350
경기도,광주시,광남1동,광남1동제2투,3818,2419,1143,1088,161,14,3,2409,10,1399
경기도,광주시,광남1동,광남1동제3투,2502,1629,711,771,129,13,0,1624,5,873
경기도,광주시,광남1동,광남1동제4투,2152,1338,599,657,67,6,4,1333,5,814
경기도,광주시,광남1동,광남1동제5투,3548,2398,1078,1091,191,17,2,2379,19,1150
경기도,광주시,광남1동,광남1동제6투,2110,1397,612,669,93,11,0,1385,12,713
경기도,광주시,광남2동,관내사전투표,5838,5838,4332,1056,378,36,2,5804,34,0
경기도,광주시,광남2동,광남2동제1투,3159,2166,1140,859,131,21,1,2152,14,993
경기도,광주시,광남2동,광남2동제2투,3153,2342,1078,1065,172,18,2,2335,7,811
경기도,광주시,광남2동,광남2동제3투,3147,2397,1241,963,160,16,0,2380,17,750
경기도,광주시,광남2동,광남2동제4투,2155,1636,782,734,96,15,2,1629,7,519
경기도,광주시,광남2동,광남2동제5투,2403,1776,887,734,137,12,1,1771,5,627
경기도,광주시,광남2동,광남2동제6투,2115,1579,784,678,99,14,0,1575,4,536
경기도,포천시,거소·선상투표,,246,233,92,69,49,3,3,216,17,13
경기도,포천시,관외사전투표,,9466,9466,5087,3077,1119,81,9,9373,93,0
경기도,포천시,재외투표,,422,339,218,77,38,4,0,337,2,83
경기도,포천시,소흘읍,관내사전투표,8476,8476,5597,2298,478,45,8,8426,50,0
경기도,포천시,소흘읍,소흘읍제1투,2881,1508,670,730,87,8,2,1497,11,1373
경기도,포천시,소흘읍,소흘읍제2투,1289,724,242,440,32,7,0,721,3,565
경기도,포천시,소흘읍,소흘읍제3투,2007,1445,513,863,55,6,0,1437,8,562
경기도,포천시,소흘읍,소흘읍제4투,3476,2024,850,1021,124,13,0,2008,16,1452
경기도,포천시,소흘읍,소흘읍제5투,2788,2038,926,932,143,25,1,2027,11,750
경기도,포천시,소흘읍,소흘읍제6투,2386,1463,614,713,112,12,3,1454,9,923
경기도,포천시,소흘읍,소흘읍제7투,2413,1442,582,741,93,13,0,1429,13,971
경기도,포천시,소흘읍,소흘읍제8투,2744,1836,905,724,152,26,4,1811,25,908
경기도,포천시,소흘읍,소흘읍제9투,2089,1341,635,571,105,19,0,1330,11,748
경기도,포천시,소흘읍,소흘읍제10투,1640,1098,499,491,92,6,0,1088,10,542
경기도,포천시,소흘읍,소흘읍제11투,1628,1189,585,493,91,11,3,1183,6,439
경기도,포천시,군내면,관내사전투표,2228,2228,1304,763,128,14,2,2211,17,0
경기도,포천시,군내면,군내면제1투,2940,1819,673,1008,109,15,4,1809,10,1121
경기도,포천시,군내면,군내면제2투,1065,674,267,359,40,4,1,671,3,391
경기도,포천시,군내면,군내면제3투,1155,740,207,494,30,3,2,736,4,415
경기도,포천시,내촌면,관내사전투표,1277,1277,711,494,52,5,0,1262,15,0
경기도,포천시,내촌면,내촌면제1투,1398,899,318,524,50,3,1,896,3,499
경기도,포천시,내촌면,내촌면제2투,439,241,67,161,9,0,0,237,4,198
경기도,포천시,내촌면,내촌면제3투,656,405,118,259,22,1,1,401,4,251
경기도,포천시,가산면,관내사전투표,2244,2244,1379,723,115,10,1,2228,16,0
경기도,포천시,가산면,가산면제1투,1890,1127,397,658,53,4,4,1116,11,763
경기도,포천시,가산면,가산면제2투,1293,803,298,466,30,4,2,800,3,490
경기도,포천시,가산면,가산면제3투,966,589,162,404,19,2,0,587,2,377
경기도,포천시,신북면,관내사전투표,2109,2109,1214,737,127,10,2,2090,19,0
경기도,포천시,신북면,신북면제1투,1681,1032,432,536,48,8,3,1027,5,649
경기도,포천시,신북면,신북면제2투,2023,1094,402,616,60,7,1,1086,8,929
경기도,포천시,신북면,신북면제3투,1157,777,216,519,32,4,0,771,6,380
경기도,포천시,신북면,신북면제4투,695,458,97,347,10,1,0,455,3,237
경기도,포천시,신북면,신북면제5투,1313,798,315,426,43,3,0,787,11,515
경기도,포천시,창수면,관내사전투표,635,635,321,272,36,3,0,632,3,0
경기도,포천시,창수면,창수면제1투,607,393,92,280,13,3,0,388,5,214
경기도,포천시,창수면,창수면제2투,546,365,124,221,12,3,0,360,5,181
경기도,포천시,영중면,관내사전투표,1494,1494,823,562,92,7,3,1487,7,0
경기도,포천시,영중면,영중면제1투,510,324,102,202,16,1,0,321,3,186
경기도,포천시,영중면,영중면제2투,1703,1047,309,687,35,9,0,1040,7,656
경기도,포천시,영중면,영중면제3투,406,267,98,153,12,1,2,266,1,139
경기도,포천시,일동면,관내사전투표,2204,2204,1184,817,174,16,1,2192,12,0
경기도,포천시,일동면,일동면제1투,1472,836,285,508,34,3,2,832,4,636
경기도,포천시,일동면,일동면제2투,322,242,73,157,9,0,0,239,3,80
경기도,포천시,일동면,일동면제3투,932,650,210,404,28,1,2,645,5,282
경기도,포천시,일동면,일동면제4투,1577,950,337,541,57,8,1,944,6,627
경기도,포천시,일동면,일동면제5투,304,218,72,136,6,1,0,215,3,86
경기도,포천시,일동면,일동면제6투,657,362,95,254,9,1,1,360,2,295
경기도,포천시,이동면,관내사전투표,1281,1281,613,516,133,7,1,1270,11,0
경기도,포천시,이동면,이동면제1투,1008,653,199,389,56,5,1,650,3,355
경기도,포천시,이동면,이동면제2투,571,357,86,252,9,1,1,349,8,214
경기도,포천시,이동면,이동면제3투,572,388,118,247,18,3,0,386,2,184
경기도,포천시,이동면,이동면제4투,1071,707,244,383,65,5,1,698,9,364
경기도,포천시,영북면,관내사전투표,1675,1675,897,597,143,19,1,1657,18,0
경기도,포천시,영북면,영북면제1투,1145,658,198,426,27,3,0,654,4,487
경기도,포천시,영북면,영북면제2투,491,350,86,245,13,4,0,348,2,141
경기도,포천시,영북면,영북면제3투,1179,721,246,385,73,4,1,709,12,458
경기도,포천시,영북면,영북면제4투,164,112,35,73,3,0,0,111,1,52
경기도,포천시,영북면,영북면제5투,763,483,151,290,33,1,2,477,6,280
경기도,포천시,영북면,영북면제6투,325,214,62,140,8,1,1,212,2,111
경기도,포천시,영북면,영북면제7투,361,216,49,158,6,0,0,213,3,145
경기도,포천시,관인면,관내사전투표,675,675,358,262,48,4,0,672,3,0
경기도,포천시,관인면,관인면제1투,890,541,166,347,21,5,0,539,2,349
경기도,포천시,관인면,관인면제2투,309,210,61,140,6,1,0,208,2,99
경기도,포천시,관인면,관인면제3투,309,219,72,132,12,1,0,217,2,90
경기도,포천시,화현면,관내사전투표,598,598,312,238,38,4,0,592,6,0
경기도,포천시,화현면,화현면제1투,1010,640,164,436,31,3,0,634,6,370
경기도,포천시,화현면,화현면제2투,346,235,66,154,8,3,0,231,4,111
경기도,포천시,포천동,관내사전투표,5470,5470,3365,1663,354,42,4,5428,42,0
경기도,포천시,포천동,포천동제1투,2444,1583,617,853,87,14,3,1574,9,861
경기도,포천시,포천동,포천동제2투,1111,646,215,392,30,3,2,642,4,465
경기도,포천시,포천동,포천동제3투,2490,1569,632,824,93,11,3,1563,6,921
경기도,포천시,포천동,포천동제4투,3064,1938,748,1028,129,12,3,1920,18,1126
경기도,포천시,포천동,포천동제5투,2207,1326,570,634,95,16,2,1317,9,881
경기도,포천시,선단동,관내사전투표,3419,3419,2175,969,205,27,10,3386,33,0
경기도,포천시,선단동,선단동제1투,3244,1906,893,860,122,11,0,1886,20,1338
경기도,포천시,선단동,선단동제2투,831,538,195,321,14,3,0,533,5,293
경기도,포천시,선단동,선단동제3투,884,491,147,320,15,4,0,486,5,393
경기도,포천시,선단동,선단동제4투,3551,1926,871,895,125,14,5,1910,16,1625
경기도,연천군,거소·선상투표,,253,249,85,75,67,2,3,232,17,4
경기도,연천군,관외사전투표,,3322,3321,1712,1182,359,33,6,3292,29,1
경기도,연천군,재외투표,,128,108,76,19,12,0,0,107,1,20
경기도,연천군,연천읍,관내사전투표,1973,1973,1087,657,176,22,2,1944,29,0
경기도,연천군,연천읍,연천읍제1투,1419,942,309,552,65,6,2,934,8,477
경기도,연천군,연천읍,연천읍제2투,786,535,180,327,19,5,0,531,4,251
경기도,연천군,연천읍,연천읍제3투,1146,707,251,345,99,4,0,699,8,439
경기도,연천군,연천읍,연천읍제4투,175,121,44,73,3,0,0,120,1,54
경기도,연천군,연천읍,연천읍제5투,687,467,126,309,17,9,1,462,5,220
경기도,연천군,전곡읍,관내사전투표,4044,4043,2328,1359,276,38,6,4007,36,1
경기도,연천군,전곡읍,전곡읍제1투,1883,1091,352,640,80,7,2,1081,10,792
경기도,연천군,전곡읍,전곡읍제2투,536,319,98,200,18,2,0,318,1,217
경기도,연천군,전곡읍,전곡읍제3투,2925,1827,661,1044,99,16,0,1820,7,1098
경기도,연천군,전곡읍,전곡읍제4투,886,585,200,319,51,7,1,578,7,301
경기도,연천군,전곡읍,전곡읍제5투,1470,933,323,548,51,6,0,928,5,537
경기도,연천군,전곡읍,전곡읍제6투,233,172,63,100,8,0,0,171,1,61
경기도,연천군,전곡읍,전곡읍제7투,188,132,39,88,4,0,0,131,1,56
경기도,연천군,전곡읍,전곡읍제8투,284,197,70,122,3,1,0,196,1,87
경기도,연천군,전곡읍,전곡읍제9투,1562,978,354,538,65,7,2,966,12,584
경기도,연천군,군남면,관내사전투표,419,419,205,189,23,2,0,419,0,0
경기도,연천군,군남면,군남면제1투,437,312,104,198,9,0,0,311,1,125
경기도,연천군,군남면,군남면제2투,324,238,78,148,9,2,0,237,1,86
경기도,연천군,군남면,군남면제3투,303,215,70,142,2,0,1,215,0,88
경기도,연천군,군남면,군남면제4투,698,481,197,256,20,3,1,477,4,217
경기도,연천군,군남면,군남면제5투,170,111,21,71,16,1,0,109,2,59
경기도,연천군,청산면,관내사전투표,964,964,482,354,110,9,2,957,7,0
경기도,연천군,청산면,청산면제1투,1242,847,213,593,25,6,1,838,9,395
경기도,연천군,청산면,청산면제2투,694,452,136,289,21,2,0,448,4,242
경기도,연천군,청산면,청산면제3투,564,345,114,205,22,4,0,345,0,219
경기도,연천군,백학면,관내사전투표,638,638,325,270,36,4,0,635,3,0
경기도,연천군,백학면,백학면제1투,838,528,136,359,26,1,1,523,5,310
경기도,연천군,백학면,백학면제2투,607,376,107,246,16,4,1,374,2,231
경기도,연천군,미산면,관내사전투표,343,343,172,149,17,1,1,340,3,0
경기도,연천군,미산면,미산면투표소,917,585,167,390,19,7,0,583,2,332
경기도,연천군,왕징면,관내사전투표,365,365,196,142,22,4,0,364,1,0
경기도,연천군,왕징면,왕징면제1투,267,179,53,119,3,2,1,178,1,88
경기도,연천군,왕징면,왕징면제2투,120,80,24,49,2,4,0,79,1,40
경기도,연천군,왕징면,왕징면제3투,221,156,51,97,5,2,0,155,1,65
경기도,연천군,신서면,관내사전투표,761,761,401,289,57,4,2,753,8,0
경기도,연천군,신서면,신서면제1투,807,513,167,325,16,2,1,511,2,294
경기도,연천군,신서면,신서면제2투,113,86,31,52,2,1,0,86,0,27
경기도,연천군,신서면,신서면제3투,145,108,35,68,4,0,0,107,1,37
경기도,연천군,신서면,신서면제4투,324,205,71,122,10,2,0,205,0,119
경기도,연천군,중면,관내사전투표,82,82,31,31,19,0,0,81,1,0
경기도,연천군,중면,중면투표소,104,73,21,48,1,1,0,71,2,31
경기도,연천군,장남면,관내사전투표,181,181,92,74,12,2,0,180,1,0
경기도,연천군,장남면,장남면투표소,426,317,94,201,15,2,0,312,5,109
경기도,양평군,거소·선상투표,,240,221,87,87,39,2,0,215,6,19
경기도,양평군,관외사전투표,,12344,12342,6530,4383,1187,130,17,12247,95,2
경기도,양평군,재외투표,,884,731,524,134,56,13,2,729,2,153
경기도,양평군,양평읍,관내사전투표,8004,8003,4767,2576,539,68,5,7955,48,1
경기도,양평군,양평읍,양평읍제1투,2611,1524,441,990,71,9,3,1514,10,1087
경기도,양평군,양평읍,양평읍제2투,4120,2798,1008,1567,181,26,0,2782,16,1322
경기도,양평군,양평읍,양평읍제3투,926,631,141,463,18,6,1,629,2,295
경기도,양평군,양평읍,양평읍제4투,1039,679,189,464,17,3,3,676,3,360
경기도,양평군,양평읍,양평읍제5투,3646,2274,732,1379,135,16,1,2263,11,1372
경기도,양평군,양평읍,양평읍제6투,1616,1064,356,646,50,8,0,1060,4,552
경기도,양평군,양평읍,양평읍제7투,2767,1828,675,1018,103,19,0,1815,13,939
경기도,양평군,양평읍,양평읍제8투,2795,1742,611,998,107,15,0,1731,11,1053
경기도,양평군,강상면,관내사전투표,3154,3153,1844,1061,202,30,1,3138,15,1
경기도,양평군,강상면,강상면제1투,2782,1836,558,1167,89,12,1,1827,9,946
경기도,양평군,강상면,강상면제2투,1453,943,287,594,41,13,1,936,7,510
경기도,양평군,강상면,강상면제3투,909,618,181,408,23,5,0,617,1,291
경기도,양평군,강하면,관내사전투표,1251,1250,709,464,58,7,1,1239,11,1
경기도,양평군,강하면,강하면제1투,1432,901,185,677,30,6,1,899,2,531
경기도,양평군,강하면,강하면제2투,1240,826,174,630,16,2,0,822,4,414
경기도,양평군,양서면,관내사전투표,2749,2749,1723,835,152,28,3,2741,8,0
경기도,양평군,양서면,양서면제1투,2820,2033,658,1245,97,21,2,2023,10,787
경기도,양평군,양서면,양서면제2투,949,650,208,394,39,4,0,645,5,299
경기도,양평군,양서면,양서면제3투,2960,1796,544,1136,85,22,0,1787,9,1164
경기도,양평군,양서면,양서면제4투,1008,698,223,434,30,6,0,693,5,310
경기도,양평군,옥천면,관내사전투표,2935,2935,1770,956,172,20,4,2922,13,0
경기도,양평군,옥천면,옥천면제1투,1338,863,292,505,52,9,0,858,5,475
경기도,양평군,옥천면,옥천면제2투,1045,666,165,465,28,2,0,660,6,379
경기도,양평군,옥천면,옥천면제3투,935,633,149,464,14,5,1,633,0,302
경기도,양평군,옥천면,옥천면제4투,847,535,165,346,20,2,0,533,2,312
경기도,양평군,서종면,관내사전투표,2085,2085,1385,599,77,19,0,2080,5,0
경기도,양평군,서종면,서종면제1투,2269,1489,464,932,74,12,0,1482,7,780
경기도,양평군,서종면,서종면제2투,596,423,145,256,19,3,0,423,0,173
경기도,양평군,서종면,서종면제3투,735,479,132,319,23,2,0,476,3,256
경기도,양평군,서종면,서종면제4투,412,257,54,193,6,2,0,255,2,155
경기도,양평군,서종면,서종면제5투,1080,724,201,477,38,4,1,721,3,356
경기도,양평군,단월면,관내사전투표,1165,1165,606,488,47,10,2,1153,12,0
경기도,양평군,단월면,단월면제1투,739,471,133,320,14,3,0,470,1,268
경기도,양평군,단월면,단월면제2투,828,488,104,367,13,0,0,484,4,340
경기도,양평군,단월면,단월면제3투,347,241,62,170,8,0,0,240,1,106
경기도,양평군,단월면,단월면제4투,184,116,24,83,2,1,0,110,6,68
경기도,양평군,청운면,관내사전투표,1116,1116,577,467,53,9,1,1107,9,0
경기도,양평군,청운면,청운면제1투,788,495,118,345,20,9,0,492,3,293
경기도,양평군,청운면,청운면제2투,395,244,62,175,3,3,0,243,1,151
경기도,양평군,청운면,청운면제3투,466,250,61,177,7,3,0,248,2,216
경기도,양평군,청운면,청운면제4투,458,274,63,194,7,4,1,269,5,184
경기도,양평군,양동면,관내사전투표,1170,1170,582,506,43,21,2,1154,16,0
경기도,양평군,양동면,양동면제1투,1136,713,172,503,21,6,0,702,11,423
경기도,양평군,양동면,양동면제2투,485,307,76,216,9,4,0,305,2,178
경기도,양평군,양동면,양동면제3투,562,365,74,274,12,0,1,361,4,197
경기도,양평군,양동면,양동면제4투,360,243,63,172,6,1,0,242,1,117
경기도,양평군,지평면,관내사전투표,1806,1806,934,720,99,16,2,1771,35,0
경기도,양평군,지평면,지평면제1투,680,428,109,300,15,1,0,425,3,252
경기도,양평군,지평면,지평면제2투,633,419,112,284,14,5,1,416,3,214
경기도,양평군,지평면,지평면제3투,546,353,81,251,16,2,0,350,3,193
경기도,양평군,지평면,지평면제4투,631,397,93,294,7,1,0,395,2,234
경기도,양평군,지평면,지평면제5투,654,416,105,285,20,1,1,412,4,238
경기도,양평군,지평면,지평면제6투,572,399,114,273,8,3,0,398,1,173
경기도,양평군,용문면,관내사전투표,4778,4778,2839,1615,240,43,7,4744,34,0
경기도,양평군,용문면,용문면제1투,2405,1540,492,955,80,9,1,1537,3,865
경기도,양평군,용문면,용문면제2투,2234,1422,460,896,48,6,2,1412,10,812
경기도,양평군,용문면,용문면제3투,1544,871,271,508,76,9,3,867,4,673
경기도,양평군,용문면,용문면제4투,1046,680,194,446,29,3,2,674,6,366
경기도,양평군,용문면,용문면제5투,1463,967,307,604,32,14,3,960,7,496
경기도,양평군,용문면,용문면제6투,553,398,100,282,11,1,0,394,4,155
경기도,양평군,용문면,용문면제7투,615,424,125,285,11,2,0,423,1,191
경기도,양평군,개군면,관내사전투표,1350,1350,738,516,74,15,2,1345,5,0
경기도,양평군,개군면,개군면제1투,1228,821,213,563,36,3,0,815,6,407
경기도,양평군,개군면,개군면제2투,1041,715,235,444,23,7,0,709,6,326
경기도,양평군,개군면,개군면제3투,726,491,103,371,12,2,0,488,3,235
경기도,가평군,거소·선상투표,,326,316,162,91,36,4,4,297,19,10
경기도,가평군,관외사전투표,,5481,5480,2739,2042,588,51,6,5426,54,1
경기도,가평군,재외투표,,310,246,172,43,26,3,0,244,2,64
경기도,가평군,가평읍,관내사전투표,5290,5290,3017,1810,364,59,2,5252,38,0
경기도,가평군,가평읍,가평읍제1투,2821,1781,604,1025,124,12,3,1768,13,1040
경기도,가평군,가평읍,가평읍제2투,1578,1021,359,603,44,6,4,1016,5,557
경기도,가평군,가평읍,가평읍제3투,3353,2205,737,1290,144,18,2,2191,14,1148
경기도,가평군,가평읍,가평읍제4투,1144,717,244,431,30,5,2,712,5,427
경기도,가평군,가평읍,가평읍제5투,794,519,140,349,23,3,1,516,3,275
경기도,가평군,가평읍,가평읍제6투,730,496,161,318,13,2,1,495,1,234
경기도,가평군,가평읍,가평읍제7투,756,517,130,355,23,2,2,512,5,239
경기도,가평군,가평읍,가평읍제8투,523,356,99,249,3,1,2,354,2,167
경기도,가평군,설악면,관내사전투표,2481,2481,1264,1059,123,23,1,2470,11,0
경기도,가평군,설악면,설악면제1투,1573,958,198,717,32,5,0,952,6,615
경기도,가평군,설악면,설악면제2투,740,468,98,347,17,4,0,466,2,272
경기도,가평군,설악면,설악면제3투,851,571,146,400,18,1,1,566,5,280
경기도,가평군,설악면,설악면제4투,520,361,90,252,13,2,0,357,4,159
경기도,가평군,설악면,설악면제5투,1541,919,191,664,59,3,0,917,2,622
경기도,가평군,청평면,관내사전투표,3117,3117,1815,1118,152,15,2,3102,15,0
경기도,가평군,청평면,청평면제1투,2318,1503,445,976,67,12,0,1500,3,815
경기도,가평군,청평면,청평면제2투,1133,792,145,629,14,1,0,789,3,341
경기도,가평군,청평면,청평면제3투,275,175,36,128,11,0,0,175,0,100
경기도,가평군,청평면,청평면제4투,2795,1753,538,1115,73,10,1,1737,16,1042
경기도,가평군,청평면,청평면제5투,347,238,66,166,4,1,0,237,1,109
경기도,가평군,청평면,청평면제6투,659,458,157,273,23,3,0,456,2,201
경기도,가평군,청평면,청평면제7투,348,236,55,175,5,1,0,236,0,112
경기도,가평군,상면,관내사전투표,1229,1229,681,458,73,9,3,1224,5,0
경기도,가평군,상면,상면제1투,984,663,178,455,23,4,0,660,3,321
경기도,가평군,상면,상면제2투,797,487,133,331,19,4,0,487,0,310
경기도,가평군,상면,상면제3투,329,218,43,166,8,0,0,217,1,111
경기도,가평군,상면,상면제4투,675,447,110,312,19,4,1,446,1,228
경기도,가평군,상면,상면제5투,380,256,79,166,9,1,0,255,1,124
경기도,가평군,조종면,관내사전투표,2068,2068,1103,749,153,19,4,2028,40,0
경기도,가평군,조종면,조종면제1투,1384,830,260,509,45,7,0,821,9,554
경기도,가평군,조종면,조종면제2투,975,594,193,346,45,2,1,587,7,381
경기도,가평군,조종면,조종면제3투,951,601,229,299,58,8,0,594,7,350
경기도,가평군,조종면,조종면제4투,926,513,179,288,21,12,2,502,11,413
경기도,가평군,조종면,조종면제5투,431,282,79,185,12,2,0,278,4,149
경기도,가평군,조종면,조종면제6투,455,317,75,223,13,1,0,312,5,138
경기도,가평군,북면,관내사전투표,873,873,434,389,44,0,0,867,6,0
경기도,가평군,북면,북면제1투,809,516,133,358,23,0,0,514,2,293
경기도,가평군,북면,북면제2투,456,305,88,206,8,2,0,304,1,151
경기도,가평군,북면,북면제3투,433,283,90,178,8,7,0,283,0,150
경기도,가평군,북면,북면제4투,307,196,50,135,9,0,0,194,2,111
경기도,화성시갑,거소·선상투표,,601,573,244,168,132,6,2,552,21,28
경기도,화성시갑,관외사전투표,,42291,42282,24627,11001,5812,397,54,41891,391,9
경기도,화성시갑,재외투표,,1710,1418,980,243,160,20,2,1405,13,292
경기도,화성시갑,봉담읍,관내사전투표,13668,13668,9605,2793,1088,94,8,13588,80,0
경기도,화성시갑,봉담읍,봉담읍제1투,2290,1543,568,861,91,10,1,1531,12,747
경기도,화성시갑,봉담읍,봉담읍제2투,1692,968,347,551,60,4,2,964,4,724
경기도,화성시갑,봉담읍,봉담읍제3투,2905,1988,861,889,203,20,3,1976,12,917
경기도,화성시갑,봉담읍,봉담읍제4투,3837,2736,1430,1031,242,17,4,2724,12,1101
경기도,화성시갑,봉담읍,봉담읍제5투,3604,2498,1152,1038,268,25,2,2485,13,1106
경기도,화성시갑,봉담읍,봉담읍제6투,3282,2040,937,890,169,23,4,2023,17,1242
경기도,화성시갑,봉담읍,봉담읍제7투,2142,1468,674,617,151,15,1,1458,10,674
경기도,화성시갑,봉담읍,봉담읍제8투,2674,1766,887,740,104,15,0,1746,20,908
경기도,화성시갑,봉담읍,봉담읍제9투,2776,2151,1226,714,181,18,5,2144,7,625
경기도,화성시갑,봉담읍,봉담읍제10투,4431,3404,1611,1461,291,18,6,3387,17,1027
경기도,화성시갑,봉담읍,봉담읍제11투,2783,1964,916,861,147,19,2,1945,19,819
경기도,화성시갑,봉담읍,봉담읍제12투,2788,2163,1186,758,182,22,3,2151,12,625
경기도,화성시갑,봉담읍,봉담읍제13투,3084,2109,1125,775,165,25,2,2092,17,975
경기도,화성시갑,봉담읍,봉담읍제14투,3705,2872,1646,922,264,24,2,2858,14,833
경기도,화성시갑,봉담읍,봉담읍제15투,4360,2602,1121,1196,237,24,4,2582,20,1758
경기도,화성시갑,봉담읍,봉담읍제16투,2444,1874,938,711,196,15,3,1863,11,570
경기도,화성시갑,봉담읍,봉담읍제17투,3303,2260,1194,787,236,26,1,2244,16,1043
경기도,화성시갑,봉담읍,봉담읍제18투,2247,1663,886,636,121,10,2,1655,8,584
경기도,화성시갑,봉담읍,봉담읍제19투,3862,2774,1415,994,317,25,5,2756,18,1088
경기도,화성시갑,봉담읍,봉담읍제20투,3172,2560,1267,910,328,30,1,2536,24,612
경기도,화성시갑,우정읍,관내사전투표,4872,4872,3181,1282,331,51,4,4849,23,0
경기도,화성시갑,우정읍,우정읍제1투,2636,1540,689,726,96,17,2,1530,10,1096
경기도,화성시갑,우정읍,우정읍제2투,1802,1020,305,670,29,5,2,1011,9,782
경기도,화성시갑,우정읍,우정읍제3투,2288,1303,514,687,79,11,0,1291,12,985
경기도,화성시갑,우정읍,우정읍제4투,961,604,290,251,43,13,2,599,5,357
경기도,화성시갑,우정읍,우정읍제5투,1058,668,230,387,37,3,0,657,11,390
경기도,화성시갑,우정읍,우정읍제6투,914,592,204,346,27,7,1,585,7,322
경기도,화성시갑,향남읍,관내사전투표,12043,12043,8675,2206,974,110,4,11969,74,0
경기도,화성시갑,향남읍,향남읍제1투,2157,1189,487,582,95,9,1,1174,15,968
경기도,화성시갑,향남읍,향남읍제2투,4712,2562,1070,1089,354,26,2,2541,21,2150
경기도,화성시갑,향남읍,향남읍제3투,750,482,153,302,23,3,0,481,1,268
경기도,화성시갑,향남읍,향남읍제4투,1093,639,198,403,29,3,1,634,5,454
경기도,화성시갑,향남읍,향남읍제5투,2305,1523,696,707,95,10,4,1512,11,782
경기도,화성시갑,향남읍,향남읍제6투,3686,2564,1283,1074,163,28,1,2549,15,1122
경기도,화성시갑,향남읍,향남읍제7투,1897,1324,680,552,77,7,2,1318,6,573
경기도,화성시갑,향남읍,향남읍제8투,2530,1820,857,808,127,14,2,1808,12,710
경기도,화성시갑,향남읍,향남읍제9투,2635,1956,1105,667,152,17,0,1941,15,679
경기도,화성시갑,향남읍,향남읍제10투,1972,1472,886,444,115,10,4,1459,13,500
경기도,화성시갑,향남읍,향남읍제11투,2060,1344,732,452,135,14,3,1336,8,716
경기도,화성시갑,향남읍,향남읍제12투,2016,1176,581,504,68,8,3,1164,12,840
경기도,화성시갑,향남읍,향남읍제13투,1572,1235,731,407,82,10,0,1230,5,337
경기도,화성시갑,향남읍,향남읍제14투,2920,2134,1314,630,165,15,1,2125,9,786
경기도,화성시갑,향남읍,향남읍제15투,4273,2937,1555,1128,206,30,4,2923,14,1336
경기도,화성시갑,향남읍,향남읍제16투,3707,2642,1564,825,215,21,1,2626,16,1065
경기도,화성시갑,향남읍,향남읍제17투,3526,2031,1009,802,189,18,1,2019,12,1495
경기도,화성시갑,향남읍,향남읍제18투,3714,2063,1022,798,213,13,2,2048,15,1651
경기도,화성시갑,향남읍,향남읍제19투,1950,1448,735,443,233,22,1,1434,14,502
경기도,화성시갑,남양읍,관내사전투표,11151,11151,7294,2606,1111,74,9,11094,57,0
경기도,화성시갑,남양읍,남양읍제1투,3598,2201,913,1071,184,16,3,2187,14,1397
경기도,화성시갑,남양읍,남양읍제2투,3972,2350,939,1213,163,17,2,2334,16,1622
경기도,화성시갑,남양읍,남양읍제3투,3193,1930,698,1102,103,15,5,1923,7,1263
경기도,화성시갑,남양읍,남양읍제4투,778,524,150,348,17,5,1,521,3,254
경기도,화성시갑,남양읍,남양읍제5투,3972,2144,980,869,257,18,3,2127,17,1828
경기도,화성시갑,남양읍,남양읍제6투,2392,1349,487,685,163,6,0,1341,8,1043
경기도,화성시갑,남양읍,남양읍제7투,4086,3030,1395,1193,392,36,4,3020,10,1056
경기도,화성시갑,남양읍,남양읍제8투,3602,2319,1020,961,300,21,2,2304,15,1283
경기도,화성시갑,남양읍,남양읍제9투,4061,2996,1508,1210,235,25,1,2979,17,1065
경기도,화성시갑,남양읍,남양읍제10투,4039,2932,1441,1171,267,28,6,2913,19,1107
경기도,화성시갑,매송면,관내사전투표,1538,1538,909,500,111,6,1,1527,11,0
경기도,화성시갑,매송면,매송면제1투,1663,1048,360,609,69,5,1,1044,4,615
경기도,화성시갑,매송면,매송면제2투,1140,791,309,418,40,12,3,782,9,349
경기도,화성시갑,매송면,매송면제3투,1223,815,279,470,55,2,1,807,8,408
경기도,화성시갑,비봉면,관내사전투표,2979,2979,1865,844,235,17,1,2962,17,0
경기도,화성시갑,비봉면,비봉면제1투,2839,1793,546,1115,106,10,1,1778,15,1046
경기도,화성시갑,비봉면,비봉면제2투,4447,3124,1437,1243,392,25,4,3101,23,1323
경기도,화성시갑,비봉면,비봉면제3투,518,366,109,240,13,2,0,364,2,152
경기도,화성시갑,마도면,관내사전투표,2461,2461,1555,715,147,20,3,2440,21,0
경기도,화성시갑,마도면,마도면제1투,2564,1436,468,854,89,12,6,1429,7,1128
경기도,화성시갑,마도면,마도면제2투,1411,837,273,525,32,1,1,832,5,574
경기도,화성시갑,송산면,관내사전투표,2769,2769,1596,989,146,17,3,2751,18,0
경기도,화성시갑,송산면,송산면제1투,3679,2052,644,1269,119,14,1,2047,5,1627
경기도,화성시갑,송산면,송산면제2투,1052,714,158,515,32,5,0,710,4,338
경기도,화성시갑,송산면,송산면제3투,1513,978,267,670,30,3,2,972,6,535
경기도,화성시갑,서신면,관내사전투표,2132,2132,1204,782,118,13,2,2119,13,0
경기도,화성시갑,서신면,서신면제1투,1422,809,216,542,40,7,0,805,4,613
경기도,화성시갑,서신면,서신면제2투,1583,919,240,636,34,2,3,915,4,664
경기도,화성시갑,서신면,서신면제3투,1152,684,185,470,20,6,1,682,2,468
경기도,화성시갑,팔탄면,관내사전투표,4344,4344,2813,1228,255,27,4,4327,17,0
경기도,화성시갑,팔탄면,팔탄면제1투,3019,1765,632,1001,106,13,2,1754,11,1254
경기도,화성시갑,팔탄면,팔탄면제2투,1285,801,280,470,43,4,0,797,4,484
경기도,화성시갑,팔탄면,팔탄면제3투,1380,817,267,512,31,2,1,813,4,563
경기도,화성시갑,장안면,관내사전투표,1990,1990,1245,610,121,9,1,1986,4,0
경기도,화성시갑,장안면,장안면제1투,1561,852,290,503,50,5,0,848,4,709
경기도,화성시갑,장안면,장안면제2투,1458,761,253,456,44,5,0,758,3,697
경기도,화성시갑,장안면,장안면제3투,954,583,196,351,29,2,0,578,5,371
경기도,화성시갑,장안면,장안면제4투,626,426,135,272,12,7,0,426,0,200
경기도,화성시갑,장안면,장안면제5투,1399,833,375,404,46,2,0,827,6,566
경기도,화성시갑,양감면,관내사전투표,2425,2425,1561,624,209,16,1,2411,14,0
경기도,화성시갑,양감면,양감면제1투,1237,711,242,423,40,2,0,707,4,526
경기도,화성시갑,양감면,양감면제2투,1084,657,180,434,35,3,0,652,5,427
경기도,화성시갑,정남면,관내사전투표,2763,2763,1739,806,189,12,3,2749,14,0
경기도,화성시갑,정남면,정남면제1투,1946,1174,351,750,68,2,1,1172,2,772
경기도,화성시갑,정남면,정남면제2투,1607,956,259,632,58,0,0,949,7,651
경기도,화성시갑,정남면,정남면제3투,1854,1180,397,700,65,11,2,1175,5,674
경기도,화성시갑,정남면,정남면제4투,1376,925,445,404,67,6,0,922,3,451
경기도,화성시갑,새솔동,관내사전투표,5389,5389,3916,991,414,28,4,5353,36,0
경기도,화성시갑,새솔동,새솔동제1투,2616,1981,1018,756,182,13,3,1972,9,635
경기도,화성시갑,새솔동,새솔동제2투,3817,2783,1373,1132,243,25,2,2775,8,1034
경기도,화성시갑,새솔동,새솔동제3투,3273,2448,1288,901,223,22,0,2434,14,825
경기도,화성시갑,새솔동,새솔동제4투,2640,1900,943,768,161,17,2,1891,9,740
경기도,화성시갑,진안동,관내사전투표,4297,4297,2809,1005,434,27,1,4276,21,0
경기도,화성시갑,진안동,진안동제1투,2901,1581,526,782,227,23,1,1559,22,1320
경기도,화성시갑,진안동,진안동제2투,2670,1564,654,668,208,14,1,1545,19,1106
경기도,화성시갑,진안동,진안동제3투,2039,1642,737,727,156,12,0,1632,10,397
경기도,화성시갑,진안동,진안동제4투,3623,2365,1104,1041,180,30,1,2356,9,1258
경기도,화성시갑,진안동,진안동제5투,3682,2942,1466,1018,393,36,6,2919,23,740
경기도,화성시갑,진안동,진안동제6투,3954,2904,1479,1091,296,21,4,2891,13,1050
경기도,화성시갑,진안동,진안동제7투,2829,1401,463,588,311,13,3,1378,23,1428
경기도,화성시갑,진안동,진안동제8투,3008,2474,1248,897,291,27,1,2464,10,534
경기도,화성시갑,진안동,진안동제9투,4352,3015,1437,1266,278,17,1,2999,16,1337
경기도,화성시갑,병점1동,관내사전투표,6542,6541,4206,1493,741,62,3,6505,36,1
경기도,화성시갑,병점1동,병점1동제1투,2993,2156,1027,871,210,29,2,2139,17,837
경기도,화성시갑,병점1동,병점1동제2투,2247,1557,673,702,156,12,1,1544,13,690
경기도,화성시갑,병점1동,병점1동제3투,3972,2467,816,1165,412,32,0,2425,42,1505
경기도,화성시갑,병점1동,병점1동제4투,3157,2344,1126,981,207,18,2,2334,10,813
경기도,화성시갑,병점1동,병점1동제5투,3118,2102,882,925,240,26,5,2078,24,1016
경기도,화성시갑,병점1동,병점1동제6투,4879,3752,1748,1489,439,40,4,3720,32,1127
경기도,화성시갑,병점2동,관내사전투표,5616,5615,3948,1097,485,52,4,5586,29,1
경기도,화성시갑,병점2동,병점2동제1투,2929,2089,977,883,194,24,0,2078,11,840
경기도,화성시갑,병점2동,병점2동제2투,3287,2519,1197,1065,223,21,1,2507,12,768
경기도,화성시갑,병점2동,병점2동제3투,3035,1953,902,795,196,32,3,1928,25,1082
경기도,화성시갑,병점2동,병점2동제4투,2641,1853,895,769,162,17,3,1846,7,788
경기도,화성시갑,기배동,관내사전투표,6189,6189,4298,1354,473,36,1,6162,27,0
경기도,화성시갑,기배동,기배동제1투,3236,2219,1043,907,233,21,3,2207,12,1017
경기도,화성시갑,기배동,기배동제2투,3294,2320,1160,926,197,17,3,2303,17,974
경기도,화성시갑,기배동,기배동제3투,2098,1468,689,634,121,14,2,1460,8,630
경기도,화성시갑,화산동,관내사전투표,5833,5833,3946,1430,389,40,5,5810,23,0
경기도,화성시갑,화산동,화산동제1투,2612,1629,666,804,141,4,3,1618,11,983
경기도,화성시갑,화산동,화산동제2투,2556,1550,629,761,130,18,2,1540,10,1006
경기도,화성시갑,화산동,화산동제3투,2866,1864,789,906,135,18,1,1849,15,1002
경기도,화성시갑,화산동,화산동제4투,2442,1350,543,667,121,8,0,1339,11,1092
경기도,화성시갑,화산동,화산동제5투,2429,1807,908,725,153,9,2,1797,10,622
경기도,화성시갑,화산동,화산동제6투,3087,2275,1133,845,258,16,3,2255,20,812
경기도,화성시을,거소·선상투표,,330,314,126,80,101,0,1,308,6,16
경기도,화성시을,관외사전투표,,38801,38800,22654,8630,6842,346,35,38507,293,1
경기도,화성시을,재외투표,,2454,2056,1459,302,267,20,1,2049,7,398
경기도,화성시을,반월동,관내사전투표,4994,4994,3302,1119,503,37,1,4962,32,0
경기도,화성시을,반월동,반월동제1투,2365,1738,657,887,164,12,4,1724,14,627
경기도,화성시을,반월동,반월동제2투,3037,2077,809,1020,213,21,0,2063,14,960
경기도,화성시을,반월동,반월동제3투,4101,3200,1380,1400,360,31,0,3171,29,901
경기도,화성시을,반월동,반월동제4투,4420,3554,1903,1202,386,40,1,3532,22,866
경기도,화성시을,반월동,반월동제5투,3781,2865,1307,1199,322,17,2,2847,18,916
경기도,화성시을,반월동,반월동제6투,1182,888,432,361,85,3,0,881,7,294
경기도,화성시을,동탄1동,관내사전투표,9139,9139,5678,1913,1404,81,4,9080,59,0
경기도,화성시을,동탄1동,동탄1동제1투,1894,1451,615,636,167,22,0,1440,11,443
경기도,화성시을,동탄1동,동탄1동제2투,2942,2141,886,909,310,23,2,2130,11,801
경기도,화성시을,동탄1동,동탄1동제3투,2136,1597,676,669,230,11,2,1588,9,539
경기도,화성시을,동탄1동,동탄1동제4투,3034,2470,1159,920,348,23,2,2452,18,564
경기도,화성시을,동탄1동,동탄1동제5투,2182,1731,748,750,194,28,3,1723,8,451
경기도,화성시을,동탄1동,동탄1동제6투,3135,2201,945,854,359,24,2,2184,17,934
경기도,화성시을,동탄1동,동탄1동제7투,2300,1809,768,757,254,15,3,1797,12,491
경기도,화성시을,동탄1동,동탄1동제8투,2842,2237,880,1074,250,21,0,2225,12,605
경기도,화성시을,동탄1동,동탄1동제9투,1970,1571,713,654,181,13,2,1563,8,399
경기도,화성시을,동탄1동,동탄1동제10투,3947,2555,769,1220,516,27,0,2532,23,1392
경기도,화성시을,동탄2동,관내사전투표,7417,7417,5240,1380,687,66,5,7378,39,0
경기도,화성시을,동탄2동,동탄2동제1투,2949,2264,1129,880,227,18,2,2256,8,685
경기도,화성시을,동탄2동,동탄2동제2투,1934,1500,722,594,168,13,0,1497,3,434
경기도,화성시을,동탄2동,동탄2동제3투,2791,2139,1011,848,243,22,2,2126,13,652
경기도,화성시을,동탄2동,동탄2동제4투,2710,2181,1017,928,196,23,1,2165,16,529
경기도,화성시을,동탄2동,동탄2동제5투,2862,1861,808,869,151,18,1,1847,14,1001
경기도,화성시을,동탄2동,동탄2동제6투,3579,2801,1497,966,297,27,3,2790,11,778
경기도,화성시을,동탄3동,관내사전투표,8040,8040,5565,1458,922,54,4,8003,37,0
경기도,화성시을,동탄3동,동탄3동제1투,2891,2115,1033,802,245,18,1,2099,16,776
경기도,화성시을,동탄3동,동탄3동제2투,3206,2209,981,904,280,25,2,2192,17,997
경기도,화성시을,동탄3동,동탄3동제3투,4684,3081,954,1407,649,25,4,3039,42,1603
경기도,화성시을,동탄3동,동탄3동제4투,3296,2479,1201,987,250,19,2,2459,20,817
경기도,화성시을,동탄3동,동탄3동제5투,3704,2860,1465,998,338,40,2,2843,17,844
경기도,화성시을,동탄3동,동탄3동제6투,3169,2528,1300,895,290,25,0,2510,18,641
경기도,화성시을,동탄4동,관내사전투표,9999,9999,6633,1995,1251,76,3,9958,41,0
경기도,화성시을,동탄4동,동탄4동제1투,3367,2722,1273,1030,375,32,2,2712,10,645
경기도,화성시을,동탄4동,동탄4동제2투,2539,1990,922,753,291,18,0,1984,6,549
경기도,화성시을,동탄4동,동탄4동제3투,3389,2783,1170,1195,371,30,1,2767,16,606
경기도,화성시을,동탄4동,동탄4동제4투,2292,1842,862,727,226,20,2,1837,5,450
경기도,화성시을,동탄4동,동탄4동제5투,2369,2019,838,821,326,23,0,2008,11,350
경기도,화성시을,동탄4동,동탄4동제6투,2541,2060,1020,686,316,24,1,2047,13,481
경기도,화성시을,동탄4동,동탄4동제7투,3380,2687,1240,1114,288,27,2,2671,16,693
경기도,화성시을,동탄4동,동탄4동제8투,3342,2511,1099,1010,353,31,1,2494,17,831
경기도,화성시을,동탄4동,동탄4동제9투,2440,1960,839,857,236,16,0,1948,12,480
경기도,화성시을,동탄5동,관내사전투표,8991,8990,5848,1686,1311,74,3,8922,68,1
경기도,화성시을,동탄5동,동탄5동제1투,2749,2062,904,770,352,22,1,2049,13,687
경기도,화성시을,동탄5동,동탄5동제2투,2852,2266,1063,837,320,22,1,2243,23,586
경기도,화성시을,동탄5동,동탄5동제3투,2385,1799,592,848,315,20,1,1776,23,586
경기도,화성시을,동탄5동,동탄5동제4투,3143,2264,996,948,288,19,0,2251,13,879
경기도,화성시을,동탄5동,동탄5동제5투,2908,2201,1089,830,247,22,0,2188,13,707
경기도,화성시을,동탄5동,동탄5동제6투,2418,1633,688,778,143,11,0,1620,13,785
경기도,화성시을,동탄5동,동탄5동제7투,3135,2428,1115,992,275,19,3,2404,24,707
경기도,화성시을,동탄5동,동탄5동제8투,3531,2629,1213,1078,298,22,1,2612,17,902
경기도,화성시을,동탄5동,동탄5동제9투,2484,1567,548,695,295,14,2,1554,13,917
경기도,화성시을,동탄6동,관내사전투표,6627,6627,4277,1292,969,50,5,6593,34,0
경기도,화성시을,동탄6동,동탄6동제1투,4143,2813,1077,1182,513,26,1,2799,14,1330
경기도,화성시을,동탄6동,동탄6동제2투,3452,2223,763,1069,357,17,2,2208,15,1229
경기도,화성시을,동탄6동,동탄6동제3투,2911,2256,1019,904,300,20,1,2244,12,655
경기도,화성시을,동탄6동,동탄6동제4투,4414,3412,1325,1408,623,35,5,3396,16,1002
경기도,화성시을,동탄6동,동탄6동제5투,3954,3005,1362,1255,338,30,2,2987,18,949
경기도,화성시을,동탄6동,동탄6동제6투,4633,3323,1170,1503,593,25,6,3297,26,1310
경기도,화성시을,동탄7동,관내사전투표,8835,8835,5823,1856,1052,63,2,8796,39,0
경기도,화성시을,동탄7동,동탄7동제1투,3300,2591,1229,954,371,25,0,2579,12,709
경기도,화성시을,동탄7동,동탄7동제2투,2722,1899,734,865,268,22,2,1891,8,823
경기도,화성시을,동탄7동,동탄7동제3투,2410,1963,940,721,273,20,0,1954,9,447
경기도,화성시을,동탄7동,동탄7동제4투,3741,2483,991,1121,333,26,2,2473,10,1258
경기도,화성시을,동탄7동,동탄7동제5투,4774,3619,1502,1546,532,20,4,3604,15,1155
경기도,화성시을,동탄7동,동탄7동제6투,4151,3134,1460,1265,369,22,2,3118,16,1017
경기도,화성시을,동탄7동,동탄7동제7투,4093,2888,1410,1106,329,29,2,2876,12,1205
경기도,화성시을,동탄7동,동탄7동제8투,3521,2337,980,915,400,19,1,2315,22,1184
경기도,화성시을,동탄8동,관내사전투표,6776,6776,4616,1225,849,50,6,6746,30,0
경기도,화성시을,동탄8동,동탄8동제1투,3553,2718,1388,843,422,33,4,2690,28,835
경기도,화성시을,동탄8동,동탄8동제2투,3045,2253,1077,781,347,27,2,2234,19,792
경기도,화성시을,동탄8동,동탄8동제3투,4091,3168,1435,1225,459,24,1,3144,24,923
경기도,화성시을,동탄8동,동탄8동제4투,2504,1825,741,803,252,16,3,1815,10,679
경기도,화성시을,동탄8동,동탄8동제5투,2153,1578,733,622,199,17,0,1571,7,575
경기도,화성시을,동탄8동,동탄8동제6투,2664,2094,949,866,236,24,1,2076,18,570
경기도,화성시을,동탄9동,관내사전투표,6563,6563,4377,1200,910,48,1,6536,27,0
경기도,화성시을,동탄9동,동탄9동제1투,2656,2115,1050,784,250,18,2,2104,11,541
경기도,화성시을,동탄9동,동탄9동제2투,3700,2886,1373,1061,403,36,0,2873,13,814
경기도,화성시을,동탄9동,동탄9동제3투,3306,2526,1194,931,373,17,1,2516,10,780
경기도,화성시을,동탄9동,동탄9동제4투,3061,2355,1264,799,255,20,3,2341,14,706
경기도,화성시을,동탄9동,동탄9동제5투,3452,2736,1309,1041,349,20,0,2719,17,716
경기도,화성시을,동탄9동,동탄9동제6투,3346,2213,804,922,441,26,2,2195,18,1133
경기도,화성시을,동탄9동,동탄9동제7투,4496,3404,1441,1219,680,31,3,3374,30,1092
경기도,부천시원미구,거소·선상투표,,501,465,200,151,99,3,2,455,10,36
경기도,부천시원미구,관외사전투표,,32590,32581,20231,7452,4156,406,40,32285,296,9
경기도,부천시원미구,재외투표,,1933,1573,1101,274,164,23,0,1562,11,360
경기도,부천시원미구,심곡1동,관내사전투표,2820,2820,1989,595,188,22,3,2797,23,0
경기도,부천시원미구,심곡1동,심곡1동제1투,2731,1651,719,789,114,16,3,1641,10,1080
경기도,부천시원미구,심곡1동,심곡1동제2투,2189,1490,711,638,119,12,1,1481,9,699
경기도,부천시원미구,심곡1동,심곡1동제3투,2302,1225,498,598,116,12,0,1224,1,1077
경기도,부천시원미구,심곡2동,관내사전투표,3969,3968,2765,922,223,29,1,3940,28,1
경기도,부천시원미구,심곡2동,심곡2동제1투,3195,1757,778,798,146,17,4,1743,14,1438
경기도,부천시원미구,심곡2동,심곡2동제2투,3833,2189,999,925,217,20,2,2163,26,1644
경기도,부천시원미구,심곡2동,심곡2동제3투,4288,2260,1018,969,229,21,4,2241,19,2028
경기도,부천시원미구,심곡3동,관내사전투표,2215,2215,1524,509,143,23,1,2200,15,0
경기도,부천시원미구,심곡3동,심곡3동제1투,2246,1402,616,675,96,4,2,1393,9,844
경기도,부천시원미구,심곡3동,심곡3동제2투,1761,1054,461,485,82,10,3,1041,13,707
경기도,부천시원미구,심곡3동,심곡3동제3투,2502,1708,763,779,133,18,0,1693,15,794
경기도,부천시원미구,원미1동,관내사전투표,4391,4391,3077,1000,248,36,2,4363,28,0
경기도,부천시원미구,원미1동,원미1동제1투,2650,1605,702,773,104,10,3,1592,13,1045
경기도,부천시원미구,원미1동,원미1동제2투,3294,2050,985,869,150,22,7,2033,17,1244
경기도,부천시원미구,원미1동,원미1동제3투,2006,1593,757,714,102,12,0,1585,8,413
경기도,부천시원미구,원미1동,원미1동제4투,1810,1163,523,537,80,13,3,1156,7,647
경기도,부천시원미구,원미2동,관내사전투표,2547,2547,1707,713,89,20,1,2530,17,0
경기도,부천시원미구,원미2동,원미2동제1투,2169,1336,556,666,88,12,0,1322,14,833
경기도,부천시원미구,원미2동,원미2동제2투,2769,1977,900,908,135,17,2,1962,15,792
경기도,부천시원미구,원미2동,원미2동제3투,1820,1118,482,557,62,10,0,1111,7,702
경기도,부천시원미구,소사동,관내사전투표,1348,1347,853,367,93,23,1,1337,10,1
경기도,부천시원미구,소사동,소사동제1투,2260,1413,563,730,91,15,1,1400,13,847
경기도,부천시원미구,소사동,소사동제2투,1295,843,371,399,62,4,0,836,7,452
경기도,부천시원미구,역곡1동,관내사전투표,4125,4125,2861,970,234,39,2,4106,19,0
경기도,부천시원미구,역곡1동,역곡1동제1투,2809,1886,804,895,152,17,1,1869,17,923
경기도,부천시원미구,역곡1동,역곡1동제2투,2514,1762,744,866,124,17,2,1753,9,752
경기도,부천시원미구,역곡1동,역곡1동제3투,1667,1182,532,556,74,14,2,1178,4,485
경기도,부천시원미구,역곡1동,역곡1동제4투,1897,1426,704,593,101,17,1,1416,10,471
경기도,부천시원미구,역곡2동,관내사전투표,4403,4403,2926,1063,341,38,6,4374,29,0
경기도,부천시원미구,역곡2동,역곡2동제1투,2935,1964,804,916,190,29,3,1942,22,971
경기도,부천시원미구,역곡2동,역곡2동제2투,3468,2432,1095,1071,198,41,6,2411,21,1036
경기도,부천시원미구,역곡2동,역곡2동제3투,2583,1636,719,739,137,22,2,1619,17,947
경기도,부천시원미구,춘의동,관내사전투표,3272,3272,2231,722,259,32,2,3246,26,0
경기도,부천시원미구,춘의동,춘의동제1투,2602,1759,793,798,128,20,3,1742,17,843
경기도,부천시원미구,춘의동,춘의동제2투,2314,1478,662,687,94,6,5,1454,24,836
경기도,부천시원미구,춘의동,춘의동제3투,3426,2342,1097,1003,194,19,3,2316,26,1084
경기도,부천시원미구,도당동,관내사전투표,3105,3105,2228,640,195,26,1,3090,15,0
경기도,부천시원미구,도당동,도당동제1투,2132,1380,698,553,96,14,2,1363,17,752
경기도,부천시원미구,도당동,도당동제2투,2517,1739,849,729,134,13,3,1728,11,778
경기도,부천시원미구,도당동,도당동제3투,2674,1833,906,742,151,20,3,1822,11,841
경기도,부천시원미구,도당동,도당동제4투,2102,1385,624,662,77,10,3,1376,9,717
경기도,부천시원미구,도당동,도당동제5투,1393,844,380,388,60,9,1,838,6,549
경기도,부천시원미구,도당동,도당동제6투,1779,1213,583,505,102,13,1,1204,9,566
경기도,부천시원미구,약대동,관내사전투표,4155,4155,2864,952,283,33,3,4135,20,0
경기도,부천시원미구,약대동,약대동제1투,3013,2035,865,972,154,26,3,2020,15,978
경기도,부천시원미구,약대동,약대동제2투,3074,2148,935,973,198,14,2,2122,26,926
경기도,부천시원미구,약대동,약대동제3투,3067,2251,964,1050,193,26,1,2234,17,816
경기도,부천시원미구,중동,관내사전투표,3562,3562,2335,948,227,35,1,3546,16,0
경기도,부천시원미구,중동,중동제1투,2200,1324,528,683,90,13,2,1316,8,876
경기도,부천시원미구,중동,중동제2투,2648,2029,841,971,173,24,1,2010,19,619
경기도,부천시원미구,중동,중동제3투,2541,1670,738,776,135,8,0,1657,13,871
경기도,부천시원미구,중동,중동제4투,1973,1316,564,603,130,12,1,1310,6,657
경기도,부천시원미구,중동,중동제5투,2794,2110,821,1083,181,15,0,2100,10,684
경기도,부천시원미구,중1동,관내사전투표,7142,7141,4856,1636,559,49,3,7103,38,1
경기도,부천시원미구,중1동,중1동제1투,2615,1782,744,858,148,23,0,1773,9,833
경기도,부천시원미구,중1동,중1동제2투,2330,1803,779,823,177,15,1,1795,8,527
경기도,부천시원미구,중1동,중1동제3투,3299,1818,707,878,189,29,2,1805,13,1481
경기도,부천시원미구,중1동,중1동제4투,3096,2368,951,1134,249,23,0,2357,11,728
경기도,부천시원미구,중1동,중1동제5투,3150,2054,832,975,203,17,5,2032,22,1096
경기도,부천시원미구,중1동,중1동제6투,2072,1650,675,819,130,14,1,1639,11,422
경기도,부천시원미구,중1동,중1동제7투,3191,2043,890,887,225,28,3,2033,10,1148
경기도,부천시원미구,중1동,중1동제8투,3006,2383,1091,1054,191,30,0,2366,17,623
경기도,부천시원미구,중2동,관내사전투표,2904,2904,1929,749,188,15,2,2883,21,0
경기도,부천시원미구,중2동,중2동제1투,2522,1708,629,929,117,14,1,1690,18,814
경기도,부천시원미구,중2동,중2동제2투,1696,1254,405,723,101,17,1,1247,7,442
경기도,부천시원미구,중2동,중2동제3투,2733,1837,695,959,153,20,1,1828,9,896
경기도,부천시원미구,중2동,중2동제4투,2564,2008,863,970,145,18,1,1997,11,556
경기도,부천시원미구,중2동,중2동제5투,2692,1990,787,1014,150,25,3,1979,11,702
경기도,부천시원미구,중2동,중2동제6투,2372,1816,705,948,124,18,0,1795,21,556
경기도,부천시원미구,중2동,중2동제7투,2010,1527,545,849,109,12,1,1516,11,483
경기도,부천시원미구,중3동,관내사전투표,5414,5414,3552,1293,477,54,4,5380,34,0
경기도,부천시원미구,중3동,중3동제1투,3017,2154,895,1022,203,23,3,2146,8,863
경기도,부천시원미구,중3동,중3동제2투,3115,2341,845,1258,196,21,2,2322,19,774
경기도,부천시원미구,중3동,중3동제3투,2350,1675,745,753,136,22,2,1658,17,675
경기도,부천시원미구,중3동,중3동제4투,2803,2175,1041,929,169,24,2,2165,10,628
경기도,부천시원미구,중3동,중3동제5투,1571,968,443,450,54,12,3,962,6,603
경기도,부천시원미구,중4동,관내사전투표,7319,7319,4847,1626,695,91,6,7265,54,0
경기도,부천시원미구,중4동,중4동제1투,3095,2352,886,1262,169,20,0,2337,15,743
경기도,부천시원미구,중4동,중4동제2투,2086,1392,568,693,100,16,0,1377,15,694
경기도,부천시원미구,중4동,중4동제3투,2409,1588,657,730,171,15,2,1575,13,821
경기도,부천시원미구,중4동,중4동제4투,2153,1636,740,702,159,25,2,1628,8,517
경기도,부천시원미구,상동,관내사전투표,4458,4458,2940,1158,295,30,5,4428,30,0
경기도,부천시원미구,상동,상동제1투,2386,1781,568,1050,136,22,0,1776,5,605
경기도,부천시원미구,상동,상동제2투,3425,2348,903,1185,213,24,0,2325,23,1077
경기도,부천시원미구,상동,상동제3투,2188,1494,670,681,116,15,1,1483,11,694
경기도,부천시원미구,상동,상동제4투,2461,1626,716,753,131,12,2,1614,12,835
경기도,부천시원미구,상1동,관내사전투표,6454,6454,4416,1402,527,65,2,6412,42,0
경기도,부천시원미구,상1동,상1동제1투,2669,2028,895,896,199,26,1,2017,11,641
경기도,부천시원미구,상1동,상1동제2투,3955,2692,1206,1152,268,36,1,2663,29,1263
경기도,부천시원미구,상1동,상1동제3투,2524,1943,849,886,164,33,0,1932,11,581
경기도,부천시원미구,상1동,상1동제4투,3103,2335,1027,1087,185,18,2,2319,16,768
경기도,부천시원미구,상2동,관내사전투표,6712,6712,4625,1462,511,68,2,6668,44,0
경기도,부천시원미구,상2동,상2동제1투,1678,1155,491,543,97,13,2,1146,9,523
경기도,부천시원미구,상2동,상2동제2투,2978,2272,924,1105,208,24,3,2264,8,706
경기도,부천시원미구,상2동,상2동제3투,3472,2462,1083,1125,213,29,1,2451,11,1010
경기도,부천시원미구,상2동,상2동제4투,2804,2258,990,1032,202,21,1,2246,12,546
경기도,부천시원미구,상2동,상2동제5투,3116,2327,1092,938,238,31,1,2300,27,789
경기도,부천시원미구,상3동,관내사전투표,7062,7062,4785,1576,609,57,4,7031,31,0
경기도,부천시원미구,상3동,상3동제1투,3284,2235,929,1045,214,25,2,2215,20,1049
경기도,부천시원미구,상3동,상3동제2투,2985,2228,947,1031,214,16,1,2209,19,757
경기도,부천시원미구,상3동,상3동제3투,2947,2199,788,1160,217,23,1,2189,10,748
경기도,부천시원미구,상3동,상3동제4투,3038,2371,934,1191,201,30,3,2359,12,667
경기도,부천시원미구,상3동,상3동제5투,3085,2395,1122,1014,215,24,2,2377,18,690
경기도,부천시소사구,거소·선상투표,,293,260,108,76,44,1,3,232,28,33
경기도,부천시소사구,관외사전투표,,23091,23086,14978,5163,2470,268,13,22892,194,5
경기도,부천시소사구,재외투표,,1127,925,660,173,70,18,0,921,4,202
경기도,부천시소사구,심곡본1동,관내사전투표,4586,4586,3017,1272,242,30,2,4563,23,0
경기도,부천시소사구,심곡본1동,심곡본1동제1투,2611,1402,574,703,98,14,2,1391,11,1209
경기도,부천시소사구,심곡본1동,심곡본1동제2투,2406,1574,671,762,114,12,3,1562,12,832
경기도,부천시소사구,심곡본1동,심곡본1동제3투,2257,1363,569,669,96,16,0,1350,13,894
경기도,부천시소사구,심곡본1동,심곡본1동제4투,2118,1393,585,691,96,12,2,1386,7,725
경기도,부천시소사구,심곡본동,관내사전투표,2406,2406,1579,663,134,16,1,2393,13,0
경기도,부천시소사구,심곡본동,심곡본동제1투,2197,1372,564,689,95,9,2,1359,13,825
경기도,부천시소사구,심곡본동,심곡본동제2투,2034,1239,465,653,100,12,4,1234,5,795
경기도,부천시소사구,심곡본동,심곡본동제3투,2021,1203,480,604,95,14,0,1193,10,818
경기도,부천시소사구,심곡본동,심곡본동제4투,2419,1746,681,912,112,24,1,1730,16,673
경기도,부천시소사구,소사본동,관내사전투표,4298,4298,2858,1156,210,39,4,4267,31,0
경기도,부천시소사구,소사본동,소사본동제1투,2264,1431,520,807,81,9,2,1419,12,833
경기도,부천시소사구,소사본동,소사본동제2투,1770,1095,433,581,65,7,1,1087,8,675
경기도,부천시소사구,소사본동,소사본동제3투,2321,1529,687,717,96,14,1,1515,14,792
경기도,부천시소사구,소사본동,소사본동제4투,3369,2222,970,995,207,25,1,2198,24,1147
경기도,부천시소사구,소사본동,소사본동제5투,1792,1182,499,578,88,13,1,1179,3,610
경기도,부천시소사구,소사본동,소사본동제6투,3094,2206,991,1009,163,23,2,2188,18,888
경기도,부천시소사구,소사본1동,관내사전투표,5873,5873,3840,1621,352,38,6,5857,16,0
경기도,부천시소사구,소사본1동,소사본1동제1투,2431,1594,623,832,109,16,3,1583,11,837
경기도,부천시소사구,소사본1동,소사본1동제2투,3149,2424,1128,1071,175,34,0,2408,16,725
경기도,부천시소사구,소사본1동,소사본1동제3투,3067,2215,953,1048,172,22,1,2196,19,852
경기도,부천시소사구,소사본1동,소사본1동제4투,2816,1898,781,978,109,13,5,1886,12,918
경기도,부천시소사구,소사본1동,소사본1동제5투,2185,1719,757,802,127,16,1,1703,16,466
경기도,부천시소사구,소사본1동,소사본1동제6투,2228,1782,721,937,99,18,0,1775,7,446
경기도,부천시소사구,범박동,관내사전투표,6020,6020,4191,1326,426,40,5,5988,32,0
경기도,부천시소사구,범박동,범박동제1투,3043,2227,1080,930,182,20,1,2213,14,816
경기도,부천시소사구,범박동,범박동제2투,2152,1639,678,805,135,14,1,1633,6,513
경기도,부천시소사구,범박동,범박동제3투,2228,1745,772,834,109,18,1,1734,11,483
경기도,부천시소사구,범박동,범박동제4투,2441,1906,775,948,151,20,2,1896,10,535
경기도,부천시소사구,범박동,범박동제5투,3721,2724,1284,1120,266,35,1,2706,18,997
경기도,부천시소사구,옥길동,관내사전투표,5660,5660,4144,1035,389,46,9,5623,37,0
경기도,부천시소사구,옥길동,옥길동제1투,3191,2292,945,1129,184,17,2,2277,15,899
경기도,부천시소사구,옥길동,옥길동제2투,2480,2108,1117,796,152,30,0,2095,13,372
경기도,부천시소사구,옥길동,옥길동제3투,2827,2214,1169,820,189,25,0,2203,11,613
경기도,부천시소사구,옥길동,옥길동제4투,2175,1716,903,639,145,20,1,1708,8,459
경기도,부천시소사구,옥길동,옥길동제5투,2382,1877,1078,647,106,30,0,1861,16,505
경기도,부천시소사구,옥길동,옥길동제6투,1723,1280,608,557,88,17,0,1270,10,443
경기도,부천시소사구,괴안동,관내사전투표,4461,4461,2982,1134,274,42,10,4442,19,0
경기도,부천시소사구,괴안동,괴안동제1투,2074,1196,479,613,79,8,3,1182,14,878
경기도,부천시소사구,괴안동,괴안동제2투,2041,1328,529,670,99,15,1,1314,14,713
경기도,부천시소사구,괴안동,괴안동제3투,1740,1146,486,547,85,10,1,1129,17,594
경기도,부천시소사구,괴안동,괴안동제4투,1712,1077,482,494,83,10,0,1069,8,635
경기도,부천시소사구,괴안동,괴안동제5투,2268,1637,658,805,137,19,3,1622,15,631
경기도,부천시소사구,역곡3동,관내사전투표,5283,5283,3551,1334,309,51,2,5247,36,0
경기도,부천시소사구,역곡3동,역곡3동제1투,2112,1396,603,650,119,11,2,1385,11,716
경기도,부천시소사구,역곡3동,역곡3동제2투,1910,1308,614,570,98,15,1,1298,10,602
경기도,부천시소사구,역곡3동,역곡3동제3투,1987,1410,683,608,92,9,1,1393,17,577
경기도,부천시소사구,역곡3동,역곡3동제4투,2200,1458,686,641,100,15,1,1443,15,742
경기도,부천시소사구,역곡3동,역곡3동제5투,2061,1579,732,657,154,22,1,1566,13,482
경기도,부천시소사구,역곡3동,역곡3동제6투,2785,1955,920,884,122,18,0,1944,11,830
경기도,부천시소사구,송내1동,관내사전투표,3372,3372,2338,800,191,26,4,3359,13,0
경기도,부천시소사구,송내1동,송내1동제1투,2023,1385,541,714,102,17,4,1378,7,638
경기도,부천시소사구,송내1동,송내1동제2투,1960,1249,505,616,102,12,1,1236,13,711
경기도,부천시소사구,송내1동,송내1동제3투,1761,1372,592,668,93,12,0,1365,7,389
경기도,부천시소사구,송내1동,송내1동제4투,1817,1456,623,690,114,17,4,1448,8,361
경기도,부천시소사구,송내1동,송내1동제5투,1595,1160,464,595,71,24,2,1156,4,435
경기도,부천시소사구,송내1동,송내1동제6투,2431,1824,801,855,140,21,0,1817,7,607
경기도,부천시소사구,송내2동,관내사전투표,5202,5202,3502,1257,358,51,5,5173,29,0
경기도,부천시소사구,송내2동,송내2동제1투,2082,1452,620,707,105,15,0,1447,5,630
경기도,부천시소사구,송내2동,송내2동제2투,2130,1400,608,651,107,20,3,1389,11,730
경기도,부천시소사구,송내2동,송내2동제3투,2961,2089,942,946,162,29,1,2080,9,872
경기도,부천시소사구,송내2동,송내2동제4투,2718,1923,830,933,117,30,4,1914,9,795
경기도,부천시소사구,송내2동,송내2동제5투,2277,1531,620,769,108,21,1,1519,12,746
경기도,부천시소사구,송내2동,송내2동제6투,1787,1493,733,606,127,14,0,1480,13,294
충청북도,청주시상당구,거소·선상투표,,279,264,98,89,59,3,2,251,13,15
충청북도,청주시상당구,관외사전투표,,16629,16624,9804,4232,2197,208,22,16463,161,5
충청북도,청주시상당구,재외투표,,585,478,338,89,43,6,0,476,2,107
충청북도,청주시상당구,낭성면,관내사전투표,743,743,366,318,29,9,1,723,20,0
충청북도,청주시상당구,낭성면,낭성면투표소,1205,819,156,623,29,6,0,814,5,386
충청북도,청주시상당구,미원면,관내사전투표,1458,1458,701,658,72,14,1,1446,12,0
충청북도,청주시상당구,미원면,미원면제1투,896,477,137,320,15,1,2,475,2,419
충청북도,청주시상당구,미원면,미원면제2투,1149,659,190,441,16,7,0,654,5,490
충청북도,청주시상당구,미원면,미원면제3투,523,375,87,266,12,3,1,369,6,148
충청북도,청주시상당구,가덕면,관내사전투표,1102,1102,570,434,67,12,3,1086,16,0
충청북도,청주시상당구,가덕면,가덕면제1투,1467,984,288,634,45,9,1,977,7,483
충청북도,청주시상당구,가덕면,가덕면제2투,720,452,144,280,18,5,1,448,4,268
충청북도,청주시상당구,남일면,관내사전투표,2084,2083,1208,719,125,21,0,2073,10,1
충청북도,청주시상당구,남일면,남일면제1투,1678,1066,307,695,46,14,1,1063,3,612
충청북도,청주시상당구,남일면,남일면제2투,1965,1254,380,784,74,8,1,1247,7,711
충청북도,청주시상당구,문의면,관내사전투표,965,965,514,380,51,8,2,955,10,0
충청북도,청주시상당구,문의면,문의면제1투,1546,970,255,653,42,9,3,962,8,576
충청북도,청주시상당구,문의면,문의면제2투,553,371,106,249,11,2,1,369,2,182
충청북도,청주시상당구,중앙동,관내사전투표,1752,1752,1026,515,180,16,1,1738,14,0
충청북도,청주시상당구,중앙동,중앙동제1투,2221,1448,429,867,123,18,0,1437,11,773
충청북도,청주시상당구,중앙동,중앙동제2투,1585,1016,296,636,67,7,2,1008,8,569
충청북도,청주시상당구,성안동,관내사전투표,2070,2070,1190,699,151,21,0,2061,9,0
충청북도,청주시상당구,성안동,성안동제1투,2301,1398,380,881,110,15,2,1388,10,903
충청북도,청주시상당구,성안동,성안동제2투,1700,1031,268,704,45,8,1,1026,5,669
충청북도,청주시상당구,탑·대성동,관내사전투표,1869,1869,1041,687,109,21,1,1859,10,0
충청북도,청주시상당구,탑·대성동,탑·대성동제1투,1858,1154,296,782,62,6,1,1147,7,704
충청북도,청주시상당구,탑·대성동,탑·대성동제2투,2414,1746,591,960,167,17,1,1736,10,668
충청북도,청주시상당구,탑·대성동,탑·대성동제3투,2118,1324,454,752,96,12,0,1314,10,794
충청북도,청주시상당구,영운동,관내사전투표,2461,2461,1443,829,140,30,4,2446,15,0
충청북도,청주시상당구,영운동,영운동제1투,1857,1142,350,713,64,7,1,1135,7,715
충청북도,청주시상당구,영운동,영운동제2투,2355,1461,565,783,87,13,1,1449,12,894
충청북도,청주시상당구,영운동,영운동제3투,1854,1203,445,662,79,6,3,1195,8,651
충청북도,청주시상당구,금천동,관내사전투표,5192,5191,3189,1609,317,44,2,5161,30,1
충청북도,청주시상당구,금천동,금천동제1투,2223,1416,463,819,110,15,1,1408,8,807
충청북도,청주시상당구,금천동,금천동제2투,3444,2070,719,1175,134,18,7,2053,17,1374
충청북도,청주시상당구,금천동,금천동제3투,2839,2070,893,991,148,23,3,2058,12,769
충청북도,청주시상당구,금천동,금천동제4투,1914,1266,451,707,98,7,1,1264,2,648
충청북도,청주시상당구,금천동,금천동제5투,2944,2061,928,903,186,27,2,2046,15,883
충청북도,청주시상당구,금천동,금천동제6투,2069,1479,691,641,127,14,1,1474,5,590
충청북도,청주시상당구,금천동,금천동제7투,2057,1602,774,672,122,23,0,1591,11,455
충청북도,청주시상당구,용담·명암·산성동,관내사전투표,3086,3086,2110,746,186,25,4,3071,15,0
충청북도,청주시상당구,용담·명암·산성동,용담·명암·산성동제1투,1626,956,296,589,54,7,2,948,8,670
충청북도,청주시상당구,용담·명암·산성동,용담·명암·산성동제2투,1989,1477,606,714,127,20,4,1471,6,512
충청북도,청주시상당구,용담·명암·산성동,용담·명암·산성동제3투,2843,2115,1034,859,169,31,3,2096,19,728
충청북도,청주시상당구,용암제1동,관내사전투표,7140,7140,4561,1972,497,58,3,7091,49,0
충청북도,청주시상당구,용암제1동,용암제1동제1투,2401,1492,497,850,116,14,3,1480,12,909
충청북도,청주시상당구,용암제1동,용암제1동제2투,1935,1245,476,658,88,17,1,1240,5,690
충청북도,청주시상당구,용암제1동,용암제1동제3투,2127,1428,538,733,115,33,1,1420,8,699
충청북도,청주시상당구,용암제1동,용암제1동제4투,1891,1147,478,564,86,13,0,1141,6,744
충청북도,청주시상당구,용암제1동,용암제1동제5투,2472,1682,713,832,107,8,3,1663,19,790
충청북도,청주시상당구,용암제1동,용암제1동제6투,3141,2061,947,913,154,30,3,2047,14,1080
충청북도,청주시상당구,용암제1동,용암제1동제7투,2494,1678,742,764,140,18,3,1667,11,816
충청북도,청주시상당구,용암제1동,용암제1동제8투,2713,1493,584,747,134,18,1,1484,9,1220
충청북도,청주시상당구,용암제1동,용암제1동제9투,3448,2462,1113,1108,207,21,1,2450,12,986
충청북도,청주시상당구,용암제1동,용암제1동제10투,4099,2996,1504,1155,274,42,0,2975,21,1103
충청북도,청주시상당구,용암제1동,용암제1동제11투,3515,2595,1346,1008,195,26,4,2579,16,920
충청북도,청주시상당구,용암제1동,용암제1동제12투,2967,2080,1028,826,198,19,1,2072,8,887
충청북도,청주시상당구,용암제2동,관내사전투표,5973,5973,4044,1346,502,52,1,5945,28,0
충청북도,청주시상당구,용암제2동,용암제2동제1투,2044,1253,518,619,87,18,0,1242,11,791
충청북도,청주시상당구,용암제2동,용암제2동제2투,2885,2068,869,978,185,22,1,2055,13,817
충청북도,청주시상당구,용암제2동,용암제2동제3투,2819,2176,970,1008,147,30,4,2159,17,643
충청북도,청주시상당구,용암제2동,용암제2동제4투,2737,1844,823,848,141,15,2,1829,15,893
충청북도,청주시상당구,용암제2동,용암제2동제5투,2561,2031,981,813,202,23,0,2019,12,530
충청북도,청주시상당구,용암제2동,용암제2동제6투,2982,2289,1056,951,248,17,1,2273,16,693
충청북도,청주시상당구,용암제2동,용암제2동제7투,2663,1713,718,795,168,24,1,1706,7,950
충청북도,청주시상당구,용암제2동,용암제2동제8투,4390,3016,1429,1202,327,32,5,2995,21,1374
충청북도,청주시상당구,용암제2동,용암제2동제9투,1712,1263,581,533,121,14,3,1252,11,449
충청북도,청주시흥덕구,거소·선상투표,,309,296,135,95,56,4,0,290,6,13
충청북도,청주시흥덕구,관외사전투표,,22551,22551,12735,5864,3384,269,30,22282,269,0
충청북도,청주시흥덕구,재외투표,,960,763,543,121,82,13,0,759,4,197
충청북도,청주시흥덕구,오송읍,관내사전투표,6415,6415,4110,1511,666,63,6,6356,59,0
충청북도,청주시흥덕구,오송읍,오송읍제1투,2000,1198,424,698,51,9,2,1184,14,802
충청북도,청주시흥덕구,오송읍,오송읍제2투,4125,2924,1233,1239,401,27,5,2905,19,1201
충청북도,청주시흥덕구,오송읍,오송읍제3투,2147,1389,515,721,122,17,0,1375,14,758
충청북도,청주시흥덕구,오송읍,오송읍제4투,1868,1389,719,544,102,10,4,1379,10,479
충청북도,청주시흥덕구,오송읍,오송읍제5투,2078,1642,837,645,134,17,2,1635,7,436
충청북도,청주시흥덕구,오송읍,오송읍제6투,2502,1903,918,706,225,29,1,1879,24,599
충청북도,청주시흥덕구,오송읍,오송읍제7투,2401,1612,665,756,167,18,0,1606,6,789
충청북도,청주시흥덕구,오송읍,오송읍제8투,3492,2534,1108,981,397,18,5,2509,25,958
충청북도,청주시흥덕구,오송읍,오송읍제9투,3877,2972,1384,1181,353,33,5,2956,16,905
충청북도,청주시흥덕구,강내면,관내사전투표,3636,3636,2226,981,348,40,8,3603,33,0
충청북도,청주시흥덕구,강내면,강내면제1투,2002,1268,464,660,113,19,2,1258,10,734
충청북도,청주시흥덕구,강내면,강내면제2투,1093,705,253,411,31,4,0,699,6,388
충청북도,청주시흥덕구,강내면,강내면제3투,2526,1660,643,846,138,23,2,1652,8,866
충청북도,청주시흥덕구,옥산면,관내사전투표,3509,3509,2296,911,251,20,4,3482,27,0
충청북도,청주시흥덕구,옥산면,옥산면제1투,1341,801,288,461,44,6,0,799,2,540
충청북도,청주시흥덕구,옥산면,옥산면제2투,2908,1740,676,937,84,19,4,1720,20,1168
충청북도,청주시흥덕구,옥산면,옥산면제3투,2077,1478,693,618,128,30,0,1469,9,599
충청북도,청주시흥덕구,옥산면,옥산면제4투,3617,2651,1289,1070,247,25,4,2635,16,966
충청북도,청주시흥덕구,운천·신봉동,관내사전투표,2176,2176,1401,610,128,18,1,2158,18,0
충청북도,청주시흥덕구,운천·신봉동,운천·신봉동제1투,1680,1052,352,620,64,9,0,1045,7,628
충청북도,청주시흥덕구,운천·신봉동,운천·신봉동제2투,2759,1859,755,932,140,23,1,1851,8,900
충청북도,청주시흥덕구,운천·신봉동,운천·신봉동제3투,2037,1319,443,761,90,12,0,1306,13,718
충청북도,청주시흥덕구,운천·신봉동,운천·신봉동제4투,2605,1848,780,922,112,17,2,1833,15,757
충청북도,청주시흥덕구,복대제1동,관내사전투표,8831,8831,5642,2087,940,94,11,8774,57,0
충청북도,청주시흥덕구,복대제1동,복대제1동제1투,2201,1273,521,588,138,16,0,1263,10,928
충청북도,청주시흥덕구,복대제1동,복대제1동제2투,2075,1489,671,672,118,17,0,1478,11,586
충청북도,청주시흥덕구,복대제1동,복대제1동제3투,2714,1714,709,785,186,21,0,1701,13,1000
충청북도,청주시흥덕구,복대제1동,복대제1동제4투,1212,698,248,374,56,11,0,689,9,514
충청북도,청주시흥덕구,복대제1동,복대제1동제5투,2630,1651,671,786,166,13,4,1640,11,979
충청북도,청주시흥덕구,복대제1동,복대제1동제6투,2688,1457,622,654,148,19,0,1443,14,1231
충청북도,청주시흥덕구,복대제1동,복대제1동제7투,2440,1706,836,652,182,21,2,1693,13,734
충청북도,청주시흥덕구,복대제1동,복대제1동제8투,2536,1877,829,825,180,30,2,1866,11,659
충청북도,청주시흥덕구,복대제1동,복대제1동제9투,2654,1899,900,742,211,23,3,1879,20,755
충청북도,청주시흥덕구,복대제1동,복대제1동제10투,3741,2881,1119,1412,311,23,2,2867,14,860
충청북도,청주시흥덕구,복대제1동,복대제1동제11투,3076,2485,1214,964,259,30,4,2471,14,591
충청북도,청주시흥덕구,복대제1동,복대제1동제12투,1297,948,380,408,142,9,2,941,7,349
충청북도,청주시흥덕구,복대제2동,관내사전투표,2714,2714,1575,813,272,25,3,2688,26,0
충청북도,청주시흥덕구,복대제2동,복대제2동제1투,1894,1157,396,644,93,14,2,1149,8,737
충청북도,청주시흥덕구,복대제2동,복대제2동제2투,1595,985,332,577,60,7,2,978,7,610
충청북도,청주시흥덕구,복대제2동,복대제2동제3투,2189,1373,497,733,118,12,0,1360,13,816
충청북도,청주시흥덕구,복대제2동,복대제2동제4투,2511,1566,486,838,201,24,3,1552,14,945
충청북도,청주시흥덕구,복대제2동,복대제2동제5투,1963,1181,406,616,145,9,0,1176,5,782
충청북도,청주시흥덕구,가경동,관내사전투표,6492,6492,4247,1654,494,53,7,6455,37,0
충청북도,청주시흥덕구,가경동,가경동제1투,3531,2357,812,1353,159,13,2,2339,18,1174
충청북도,청주시흥덕구,가경동,가경동제2투,2626,1783,693,923,134,21,2,1773,10,843
충청북도,청주시흥덕구,가경동,가경동제3투,2843,2121,897,984,195,22,2,2100,21,722
충청북도,청주시흥덕구,가경동,가경동제4투,2744,1690,636,896,136,10,3,1681,9,1054
충청북도,청주시흥덕구,가경동,가경동제5투,2753,1930,813,888,195,16,5,1917,13,823
충청북도,청주시흥덕구,가경동,가경동제6투,2313,1499,592,784,103,11,2,1492,7,814
충청북도,청주시흥덕구,가경동,가경동제7투,2936,2011,849,945,167,31,5,1997,14,925
충청북도,청주시흥덕구,가경동,가경동제8투,4201,2972,1298,1330,286,37,2,2953,19,1229
충청북도,청주시흥덕구,가경동,가경동제9투,3394,2382,977,1129,241,13,1,2361,21,1012
충청북도,청주시흥덕구,가경동,가경동제10투,3669,2928,1483,1119,278,33,1,2914,14,741
충청북도,청주시흥덕구,봉명제1동,관내사전투표,2547,2547,1531,730,245,21,2,2529,18,0
충청북도,청주시흥덕구,봉명제1동,봉명제1동제1투,2273,1165,384,636,122,8,1,1151,14,1108
충청북도,청주시흥덕구,봉명제1동,봉명제1동제2투,2414,1388,487,747,124,15,1,1374,14,1026
충청북도,청주시흥덕구,봉명제1동,봉명제1동제3투,3387,2259,916,1050,249,23,4,2242,17,1128
충청북도,청주시흥덕구,봉명제2·송정동,관내사전투표,4076,4075,2473,1133,390,40,4,4040,35,1
충청북도,청주시흥덕구,봉명제2·송정동,봉명제2·송정동제1투,2253,1312,404,783,98,14,2,1301,11,941
충청북도,청주시흥덕구,봉명제2·송정동,봉명제2·송정동제2투,2260,1280,456,695,111,13,0,1275,5,980
충청북도,청주시흥덕구,봉명제2·송정동,봉명제2·송정동제3투,2974,1585,597,799,163,12,3,1574,11,1389
충청북도,청주시흥덕구,봉명제2·송정동,봉명제2·송정동제4투,2152,1378,552,583,204,19,2,1360,18,774
충청북도,청주시흥덕구,봉명제2·송정동,봉명제2·송정동제5투,2416,1852,814,852,144,31,1,1842,10,564
충청북도,청주시흥덕구,봉명제2·송정동,봉명제2·송정동제6투,2832,1396,545,668,153,20,0,1386,10,1436
충청북도,청주시흥덕구,강서제1동,관내사전투표,6083,6083,3797,1583,598,60,6,6044,39,0
충청북도,청주시흥덕구,강서제1동,강서제1동제1투,4066,2249,725,1183,289,26,3,2226,23,1817
충청북도,청주시흥덕구,강서제1동,강서제1동제2투,717,480,131,328,13,3,0,475,5,237
충청북도,청주시흥덕구,강서제1동,강서제1동제3투,943,629,206,384,29,2,2,623,6,314
충청북도,청주시흥덕구,강서제1동,강서제1동제4투,3067,2061,907,892,230,16,2,2047,14,1006
충청북도,청주시흥덕구,강서제1동,강서제1동제5투,3976,2914,1352,1232,275,41,1,2901,13,1062
충청북도,청주시흥덕구,강서제1동,강서제1동제6투,3923,2608,1073,1277,215,26,2,2593,15,1315
충청북도,청주시흥덕구,강서제1동,강서제1동제7투,1877,1273,587,561,103,15,0,1266,7,604
충청북도,청주시흥덕구,강서제2동,관내사전투표,3566,3566,2259,769,465,25,8,3526,40,0
충청북도,청주시흥덕구,강서제2동,강서제2동제1투,2337,1487,427,841,195,13,2,1478,9,850
충청북도,청주시흥덕구,강서제2동,강서제2동제2투,2744,2002,928,794,244,18,3,1987,15,742
충청북도,청주시흥덕구,강서제2동,강서제2동제3투,2499,1886,937,690,209,28,2,1866,20,613
충청북도,충주시,거소·선상투표,,347,330,132,141,47,2,0,322,8,17
충청북도,충주시,관외사전투표,,11166,11166,5876,3362,1684,113,13,11048,118,0
충청북도,충주시,재외투표,,644,532,383,101,42,4,0,530,2,112
충청북도,충주시,주덕읍,관내사전투표,1903,1903,1098,656,123,11,2,1890,13,0
충청북도,충주시,주덕읍,주덕읍제1투,867,540,169,316,46,4,0,535,5,327
충청북도,충주시,주덕읍,주덕읍제2투,2457,1272,461,675,115,9,2,1262,10,1185
충청북도,충주시,주덕읍,주덕읍제3투,971,598,168,396,21,6,1,592,6,373
충청북도,충주시,살미면,관내사전투표,732,732,411,272,37,9,1,730,2,0
충청북도,충주시,살미면,살미면투표소,1118,761,175,554,24,3,0,756,5,357
충청북도,충주시,수안보면,관내사전투표,886,886,454,379,48,3,0,884,2,0
충청북도,충주시,수안보면,수안보면제1투,1179,739,149,556,24,6,0,735,4,440
충청북도,충주시,수안보면,수안보면제2투,438,317,99,197,15,4,1,316,1,121
충청북도,충주시,대소원면,관내사전투표,3182,3182,1904,862,367,21,3,3157,25,0
충청북도,충주시,대소원면,대소원면제1투,3523,1973,743,1015,180,21,3,1962,11,1550
충청북도,충주시,대소원면,대소원면제2투,1675,1029,222,661,128,9,0,1020,9,646
충청북도,충주시,대소원면,대소원면제3투,406,265,65,185,6,2,2,260,5,141
충청북도,충주시,신니면,관내사전투표,905,905,463,370,59,7,2,901,4,0
충청북도,충주시,신니면,신니면제1투,904,573,146,380,39,3,1,569,4,331
충청북도,충주시,신니면,신니면제2투,767,531,162,333,28,3,1,527,4,236
충청북도,충주시,노은면,관내사전투표,887,887,454,376,50,5,1,886,1,0
충청북도,충주시,노은면,노은면투표소,1211,749,188,519,33,1,2,743,6,462
충청북도,충주시,앙성면,관내사전투표,1116,1116,555,497,54,6,0,1112,4,0
충청북도,충주시,앙성면,앙성면제1투,499,310,78,220,7,0,0,305,5,189
충청북도,충주시,앙성면,앙성면제2투,1322,830,203,586,35,3,0,827,3,492
충청북도,충주시,앙성면,앙성면제3투,473,265,76,180,6,1,0,263,2,208
충청북도,충주시,중앙탑면,관내사전투표,2206,2206,1398,596,183,16,1,2194,12,0
충청북도,충주시,중앙탑면,중앙탑면제1투,569,403,114,262,20,4,1,401,2,166
충청북도,충주시,중앙탑면,중앙탑면제2투,958,618,175,417,19,2,0,613,5,340
충청북도,충주시,중앙탑면,중앙탑면제3투,3462,2294,1076,932,251,23,0,2282,12,1168
충청북도,충주시,중앙탑면,중앙탑면제4투,2782,1855,893,776,157,17,1,1844,11,927
충청북도,충주시,금가면,관내사전투표,959,959,556,277,102,12,1,948,11,0
충청북도,충주시,금가면,금가면제1투,844,563,179,345,26,5,1,556,7,281
충청북도,충주시,금가면,금가면제2투,1347,883,268,479,125,8,2,882,1,464
충청북도,충주시,동량면,관내사전투표,1156,1156,600,460,82,6,2,1150,6,0
충청북도,충주시,동량면,동량면제1투,896,604,152,431,16,3,0,602,2,292
충청북도,충주시,동량면,동량면제2투,1125,706,183,491,23,4,2,703,3,419
충청북도,충주시,산척면,관내사전투표,964,964,536,357,55,9,0,957,7,0
충청북도,충주시,산척면,산척면투표소,1289,820,172,615,26,1,1,815,5,469
충청북도,충주시,엄정면,관내사전투표,1103,1103,525,510,52,8,2,1097,6,0
충청북도,충주시,엄정면,엄정면투표소,1721,1084,266,761,43,5,2,1077,7,637
충청북도,충주시,소태면,관내사전투표,348,348,162,171,11,3,0,347,1,0
충청북도,충주시,소태면,소태면제1투,594,413,121,272,14,4,0,411,2,181
충청북도,충주시,소태면,소태면제2투,498,323,70,244,7,0,0,321,2,175
충청북도,충주시,성내·충인동,관내사전투표,1413,1413,630,714,55,5,2,1406,7,0
충청북도,충주시,성내·충인동,성내·충인동제1투,399,244,52,178,11,2,0,243,1,155
충청북도,충주시,성내·충인동,성내·충인동제2투,1120,659,199,427,24,5,2,657,2,461
충청북도,충주시,교현·안림동,관내사전투표,5063,5063,3204,1469,319,44,4,5040,23,0
충청북도,충주시,교현·안림동,교현·안림동제1투,1169,762,263,435,48,11,1,758,4,407
충청북도,충주시,교현·안림동,교현·안림동제2투,1468,920,296,550,60,5,3,914,6,548
충청북도,충주시,교현·안림동,교현·안림동제3투,1893,1287,501,673,92,13,1,1280,7,606
충청북도,충주시,교현·안림동,교현·안림동제4투,1601,988,344,590,44,0,0,978,10,613
충청북도,충주시,교현·안림동,교현·안림동제5투,1909,1225,455,690,58,13,1,1217,8,684
충청북도,충주시,교현·안림동,교현·안림동제6투,2196,1371,409,875,73,7,3,1367,4,825
충청북도,충주시,교현·안림동,교현·안림동제7투,2175,1612,823,634,136,13,0,1606,6,563
충청북도,충주시,교현2동,관내사전투표,1758,1758,1043,538,147,16,1,1745,13,0
충청북도,충주시,교현2동,교현2동제1투,899,560,178,346,30,0,0,554,6,339
충청북도,충주시,교현2동,교현2동제2투,1279,756,234,458,50,7,2,751,5,523
충청북도,충주시,교현2동,교현2동제3투,1694,1136,351,711,55,8,2,1127,9,558
충청북도,충주시,용산동,관내사전투표,3319,3319,2059,984,244,15,1,3303,16,0
충청북도,충주시,용산동,용산동제1투,1399,838,282,482,57,11,0,832,6,561
충청북도,충주시,용산동,용산동제2투,1594,986,424,454,97,7,0,982,4,608
충청북도,충주시,용산동,용산동제3투,1445,887,322,502,45,8,3,880,7,558
충청북도,충주시,용산동,용산동제4투,2817,1915,824,921,136,20,2,1903,12,902
충청북도,충주시,지현동,관내사전투표,1371,1371,759,505,88,13,1,1366,5,0
충청북도,충주시,지현동,지현동제1투,1080,663,230,372,46,9,1,658,5,417
충청북도,충주시,지현동,지현동제2투,1657,1051,345,626,60,13,0,1044,7,606
충청북도,충주시,문화동,관내사전투표,2558,2558,1309,1011,189,33,1,2543,15,0
충청북도,충주시,문화동,문화동제1투,1305,759,200,511,33,5,0,749,10,546
충청북도,충주시,문화동,문화동제2투,1490,1137,333,730,58,10,1,1132,5,353
충청북도,충주시,문화동,문화동제3투,1333,914,250,600,53,5,3,911,3,419
충청북도,충주시,문화동,문화동제4투,1438,919,285,565,52,7,0,909,10,519
충청북도,충주시,호암·직동,관내사전투표,4671,4671,3096,1026,460,52,3,4637,34,0
충청북도,충주시,호암·직동,호암·직동제1투,2693,1758,734,849,145,16,1,1745,13,935
충청북도,충주시,호암·직동,호암·직동제2투,2612,1629,624,813,164,11,2,1614,15,983
충청북도,충주시,호암·직동,호암·직동제3투,2883,1952,864,881,172,22,2,1941,11,931
충청북도,충주시,호암·직동,호암·직동제4투,2352,1663,679,786,157,20,1,1643,20,689
충청북도,충주시,달천동,관내사전투표,1529,1529,826,525,146,15,0,1512,17,0
충청북도,충주시,달천동,달천동제1투,1745,1021,292,632,76,9,0,1009,12,724
충청북도,충주시,달천동,달천동제2투,691,418,145,248,23,2,0,418,0,273
충청북도,충주시,봉방동,관내사전투표,3042,3042,1766,1008,209,21,4,3008,34,0
충청북도,충주시,봉방동,봉방동제1투,1103,686,203,444,33,4,0,684,2,417
충청북도,충주시,봉방동,봉방동제2투,1957,1267,458,700,87,10,0,1255,12,690
충청북도,충주시,봉방동,봉방동제3투,2154,1343,393,835,96,6,1,1331,12,811
충청북도,충주시,칠금·금릉동,관내사전투표,3723,3723,2402,959,303,30,4,3698,25,0
충청북도,충주시,칠금·금릉동,칠금·금릉동제1투,719,478,144,304,24,3,1,476,2,241
충청북도,충주시,칠금·금릉동,칠금·금릉동제2투,1306,850,290,501,50,3,1,845,5,456
충청북도,충주시,칠금·금릉동,칠금·금릉동제3투,1715,1095,408,597,67,10,1,1083,12,620
충청북도,충주시,칠금·금릉동,칠금·금릉동제4투,1875,1277,517,635,106,10,0,1268,9,598
충청북도,충주시,칠금·금릉동,칠금·금릉동제5투,2404,1773,736,885,120,20,1,1762,11,631
충청북도,충주시,연수동,관내사전투표,5772,5772,3511,1801,366,49,5,5732,40,0
충청북도,충주시,연수동,연수동제1투,1852,1144,341,725,65,4,0,1135,9,708
충청북도,충주시,연수동,연수동제2투,2536,1683,686,821,147,15,3,1672,11,853
충청북도,충주시,연수동,연수동제3투,2304,1711,663,871,151,17,1,1703,8,593
충청북도,충주시,연수동,연수동제4투,1565,1115,423,605,64,10,1,1103,12,450
충청북도,충주시,연수동,연수동제5투,1559,1005,382,528,78,10,1,999,6,554
충청북도,충주시,연수동,연수동제6투,1199,596,170,378,31,3,0,582,14,603
충청북도,충주시,연수동,연수동제7투,1716,1211,524,574,89,11,0,1198,13,505
충청북도,충주시,연수동,연수동제8투,1757,1132,418,602,101,8,1,1130,2,625
충청북도,충주시,연수동,연수동제9투,2338,1455,558,760,104,15,7,1444,11,883
충청북도,충주시,연수동,연수동제10투,1585,1178,446,617,87,16,2,1168,10,407
충청북도,충주시,연수동,연수동제11투,1881,1258,483,675,83,11,0,1252,6,623
충청북도,충주시,목행·용탄동,관내사전투표,1837,1837,1193,456,164,13,1,1827,10,0
충청북도,충주시,목행·용탄동,목행·용탄동제1투,1706,1144,506,536,84,12,3,1141,3,562
충청북도,충주시,목행·용탄동,목행·용탄동제2투,1643,1073,363,627,67,9,4,1070,3,570
충청북도,제천시,거소·선상투표,,206,193,55,95,36,1,1,188,5,13
충청북도,제천시,관외사전투표,,7490,7490,3841,2359,1089,104,10,7403,87,0
충청북도,제천시,재외투표,,355,289,185,56,36,10,0,287,2,66
충청북도,제천시,봉양읍,관내사전투표,1888,1888,1022,724,97,18,3,1864,24,0
충청북도,제천시,봉양읍,봉양읍제1투,2038,1256,311,882,51,4,1,1249,7,782
충청북도,제천시,봉양읍,봉양읍제2투,1132,799,288,446,50,11,1,796,3,333
충청북도,제천시,봉양읍,봉양읍제3투,563,405,103,282,14,1,0,400,5,158
충청북도,제천시,금성면,관내사전투표,605,605,329,238,32,1,0,600,5,0
충청북도,제천시,금성면,금성면제1투,489,329,82,239,6,2,0,329,0,160
충청북도,제천시,금성면,금성면제2투,614,412,114,274,13,2,2,405,7,202
충청북도,제천시,청풍면,관내사전투표,382,382,199,150,27,1,1,378,4,0
충청북도,제천시,청풍면,청풍면제1투,594,416,82,320,8,3,1,414,2,178
충청북도,제천시,청풍면,청풍면제2투,145,118,24,89,3,1,0,117,1,27
충청북도,제천시,수산면,관내사전투표,549,549,272,243,26,4,0,545,4,0
충청북도,제천시,수산면,수산면제1투,938,633,158,447,18,5,1,629,4,305
충청북도,제천시,수산면,수산면제2투,239,165,59,102,2,1,0,164,1,74
충청북도,제천시,덕산면,관내사전투표,740,740,394,313,26,4,0,737,3,0
충청북도,제천시,덕산면,덕산면제1투,801,501,143,330,16,5,0,494,7,300
충청북도,제천시,덕산면,덕산면제2투,266,182,44,128,2,1,1,176,6,84
충청북도,제천시,한수면,관내사전투표,155,155,86,65,3,1,0,155,0,0
충청북도,제천시,한수면,한수면투표소,372,242,67,162,7,2,1,239,3,130
충청북도,제천시,백운면,관내사전투표,1009,1009,511,428,52,12,1,1004,5,0
충청북도,제천시,백운면,백운면제1투,1206,790,242,508,24,8,1,783,7,416
충청북도,제천시,백운면,백운면제2투,693,487,111,350,20,2,0,483,4,206
충청북도,제천시,송학면,관내사전투표,1376,1376,760,536,69,5,1,1371,5,0
충청북도,제천시,송학면,송학면제1투,1651,1050,233,757,47,6,1,1044,6,601
충청북도,제천시,송학면,송학면제2투,823,559,144,389,23,1,0,557,2,264
충청북도,제천시,송학면,송학면제3투,317,225,63,145,12,1,0,221,4,92
충청북도,제천시,교동,관내사전투표,3965,3965,2565,1129,219,32,5,3950,15,0
충청북도,제천시,교동,교동제1투,1331,862,254,565,31,8,1,859,3,469
충청북도,제천시,교동,교동제2투,2830,1746,652,947,120,12,3,1734,12,1084
충청북도,제천시,교동,교동제3투,3363,2296,951,1141,163,22,3,2280,16,1067
충청북도,제천시,교동,교동제4투,2108,1361,467,791,81,13,1,1353,8,747
충청북도,제천시,의림지동,관내사전투표,3670,3670,2288,1046,274,36,5,3649,21,0
충청북도,제천시,의림지동,의림지동제1투,2305,1527,561,853,91,9,4,1518,9,778
충청북도,제천시,의림지동,의림지동제2투,826,540,170,313,47,7,0,537,3,286
충청북도,제천시,의림지동,의림지동제3투,1916,1217,361,752,90,5,3,1211,6,699
충청북도,제천시,중앙동,관내사전투표,2225,2225,1146,868,168,19,4,2205,20,0
충청북도,제천시,중앙동,중앙동제1투,2009,1305,384,849,56,9,0,1298,7,704
충청북도,제천시,중앙동,중앙동제2투,1108,672,171,464,31,2,0,668,4,436
충청북도,제천시,남현동,관내사전투표,1481,1481,684,704,76,8,1,1473,8,0
충청북도,제천시,남현동,남현동제1투,959,586,148,407,25,3,0,583,3,373
충청북도,제천시,남현동,남현동제2투,1617,986,267,653,49,5,0,974,12,631
충청북도,제천시,영서동,관내사전투표,2776,2776,1629,926,182,22,0,2759,17,0
충청북도,제천시,영서동,영서동제1투,1032,649,157,451,31,4,2,645,4,383
충청북도,제천시,영서동,영서동제2투,2365,1423,460,856,85,9,1,1411,12,942
충청북도,제천시,영서동,영서동제3투,1885,1274,527,665,60,10,2,1264,10,611
충청북도,제천시,용두동,관내사전투표,4455,4455,2682,1405,303,28,7,4425,30,0
충청북도,제천시,용두동,용두동제1투,1676,1067,363,611,75,11,0,1060,7,609
충청북도,제천시,용두동,용두동제2투,2969,1781,596,964,183,21,2,1766,15,1188
충청북도,제천시,용두동,용두동제3투,1809,1017,311,624,61,5,3,1004,13,792
충청북도,제천시,용두동,용두동제4투,2174,1531,615,791,111,7,1,1525,6,643
충청북도,제천시,용두동,용두동제5투,1597,1069,440,497,107,18,1,1063,6,528
충청북도,제천시,신백동,관내사전투표,2936,2936,1784,888,172,30,4,2878,58,0
충청북도,제천시,신백동,신백동제1투,1570,1024,426,506,71,14,1,1018,6,546
충청북도,제천시,신백동,신백동제2투,1206,679,225,413,33,5,0,676,3,527
충청북도,제천시,신백동,신백동제3투,1504,1009,388,525,69,13,1,996,13,495
충청북도,제천시,신백동,신백동제4투,988,668,215,410,35,4,1,665,3,320
충청북도,제천시,신백동,신백동제5투,593,366,87,248,21,3,1,360,6,227
충청북도,제천시,청전동,관내사전투표,3958,3958,2110,1529,265,22,2,3928,30,0
충청북도,제천시,청전동,청전동제1투,1586,1027,283,668,58,8,1,1018,9,559
충청북도,제천시,청전동,청전동제2투,1440,959,297,582,66,8,1,954,5,481
충청북도,제천시,청전동,청전동제3투,1047,650,190,424,32,2,1,649,1,397
충청북도,제천시,청전동,청전동제4투,1672,948,264,626,45,4,2,941,7,724
충청북도,제천시,청전동,청전동제5투,1639,1178,334,769,63,8,2,1176,2,461
충청북도,제천시,청전동,청전동제6투,1139,701,186,460,46,6,0,698,3,438
충청북도,제천시,화산동,관내사전투표,2777,2777,1641,928,162,16,6,2753,24,0
충청북도,제천시,화산동,화산동제1투,2007,1252,385,767,77,13,0,1242,10,755
충청북도,제천시,화산동,화산동제2투,1998,1368,514,762,77,5,1,1359,9,630
충청북도,제천시,화산동,화산동제3투,1209,763,186,525,39,5,1,756,7,446
충청북도,제천시,화산동,화산동제4투,2619,1831,841,811,138,26,2,1818,13,788
충청북도,단양군,거소·선상투표,,96,84,35,29,9,1,1,75,9,12
충청북도,단양군,관외사전투표,,2117,2116,994,844,229,20,5,2092,24,1
충청북도,단양군,재외투표,,99,91,70,13,6,1,0,90,1,8
충청북도,단양군,단양읍,관내사전투표,3027,3027,1703,1074,213,22,3,3015,12,0
충청북도,단양군,단양읍,단양읍제1투,1396,902,239,597,53,4,0,893,9,494
충청북도,단양군,단양읍,단양읍제2투,1426,925,253,607,54,4,0,918,7,501
충청북도,단양군,단양읍,단양읍제3투,2305,1492,469,921,69,16,2,1477,15,813
충청북도,단양군,매포읍,관내사전투표,1479,1479,730,658,72,6,0,1466,13,0
충청북도,단양군,매포읍,매포읍제1투,1490,993,283,656,37,6,2,984,9,497
충청북도,단양군,매포읍,매포읍제2투,661,391,112,250,26,2,1,391,0,270
충청북도,단양군,매포읍,매포읍제3투,549,383,107,252,16,2,3,380,3,166
충청북도,단양군,단성면,관내사전투표,450,450,189,228,24,2,0,443,7,0
충청북도,단양군,단성면,단성면제1투,596,353,85,250,16,2,0,353,0,243
충청북도,단양군,단성면,단성면제2투,282,202,41,150,10,1,0,202,0,80
충청북도,단양군,대강면,관내사전투표,716,716,302,378,30,4,0,714,2,0
충청북도,단양군,대강면,대강면제1투,934,644,118,495,22,0,1,636,8,290
충청북도,단양군,대강면,대강면제2투,412,273,53,208,7,1,0,269,4,139
충청북도,단양군,가곡면,관내사전투표,609,609,320,261,22,3,0,606,3,0
충청북도,단양군,가곡면,가곡면투표소,1042,662,163,474,20,2,0,659,3,380
충청북도,단양군,영춘면,관내사전투표,794,794,365,377,38,9,1,790,4,0
충청북도,단양군,영춘면,영춘면제1투,1061,729,116,585,18,2,1,722,7,332
충청북도,단양군,영춘면,영춘면제2투,124,101,23,75,2,0,0,100,1,23
충청북도,단양군,영춘면,영춘면제3투,657,447,138,285,16,3,1,443,4,210
충청북도,단양군,어상천면,관내사전투표,584,584,297,260,19,5,1,582,2,0
충청북도,단양군,어상천면,어상천면투표소,1013,619,167,426,22,3,0,618,1,394
충청북도,단양군,적성면,관내사전투표,261,261,132,113,11,1,0,257,4,0
충청북도,단양군,적성면,적성면제1투,336,232,52,169,10,0,0,231,1,104
충청북도,단양군,적성면,적성면제2투,494,342,89,239,9,1,0,338,4,152
충청북도,청주시청원구,거소·선상투표,,240,231,100,79,39,3,2,223,8,9
충청북도,청주시청원구,관외사전투표,,14523,14519,8441,3632,2114,181,17,14385,134,4
충청북도,청주시청원구,재외투표,,549,445,317,66,50,9,0,442,3,104
충청북도,청주시청원구,오창읍,관내사전투표,7454,7454,4959,1655,755,42,5,7416,38,0
충청북도,청주시청원구,오창읍,오창읍제1투,1714,929,293,570,51,7,2,923,6,785
충청북도,청주시청원구,오창읍,오창읍제2투,1683,1016,375,564,58,7,2,1006,10,667
충청북도,청주시청원구,오창읍,오창읍제3투,742,467,142,295,25,2,2,466,1,275
충청북도,청주시청원구,오창읍,오창읍제4투,3253,2438,1194,982,217,31,1,2425,13,815
충청북도,청주시청원구,오창읍,오창읍제5투,2142,1742,963,615,139,12,1,1730,12,400
충청북도,청주시청원구,오창읍,오창읍제6투,2326,1874,1102,585,160,16,1,1864,10,452
충청북도,청주시청원구,오창읍,오창읍제7투,2637,2103,1286,636,158,15,1,2096,7,534
충청북도,청주시청원구,오창읍,오창읍제8투,2414,1897,1115,588,155,21,1,1880,17,517
충청북도,청주시청원구,오창읍,오창읍제9투,2483,1989,1211,585,157,20,2,1975,14,494
충청북도,청주시청원구,오창읍,오창읍제10투,2425,1406,622,563,199,9,2,1395,11,1019
충청북도,청주시청원구,오창읍,오창읍제11투,2800,1574,639,651,259,14,4,1567,7,1226
충청북도,청주시청원구,오창읍,오창읍제12투,2740,1468,556,619,258,23,2,1458,10,1272
충청북도,청주시청원구,오창읍,오창읍제13투,2689,1838,930,645,222,27,2,1826,12,851
충청북도,청주시청원구,오창읍,오창읍제14투,2059,1568,868,528,142,14,1,1553,15,491
충청북도,청주시청원구,오창읍,오창읍제15투,2572,1905,976,671,216,18,3,1884,21,667
충청북도,청주시청원구,오창읍,오창읍제16투,1997,1682,925,561,175,11,1,1673,9,315
충청북도,청주시청원구,오창읍,오창읍제17투,3806,2981,1677,936,317,25,2,2957,24,825
충청북도,청주시청원구,내수읍,관내사전투표,4002,4002,2399,1275,243,36,5,3958,44,0
충청북도,청주시청원구,내수읍,내수읍제1투,2065,1219,528,596,75,13,0,1212,7,846
충청북도,청주시청원구,내수읍,내수읍제2투,1050,650,245,373,20,2,2,642,8,400
충청북도,청주시청원구,내수읍,내수읍제3투,684,450,156,269,21,3,0,449,1,234
충청북도,청주시청원구,내수읍,내수읍제4투,2513,1540,620,722,170,22,2,1536,4,973
충청북도,청주시청원구,내수읍,내수읍제5투,1541,983,362,547,58,10,4,981,2,558
충청북도,청주시청원구,내수읍,내수읍제6투,2367,1418,621,683,81,16,0,1401,17,949
충청북도,청주시청원구,내수읍,내수읍제7투,914,510,189,282,32,4,0,507,3,404
충청북도,청주시청원구,북이면,관내사전투표,1017,1017,568,354,62,14,5,1003,14,0
충청북도,청주시청원구,북이면,북이면제1투,617,408,126,242,24,6,1,399,9,209
충청북도,청주시청원구,북이면,북이면제2투,601,358,102,242,9,1,3,357,1,243
충청북도,청주시청원구,북이면,북이면제3투,677,429,128,282,15,1,1,427,2,248
충청북도,청주시청원구,북이면,북이면제4투,792,496,154,308,22,5,1,490,6,296
충청북도,청주시청원구,우암동,관내사전투표,2709,2709,1392,1004,264,22,3,2685,24,0
충청북도,청주시청원구,우암동,우암동제1투,1771,1009,302,585,94,18,0,999,10,762
충청북도,청주시청원구,우암동,우암동제2투,1941,1172,338,685,125,14,1,1163,9,769
충청북도,청주시청원구,우암동,우암동제3투,1714,1009,258,679,56,11,1,1005,4,705
충청북도,청주시청원구,우암동,우암동제4투,2205,1410,494,778,113,14,1,1400,10,795
충청북도,청주시청원구,내덕제1동,관내사전투표,2775,2775,1609,947,180,25,3,2764,11,0
충청북도,청주시청원구,내덕제1동,내덕제1동제1투,1666,919,261,589,57,4,1,912,7,747
충청북도,청주시청원구,내덕제1동,내덕제1동제2투,1640,1049,294,666,75,8,3,1046,3,591
충청북도,청주시청원구,내덕제1동,내덕제1동제3투,1648,1092,379,638,61,7,1,1086,6,556
충청북도,청주시청원구,내덕제2동,관내사전투표,2895,2895,1695,934,220,25,2,2876,19,0
충청북도,청주시청원구,내덕제2동,내덕제2동제1투,1525,871,267,532,58,5,3,865,6,654
충청북도,청주시청원구,내덕제2동,내덕제2동제2투,2187,1293,459,678,129,16,0,1282,11,894
충청북도,청주시청원구,내덕제2동,내덕제2동제3투,3685,2565,1027,1293,201,29,0,2550,15,1120
충청북도,청주시청원구,율량·사천동,관내사전투표,6889,6889,4410,1759,593,68,7,6837,52,0
충청북도,청주시청원구,율량·사천동,율량·사천동제1투,2060,1402,528,692,143,22,5,1390,12,658
충청북도,청주시청원구,율량·사천동,율량·사천동제2투,2412,1429,524,748,134,10,0,1416,13,983
충청북도,청주시청원구,율량·사천동,율량·사천동제3투,2672,1769,663,920,151,16,4,1754,15,903
충청북도,청주시청원구,율량·사천동,율량·사천동제4투,1547,1179,433,648,74,12,3,1170,9,368
충청북도,청주시청원구,율량·사천동,율량·사천동제5투,2589,1702,728,806,133,19,1,1687,15,887
충청북도,청주시청원구,율량·사천동,율량·사천동제6투,3294,2343,1086,1055,161,24,2,2328,15,951
충청북도,청주시청원구,율량·사천동,율량·사천동제7투,2290,1697,750,769,143,21,3,1686,11,593
충청북도,청주시청원구,율량·사천동,율량·사천동제8투,2725,1874,724,962,149,22,3,1860,14,851
충청북도,청주시청원구,율량·사천동,율량·사천동제9투,2301,1617,712,701,176,14,0,1603,14,684
충청북도,청주시청원구,율량·사천동,율량·사천동제10투,1900,1224,500,549,144,20,0,1213,11,676
충청북도,청주시청원구,율량·사천동,율량·사천동제11투,2001,1552,691,713,114,25,3,1546,6,449
충청북도,청주시청원구,율량·사천동,율량·사천동제12투,1684,1229,573,529,103,12,2,1219,10,455
충청북도,청주시청원구,율량·사천동,율량·사천동제13투,1766,1261,569,565,104,12,3,1253,8,505
충청북도,청주시청원구,오근장동,관내사전투표,2355,2355,1469,614,240,15,3,2341,14,0
충청북도,청주시청원구,오근장동,오근장동제1투,1751,1001,289,659,39,5,1,993,8,750
충청북도,청주시청원구,오근장동,오근장동제2투,2871,2276,1154,869,206,30,2,2261,15,595
충청북도,청주시청원구,오근장동,오근장동제3투,2840,1891,831,887,141,15,4,1878,13,949
충청북도,청주시청원구,오근장동,오근장동제4투,2320,1798,942,647,174,23,1,1787,11,522
충청북도,영동군,거소·선상투표,,83,81,23,44,9,0,0,76,5,2
충청북도,영동군,관외사전투표,,3232,3232,1561,1243,363,25,5,3197,35,0
충청북도,영동군,재외투표,,158,107,62,31,8,4,1,106,1,51
충청북도,영동군,영동읍,관내사전투표,5184,5184,2752,2011,317,61,2,5143,41,0
충청북도,영동군,영동읍,영동읍제1투,1477,950,286,589,52,14,0,941,9,527
충청북도,영동군,영동읍,영동읍제2투,2431,1536,505,924,81,15,1,1526,10,895
충청북도,영동군,영동읍,영동읍제3투,2031,1232,401,739,72,9,0,1221,11,799
충청북도,영동군,영동읍,영동읍제4투,1732,1033,404,547,68,6,2,1027,6,699
충청북도,영동군,영동읍,영동읍제5투,1837,1154,348,717,69,11,2,1147,7,683
충청북도,영동군,용산면,관내사전투표,1438,1438,733,611,64,12,1,1421,17,0
충청북도,영동군,용산면,용산면투표소,1559,860,236,571,40,5,1,853,7,699
충청북도,영동군,황간면,관내사전투표,1155,1155,560,521,54,11,1,1147,8,0
충청북도,영동군,황간면,황간면제1투,1248,813,212,554,33,7,0,806,7,435
충청북도,영동군,황간면,황간면제2투,916,601,156,417,21,3,1,598,3,315
충청북도,영동군,추풍령면,관내사전투표,585,585,210,345,22,4,1,582,3,0
충청북도,영동군,추풍령면,추풍령면투표소,1259,837,182,617,22,4,2,827,10,422
충청북도,영동군,매곡면,관내사전투표,591,591,276,276,29,2,1,584,7,0
충청북도,영동군,매곡면,매곡면투표소,976,592,138,426,17,5,0,586,6,384
충청북도,영동군,상촌면,관내사전투표,726,726,333,353,29,7,1,723,3,0
충청북도,영동군,상촌면,상촌면투표소,1124,724,165,526,22,5,0,718,6,400
충청북도,영동군,양강면,관내사전투표,1075,1075,527,460,64,18,0,1069,6,0
충청북도,영동군,양강면,양강면투표소,1639,970,232,681,48,1,1,963,7,669
충청북도,영동군,용화면,관내사전투표,318,318,132,168,15,2,0,317,1,0
충청북도,영동군,용화면,용화면투표소,429,240,90,135,11,2,0,238,2,189
충청북도,영동군,학산면,관내사전투표,826,826,409,362,46,2,2,821,5,0
충청북도,영동군,학산면,학산면투표소,1441,842,228,572,31,2,2,835,7,599
충청북도,영동군,양산면,관내사전투표,662,662,309,310,35,1,2,657,5,0
충청북도,영동군,양산면,양산면투표소,886,523,123,371,17,6,0,517,6,363
충청북도,영동군,심천면,관내사전투표,904,904,452,396,38,5,1,892,12,0
충청북도,영동군,심천면,심천면제1투,1300,801,219,538,24,10,1,792,9,499
충청북도,영동군,심천면,심천면제2투,332,232,57,162,9,2,1,231,1,100
충청북도,보은군,거소·선상투표,,78,78,27,39,5,0,3,74,4,0
충청북도,보은군,관외사전투표,,2374,2374,1228,872,222,28,4,2354,20,0
충청북도,보은군,재외투표,,104,74,51,18,5,0,0,74,0,30
충청북도,보은군,보은읍,관내사전투표,4253,4253,2205,1720,239,40,4,4208,45,0
충청북도,보은군,보은읍,보은읍제1투,940,552,167,358,18,3,1,547,5,388
충청북도,보은군,보은읍,보은읍제2투,707,419,114,284,14,3,0,415,4,288
충청북도,보은군,보은읍,보은읍제3투,1324,811,253,503,37,8,2,803,8,513
충청북도,보은군,보은읍,보은읍제4투,2391,1482,475,906,78,12,0,1471,11,909
충청북도,보은군,보은읍,보은읍제5투,1388,853,293,496,49,6,1,845,8,535
충청북도,보은군,속리산면,관내사전투표,720,720,372,313,29,6,0,720,0,0
충청북도,보은군,속리산면,속리산면투표소,826,528,140,372,12,1,1,526,2,298
충청북도,보은군,장안면,관내사전투표,526,526,294,191,32,3,1,521,5,0
충청북도,보은군,장안면,장안면투표소,732,487,180,274,27,4,0,485,2,245
충청북도,보은군,마로면,관내사전투표,603,603,292,272,28,2,0,594,9,0
충청북도,보은군,마로면,마로면제1투,808,536,147,366,18,1,1,533,3,272
충청북도,보은군,마로면,마로면제2투,446,302,104,179,14,2,1,300,2,144
충청북도,보은군,탄부면,관내사전투표,429,429,210,189,20,5,1,425,4,0
충청북도,보은군,탄부면,탄부면투표소,873,573,178,368,18,2,1,567,6,300
충청북도,보은군,삼승면,관내사전투표,748,748,382,320,29,8,2,741,7,0
충청북도,보은군,삼승면,삼승면투표소,1079,625,220,357,35,5,1,618,7,454
충청북도,보은군,수한면,관내사전투표,845,845,415,367,45,10,1,838,7,0
충청북도,보은군,수한면,수한면투표소,970,599,151,422,18,3,1,595,4,371
충청북도,보은군,회남면,관내사전투표,208,208,91,108,5,2,1,207,1,0
충청북도,보은군,회남면,회남면투표소,371,250,54,189,3,2,0,248,2,121
충청북도,보은군,회인면,관내사전투표,539,539,221,292,14,6,3,536,3,0
충청북도,보은군,회인면,회인면투표소,879,545,135,385,16,2,0,538,7,334
충청북도,보은군,내북면,관내사전투표,478,478,246,203,23,4,1,477,1,0
충청북도,보은군,내북면,내북면제1투,484,290,79,186,19,4,1,289,1,194
충청북도,보은군,내북면,내북면제2투,404,270,74,182,9,2,1,268,2,134
충청북도,보은군,산외면,관내사전투표,440,440,219,191,20,5,0,435,5,0
충청북도,보은군,산외면,산외면제1투,543,365,98,250,11,3,0,362,3,178
충청북도,보은군,산외면,산외면제2투,390,269,79,172,12,4,1,268,1,121
충청북도,옥천군,거소·선상투표,,72,69,27,27,12,1,1,68,1,3
충청북도,옥천군,관외사전투표,,3952,3950,2103,1358,413,39,2,3915,35,2
충청북도,옥천군,재외투표,,159,112,79,25,6,1,0,111,1,47
충청북도,옥천군,옥천읍,관내사전투표,7313,7313,4197,2510,461,71,16,7255,58,0
충청북도,옥천군,옥천읍,옥천읍제1투,1913,1135,417,610,88,13,1,1129,6,778
충청북도,옥천군,옥천읍,옥천읍제2투,1894,1299,491,698,78,17,2,1286,13,595
충청북도,옥천군,옥천읍,옥천읍제3투,2490,1540,649,751,107,21,1,1529,11,950
충청북도,옥천군,옥천읍,옥천읍제4투,1614,1084,351,656,56,9,2,1074,10,530
충청북도,옥천군,옥천읍,옥천읍제5투,1852,1120,375,681,44,10,2,1112,8,732
충청북도,옥천군,옥천읍,옥천읍제6투,2457,1579,544,900,98,19,2,1563,16,878
충청북도,옥천군,옥천읍,옥천읍제7투,2709,1851,781,907,124,23,2,1837,14,858
충청북도,옥천군,동이면,관내사전투표,1208,1208,611,479,74,10,9,1183,25,0
충청북도,옥천군,동이면,동이면투표소,1612,1033,255,720,41,3,4,1023,10,579
충청북도,옥천군,안남면,관내사전투표,455,455,233,195,20,5,1,454,1,0
충청북도,옥천군,안남면,안남면투표소,689,443,117,306,11,2,1,437,6,246
충청북도,옥천군,안내면,관내사전투표,624,624,236,350,27,5,0,618,6,0
충청북도,옥천군,안내면,안내면투표소,954,613,150,436,18,5,0,609,4,341
충청북도,옥천군,청성면,관내사전투표,545,545,236,279,19,4,0,538,7,0
충청북도,옥천군,청성면,청성면투표소,1138,633,156,445,22,4,2,629,4,505
충청북도,옥천군,청산면,관내사전투표,1049,1049,465,520,45,8,1,1039,10,0
충청북도,옥천군,청산면,청산면투표소,1421,891,243,606,28,3,1,881,10,530
충청북도,옥천군,이원면,관내사전투표,1406,1406,725,604,57,7,0,1393,13,0
충청북도,옥천군,이원면,이원면투표소,2063,1182,334,781,54,5,4,1178,4,881
충청북도,옥천군,군서면,관내사전투표,702,702,345,311,28,7,0,691,11,0
충청북도,옥천군,군서면,군서면투표소,1164,777,209,530,29,3,0,771,6,387
충청북도,옥천군,군북면,관내사전투표,897,897,441,389,49,7,1,887,10,0
충청북도,옥천군,군북면,군북면투표소,1511,893,243,599,36,8,2,888,5,618
충청북도,음성군,거소·선상투표,,159,153,61,49,29,2,0,141,12,6
충청북도,음성군,관외사전투표,,7004,7004,3850,2145,857,66,11,6929,75,0
충청북도,음성군,재외투표,,263,229,145,56,21,5,0,227,2,34
충청북도,음성군,음성읍,관내사전투표,4517,4517,2731,1455,256,34,7,4483,34,0
충청북도,음성군,음성읍,음성읍제1투,1939,1260,460,704,76,15,1,1256,4,679
충청북도,음성군,음성읍,음성읍제2투,2124,1382,480,820,66,9,1,1376,6,742
충청북도,음성군,음성읍,음성읍제3투,2583,1447,480,869,75,13,2,1439,8,1136
충청북도,음성군,음성읍,음성읍제4투,619,360,136,213,9,2,0,360,0,259
충청북도,음성군,음성읍,음성읍제5투,1727,1085,361,646,60,11,0,1078,7,642
충청북도,음성군,금왕읍,관내사전투표,4720,4720,3006,1329,315,36,6,4692,28,0
충청북도,음성군,금왕읍,금왕읍제1투,4249,2491,1068,1207,176,19,2,2472,19,1758
충청북도,음성군,금왕읍,금왕읍제2투,2429,1356,571,685,82,10,1,1349,7,1073
충청북도,음성군,금왕읍,금왕읍제3투,1926,1198,543,553,81,10,3,1190,8,728
충청북도,음성군,금왕읍,금왕읍제4투,882,539,184,326,20,5,0,535,4,343
충청북도,음성군,금왕읍,금왕읍제5투,1185,705,194,472,27,6,2,701,4,480
충청북도,음성군,소이면,관내사전투표,890,890,505,342,25,6,1,879,11,0
충청북도,음성군,소이면,소이면투표소,1536,922,242,619,44,10,2,917,5,614
충청북도,음성군,원남면,관내사전투표,818,818,421,356,30,4,0,811,7,0
충청북도,음성군,원남면,원남면제1투,937,551,158,364,18,3,2,545,6,386
충청북도,음성군,원남면,원남면제2투,719,443,142,281,12,7,0,442,1,276
충청북도,음성군,맹동면,관내사전투표,2429,2429,1556,616,199,20,4,2395,34,0
충청북도,음성군,맹동면,맹동면제1투,2479,1029,339,598,80,4,1,1022,7,1450
충청북도,음성군,맹동면,맹동면제2투,2150,1417,687,538,163,16,1,1405,12,733
충청북도,음성군,맹동면,맹동면제3투,2275,1571,803,606,132,18,1,1560,11,704
충청북도,음성군,대소면,관내사전투표,3703,3703,2474,938,234,32,3,3681,22,0
충청북도,음성군,대소면,대소면제1투,1604,995,390,541,48,9,1,989,6,609
충청북도,음성군,대소면,대소면제2투,2381,1468,621,712,111,18,0,1462,6,913
충청북도,음성군,대소면,대소면제3투,3829,2247,999,1041,170,26,5,2241,6,1582
충청북도,음성군,대소면,대소면제4투,2258,1224,486,616,98,12,1,1213,11,1034
충청북도,음성군,삼성면,관내사전투표,1749,1749,1015,644,76,8,1,1744,5,0
충청북도,음성군,삼성면,삼성면제1투,2076,1225,412,729,56,20,0,1217,8,851
충청북도,음성군,삼성면,삼성면제2투,1613,976,290,640,37,2,1,970,6,637
충청북도,음성군,생극면,관내사전투표,1406,1406,799,472,86,13,4,1374,32,0
충청북도,음성군,생극면,생극면제1투,1730,1017,287,662,54,3,2,1008,9,713
충청북도,음성군,생극면,생극면제2투,832,532,152,343,19,6,1,521,11,300
충청북도,음성군,감곡면,관내사전투표,2507,2507,1465,881,125,15,0,2486,21,0
충청북도,음성군,감곡면,감곡면제1투,2741,1605,566,911,99,11,4,1591,14,1136
충청북도,음성군,감곡면,감곡면제2투,1861,1096,330,710,43,3,4,1090,6,765
충청북도,음성군,감곡면,감곡면제3투,1013,676,195,447,23,5,0,670,6,337
충청북도,진천군,거소·선상투표,,120,107,35,38,26,3,0,102,5,13
충청북도,진천군,관외사전투표,,6155,6152,3549,1684,775,57,6,6071,81,3
충청북도,진천군,재외투표,,179,155,106,30,14,3,0,153,2,24
충청북도,진천군,진천읍,관내사전투표,6830,6830,4219,2024,465,50,15,6773,57,0
충청북도,진천군,진천읍,진천읍제1투,1633,974,334,567,64,3,1,969,5,659
충청북도,진천군,진천읍,진천읍제2투,934,640,221,378,33,4,2,638,2,294
충청북도,진천군,진천읍,진천읍제3투,1892,1199,525,561,85,14,3,1188,11,693
충청북도,진천군,진천읍,진천읍제4투,2180,1304,541,649,88,10,3,1291,13,876
충청북도,진천군,진천읍,진천읍제5투,2316,1333,596,605,104,14,1,1320,13,983
충청북도,진천군,진천읍,진천읍제6투,2656,1642,730,768,117,14,1,1630,12,1014
충청북도,진천군,진천읍,진천읍제7투,1390,881,380,419,65,6,2,872,9,509
충청북도,진천군,진천읍,진천읍제8투,1319,793,284,459,34,10,0,787,6,526
충청북도,진천군,진천읍,진천읍제9투,2600,1688,759,768,130,20,3,1680,8,912
충청북도,진천군,덕산읍,관내사전투표,5540,5540,4086,924,435,63,8,5516,24,0
충청북도,진천군,덕산읍,덕산읍제1투,2174,1274,538,641,76,11,1,1267,7,900
충청북도,진천군,덕산읍,덕산읍제2투,2463,1202,442,644,100,6,1,1193,9,1261
충청북도,진천군,덕산읍,덕산읍제3투,1753,1098,470,510,98,12,2,1092,6,655
충청북도,진천군,덕산읍,덕산읍제4투,1725,1148,665,376,83,16,2,1142,6,577
충청북도,진천군,덕산읍,덕산읍제5투,2009,1333,700,491,120,13,1,1325,8,676
충청북도,진천군,덕산읍,덕산읍제6투,3840,2653,1414,966,228,26,0,2634,19,1187
충청북도,진천군,덕산읍,덕산읍제7투,1404,888,446,349,70,16,0,881,7,516
충청북도,진천군,초평면,관내사전투표,883,883,507,303,48,14,1,873,10,0
충청북도,진천군,초평면,초평면제1투,1086,681,242,405,21,7,1,676,5,405
충청북도,진천군,초평면,초평면제2투,657,426,110,293,17,3,0,423,3,231
충청북도,진천군,문백면,관내사전투표,722,722,417,256,37,6,4,720,2,0
충청북도,진천군,문백면,문백면제1투,1179,699,221,420,46,8,3,698,1,480
충청북도,진천군,문백면,문백면제2투,950,645,230,377,22,6,1,636,9,305
충청북도,진천군,백곡면,관내사전투표,738,738,378,315,31,9,1,734,4,0
충청북도,진천군,백곡면,백곡면투표소,1133,764,172,556,29,4,0,761,3,369
충청북도,진천군,이월면,관내사전투표,1967,1967,1204,617,123,12,3,1959,8,0
충청북도,진천군,이월면,이월면제1투,2084,1258,415,725,90,13,3,1246,12,826
충청북도,진천군,이월면,이월면제2투,1631,956,349,531,60,9,3,952,4,675
충청북도,진천군,광혜원면,관내사전투표,3177,3177,2034,874,227,20,4,3159,18,0
충청북도,진천군,광혜원면,광혜원면제1투,1707,950,315,563,58,7,1,944,6,757
충청북도,진천군,광혜원면,광혜원면제2투,1961,1045,426,505,83,16,3,1033,12,916
충청북도,진천군,광혜원면,광혜원면제3투,1909,1179,498,564,103,11,1,1177,2,730
충청북도,증평군,거소·선상투표,,54,52,19,24,7,0,1,51,1,2
충청북도,증평군,관외사전투표,,2980,2979,1649,880,375,26,5,2935,44,1
충청북도,증평군,재외투표,,98,79,49,14,14,2,0,79,0,19
충청북도,증평군,증평읍,관내사전투표,7858,7858,4768,2378,568,69,9,7792,66,0
충청북도,증평군,증평읍,증평읍제1투,1629,985,336,566,65,12,2,981,4,644
충청북도,증평군,증평읍,증평읍제2투,1578,925,331,548,34,7,0,920,5,653
충청북도,증평군,증평읍,증평읍제3투,1692,1053,306,677,49,10,3,1045,8,639
충청북도,증평군,증평읍,증평읍제4투,2543,1356,522,692,117,12,6,1349,7,1187
충청북도,증평군,증평읍,증평읍제5투,1883,1231,469,659,79,11,1,1219,12,652
충청북도,증평군,증평읍,증평읍제6투,1719,1116,521,483,85,17,1,1107,9,603
충청북도,증평군,증평읍,증평읍제7투,1727,1026,312,594,93,13,2,1014,12,701
충청북도,증평군,증평읍,증평읍제8투,1120,742,230,468,37,2,2,739,3,378
충청북도,증평군,증평읍,증평읍제9투,2701,1716,691,856,141,11,5,1704,12,985
충청북도,증평군,증평읍,증평읍제10투,2757,1655,668,804,147,22,4,1645,10,1102
충청북도,증평군,도안면,관내사전투표,577,577,326,218,23,3,0,570,7,0
충청북도,증평군,도안면,도안면투표소,1012,645,188,429,20,5,0,642,3,367
충청북도,청주시서원구,거소·선상투표,,315,303,119,100,61,4,2,286,17,12
충청북도,청주시서원구,관외사전투표,,16507,16507,9420,4386,2312,201,19,16338,169,0
충청북도,청주시서원구,재외투표,,587,462,312,79,59,5,1,456,6,125
충청북도,청주시서원구,남이면,관내사전투표,1569,1569,905,567,79,9,2,1562,7,0
충청북도,청주시서원구,남이면,남이면제1투,1881,1087,281,747,42,8,3,1081,6,794
충청북도,청주시서원구,남이면,남이면제2투,836,556,206,311,30,5,2,554,2,280
충청북도,청주시서원구,남이면,남이면제3투,1271,879,255,547,65,5,0,872,7,392
충청북도,청주시서원구,남이면,남이면제4투,1966,1574,746,670,128,22,1,1567,7,392
충청북도,청주시서원구,현도면,관내사전투표,658,658,325,292,31,5,0,653,5,0
충청북도,청주시서원구,현도면,현도면제1투,1042,689,179,477,20,5,1,682,7,353
충청북도,청주시서원구,현도면,현도면제2투,772,405,116,267,14,6,0,403,2,367
충청북도,청주시서원구,사직제1동,관내사전투표,744,744,449,239,47,6,0,741,3,0
충청북도,청주시서원구,사직제1동,사직제1동제1투,1090,601,187,369,39,2,1,598,3,489
충청북도,청주시서원구,사직제1동,사직제1동제2투,1607,1210,430,695,59,14,0,1198,12,397
충청북도,청주시서원구,사직제2동,관내사전투표,1250,1250,732,379,112,16,2,1241,9,0
충청북도,청주시서원구,사직제2동,사직제2동제1투,1030,594,178,358,44,7,2,589,5,436
충청북도,청주시서원구,사직제2동,사직제2동제2투,2808,2235,779,1252,167,28,2,2228,7,573
충청북도,청주시서원구,사직제2동,사직제2동제3투,2485,1965,775,990,162,18,3,1948,17,520
충청북도,청주시서원구,사창동,관내사전투표,4755,4755,2638,1360,663,55,1,4717,38,0
충청북도,청주시서원구,사창동,사창동제1투,2903,1634,505,862,229,17,0,1613,21,1269
충청북도,청주시서원구,사창동,사창동제2투,2256,1492,483,854,126,15,0,1478,14,764
충청북도,청주시서원구,사창동,사창동제3투,2393,1519,465,929,100,13,1,1508,11,874
충청북도,청주시서원구,사창동,사창동제4투,1592,991,294,563,115,9,1,982,9,601
충청북도,청주시서원구,모충동,관내사전투표,2258,2258,1238,714,260,26,2,2240,18,0
충청북도,청주시서원구,모충동,모충동제1투,1828,1135,385,639,89,13,2,1128,7,693
충청북도,청주시서원구,모충동,모충동제2투,1537,848,245,505,79,8,2,839,9,689
충청북도,청주시서원구,모충동,모충동제3투,2881,1936,759,1003,146,15,2,1925,11,945
충청북도,청주시서원구,모충동,모충동제4투,2159,1295,360,805,110,11,2,1288,7,864
충청북도,청주시서원구,모충동,모충동제5투,2361,1804,740,834,197,24,1,1796,8,557
충청북도,청주시서원구,산남동,관내사전투표,4338,4338,2979,972,300,54,4,4309,29,0
충청북도,청주시서원구,산남동,산남동제1투,2340,1456,542,770,114,14,3,1443,13,884
충청북도,청주시서원구,산남동,산남동제2투,2345,1605,549,923,102,14,1,1589,16,740
충청북도,청주시서원구,산남동,산남동제3투,3173,2281,1073,962,198,35,1,2269,12,892
충청북도,청주시서원구,산남동,산남동제4투,2962,2039,796,985,222,23,4,2030,9,923
충청북도,청주시서원구,산남동,산남동제5투,2779,2055,989,834,187,29,3,2042,13,724
충청북도,청주시서원구,분평동,관내사전투표,6540,6540,4240,1699,481,71,6,6497,43,0
충청북도,청주시서원구,분평동,분평동제1투,673,422,136,262,21,1,1,421,1,251
충청북도,청주시서원구,분평동,분평동제2투,3303,2311,981,1081,196,30,3,2291,20,992
충청북도,청주시서원구,분평동,분평동제3투,3626,2404,1033,1115,205,33,2,2388,16,1222
충청북도,청주시서원구,분평동,분평동제4투,3073,2163,977,964,182,28,1,2152,11,910
충청북도,청주시서원구,분평동,분평동제5투,2359,1532,523,827,141,26,2,1519,13,827
충청북도,청주시서원구,분평동,분평동제6투,2260,1620,660,781,154,15,2,1612,8,640
충청북도,청주시서원구,수곡제1동,관내사전투표,2497,2497,1481,775,185,34,3,2478,19,0
충청북도,청주시서원구,수곡제1동,수곡제1동제1투,2075,1279,481,683,92,12,1,1269,10,796
충청북도,청주시서원구,수곡제1동,수곡제1동제2투,2009,1219,416,681,100,9,3,1209,10,790
충청북도,청주시서원구,수곡제1동,수곡제1동제3투,2050,1244,381,768,73,14,0,1236,8,806
충청북도,청주시서원구,수곡제1동,수곡제1동제4투,1914,1253,424,726,76,18,0,1244,9,661
충청북도,청주시서원구,수곡제2동,관내사전투표,3705,3705,2141,1262,238,36,1,3678,27,0
충청북도,청주시서원구,수곡제2동,수곡제2동제1투,2479,1590,556,905,97,16,6,1580,10,889
충청북도,청주시서원구,수곡제2동,수곡제2동제2투,2020,1286,418,755,86,14,2,1275,11,734
충청북도,청주시서원구,수곡제2동,수곡제2동제3투,2560,1592,493,984,83,11,5,1576,16,968
충청북도,청주시서원구,수곡제2동,수곡제2동제4투,1664,1396,610,625,135,20,0,1390,6,268
충청북도,청주시서원구,성화·개신·죽림동,관내사전투표,6002,6002,3827,1613,470,56,4,5970,32,0
충청북도,청주시서원구,성화·개신·죽림동,성화·개신·죽림동제1투,3193,2089,911,980,171,12,1,2075,14,1104
충청북도,청주시서원구,성화·개신·죽림동,성화·개신·죽림동제2투,2434,1810,550,1044,187,14,2,1797,13,624
충청북도,청주시서원구,성화·개신·죽림동,성화·개신·죽림동제3투,2604,1720,530,971,184,21,2,1708,12,884
충청북도,청주시서원구,성화·개신·죽림동,성화·개신·죽림동제4투,3047,2318,1103,971,201,22,3,2300,18,729
충청북도,청주시서원구,성화·개신·죽림동,성화·개신·죽림동제5투,2774,1995,824,889,235,26,5,1979,16,779
충청북도,청주시서원구,성화·개신·죽림동,성화·개신·죽림동제6투,1990,1426,639,638,127,12,1,1417,9,564
충청북도,청주시서원구,성화·개신·죽림동,성화·개신·죽림동제7투,1905,1141,449,594,78,12,1,1134,7,764
충청북도,청주시서원구,성화·개신·죽림동,성화·개신·죽림동제8투,2342,1516,651,666,170,21,1,1509,7,826
충청북도,청주시서원구,성화·개신·죽림동,성화·개신·죽림동제9투,1983,1156,460,590,88,15,1,1154,2,827
충청북도,청주시서원구,성화·개신·죽림동,성화·개신·죽림동제10투,2053,1579,771,627,151,23,0,1572,7,474
충청남도,공주시,거소·선상투표,,150,143,50,59,33,0,0,142,1,7
충청남도,공주시,관외사전투표,,7706,7706,4194,2432,909,72,9,7616,90,0
충청남도,공주시,재외투표,,437,357,243,83,28,3,0,357,0,80
충청남도,공주시,유구읍,관내사전투표,1489,1489,787,628,56,11,0,1482,7,0
충청남도,공주시,유구읍,유구읍제1투,2097,1373,331,983,44,4,2,1364,9,724
충청남도,공주시,유구읍,유구읍제2투,1442,990,257,688,34,2,1,982,8,452
충청남도,공주시,유구읍,유구읍제3투,963,639,150,462,19,1,2,634,5,324
충청남도,공주시,이인면,관내사전투표,740,740,407,294,28,5,0,734,6,0
충청남도,공주시,이인면,이인면제1투,934,583,152,413,10,5,0,580,3,351
충청남도,공주시,이인면,이인면제2투,906,602,182,389,21,4,1,597,5,304
충청남도,공주시,탄천면,관내사전투표,640,640,332,238,36,3,5,614,26,0
충청남도,공주시,탄천면,탄천면제1투,1072,626,188,404,18,4,2,616,10,446
충청남도,공주시,탄천면,탄천면제2투,643,405,121,262,16,3,0,402,3,238
충청남도,공주시,계룡면,관내사전투표,1191,1191,674,461,39,2,3,1179,12,0
충청남도,공주시,계룡면,계룡면제1투,1044,662,195,432,24,4,2,657,5,382
충청남도,공주시,계룡면,계룡면제2투,402,278,84,183,6,2,0,275,3,124
충청남도,공주시,계룡면,계룡면제3투,653,432,106,299,17,6,1,429,3,221
충청남도,공주시,계룡면,계룡면제4투,1019,626,217,381,21,4,2,625,1,393
충청남도,공주시,반포면,관내사전투표,907,907,525,327,46,5,0,903,4,0
충청남도,공주시,반포면,반포면제1투,1398,884,221,613,27,4,1,866,18,514
충청남도,공주시,반포면,반포면제2투,1024,675,171,480,16,4,0,671,4,349
충청남도,공주시,의당면,관내사전투표,1657,1657,1031,518,85,10,0,1644,13,0
충청남도,공주시,의당면,의당면제1투,1336,780,283,455,32,5,1,776,4,556
충청남도,공주시,의당면,의당면제2투,502,356,125,214,14,2,1,356,0,146
충청남도,공주시,의당면,의당면제3투,695,444,128,289,15,4,1,437,7,251
충청남도,공주시,정안면,관내사전투표,1172,1172,642,446,71,5,0,1164,8,0
충청남도,공주시,정안면,정안면제1투,835,488,94,358,27,2,1,482,6,347
충청남도,공주시,정안면,정안면제2투,668,448,121,312,12,3,0,448,0,220
충청남도,공주시,정안면,정안면제3투,1172,700,212,454,24,3,1,694,6,472
충청남도,공주시,우성면,관내사전투표,851,851,516,273,50,7,1,847,4,0
충청남도,공주시,우성면,우성면제1투,681,427,129,285,9,1,0,424,3,254
충청남도,공주시,우성면,우성면제2투,837,561,160,377,17,2,2,558,3,276
충청남도,공주시,우성면,우성면제3투,1060,723,267,423,23,4,1,718,5,337
충청남도,공주시,우성면,우성면제4투,631,417,117,278,15,0,3,413,4,214
충청남도,공주시,사곡면,관내사전투표,648,648,336,266,38,2,1,643,5,0
충청남도,공주시,사곡면,사곡면제1투,892,533,125,381,21,3,1,531,2,359
충청남도,공주시,사곡면,사곡면제2투,685,464,165,275,18,1,1,460,4,221
충청남도,공주시,신풍면,관내사전투표,751,751,375,343,24,3,0,745,6,0
충청남도,공주시,신풍면,신풍면제1투,1098,680,176,467,32,2,0,677,3,418
충청남도,공주시,신풍면,신풍면제2투,527,347,108,220,17,2,0,347,0,180
충청남도,공주시,중학동,관내사전투표,1284,1284,798,357,107,11,0,1273,11,0
충청남도,공주시,중학동,중학동제1투,491,313,103,188,17,3,0,311,2,178
충청남도,공주시,중학동,중학동제2투,632,426,112,275,34,2,0,423,3,206
충청남도,공주시,중학동,중학동제3투,780,516,164,310,37,3,0,514,2,264
충청남도,공주시,중학동,중학동제4투,652,410,148,234,19,5,0,406,4,242
충청남도,공주시,웅진동,관내사전투표,2614,2614,1498,932,148,16,5,2599,15,0
충청남도,공주시,웅진동,웅진동제1투,630,392,125,245,15,3,0,388,4,238
충청남도,공주시,웅진동,웅진동제2투,754,431,110,302,13,3,0,428,3,323
충청남도,공주시,웅진동,웅진동제3투,1320,858,250,547,49,6,0,852,6,462
충청남도,공주시,웅진동,웅진동제4투,1389,857,328,458,58,5,1,850,7,532
충청남도,공주시,금학동,관내사전투표,1526,1526,913,406,173,17,2,1511,15,0
충청남도,공주시,금학동,금학동제1투,1900,1229,420,667,103,19,1,1210,19,671
충청남도,공주시,금학동,금학동제2투,940,524,165,331,20,1,4,521,3,416
충청남도,공주시,옥룡동,관내사전투표,1909,1909,1088,714,90,9,1,1902,7,0
충청남도,공주시,옥룡동,옥룡동제1투,804,493,129,333,22,3,1,488,5,311
충청남도,공주시,옥룡동,옥룡동제2투,1625,941,298,582,50,3,1,934,7,684
충청남도,공주시,옥룡동,옥룡동제3투,1026,670,258,371,34,2,2,667,3,356
충청남도,공주시,옥룡동,옥룡동제4투,818,492,145,324,16,1,3,489,3,326
충청남도,공주시,신관동,관내사전투표,4676,4676,2826,1180,567,45,7,4625,51,0
충청남도,공주시,신관동,신관동제1투,1602,1039,322,589,110,10,0,1031,8,563
충청남도,공주시,신관동,신관동제2투,1878,1224,481,635,82,17,3,1218,6,654
충청남도,공주시,신관동,신관동제3투,4438,2633,906,1463,217,26,2,2614,19,1805
충청남도,공주시,신관동,신관동제4투,2494,1639,616,864,128,18,1,1627,12,855
충청남도,공주시,월송동,관내사전투표,3313,3313,2252,808,209,29,3,3301,12,0
충청남도,공주시,월송동,월송동제1투,2726,1918,842,904,127,23,2,1898,20,808
충청남도,공주시,월송동,월송동제2투,471,305,87,209,5,1,0,302,3,166
충청남도,공주시,월송동,월송동제3투,2334,1431,562,743,106,13,1,1425,6,903
충청남도,공주시,월송동,월송동제4투,2456,1675,701,819,140,7,0,1667,8,781
충청남도,보령시,거소·선상투표,,182,176,68,70,28,3,1,170,6,6
충청남도,보령시,관외사전투표,,5756,5755,2985,1914,730,50,9,5688,67,1
충청남도,보령시,재외투표,,283,225,161,36,20,7,0,224,1,58
충청남도,보령시,웅천읍,관내사전투표,1587,1587,811,671,65,12,4,1563,24,0
충청남도,보령시,웅천읍,웅천읍제1투,1275,829,173,624,19,4,0,820,9,446
충청남도,보령시,웅천읍,웅천읍제2투,1054,656,146,488,15,1,1,651,5,398
충청남도,보령시,웅천읍,웅천읍제3투,1057,683,193,459,26,3,0,681,2,374
충청남도,보령시,주포면,관내사전투표,587,587,324,221,32,6,0,583,4,0
충청남도,보령시,주포면,주포면투표소,803,540,134,370,27,3,0,534,6,263
충청남도,보령시,주교면,관내사전투표,1575,1575,893,520,88,12,12,1525,50,0
충청남도,보령시,주교면,주교면제1투,1577,897,264,578,41,1,1,885,12,680
충청남도,보령시,주교면,주교면제2투,1109,680,198,448,25,3,0,674,6,429
충청남도,보령시,오천면,관내사전투표,665,663,314,298,42,1,0,655,8,2
충청남도,보령시,오천면,오천면제1투,972,600,151,418,20,6,1,596,4,372
충청남도,보령시,오천면,오천면제2투,150,80,20,56,1,1,0,78,2,70
충청남도,보령시,오천면,오천면제3투,619,462,101,332,25,1,1,460,2,157
충청남도,보령시,오천면,오천면제4투,284,184,59,112,11,0,0,182,2,100
충청남도,보령시,오천면,오천면제5투,112,75,26,49,0,0,0,75,0,37
충청남도,보령시,오천면,오천면제6투,148,107,39,60,4,1,0,104,3,41
충청남도,보령시,오천면,오천면제7투,114,80,26,49,3,0,0,78,2,34
충청남도,보령시,오천면,오천면제8투,133,94,28,61,4,0,0,93,1,39
충청남도,보령시,오천면,오천면제9투,218,142,68,70,4,0,0,142,0,76
충청남도,보령시,천북면,관내사전투표,851,851,416,368,51,6,1,842,9,0
충청남도,보령시,천북면,천북면투표소,1829,1162,328,786,30,2,2,1148,14,667
충청남도,보령시,청소면,관내사전투표,800,800,375,376,37,4,0,792,8,0
충청남도,보령시,청소면,청소면투표소,1306,790,178,587,12,6,0,783,7,516
충청남도,보령시,청라면,관내사전투표,800,800,403,342,42,8,1,796,4,0
충청남도,보령시,청라면,청라면제1투,683,453,88,349,14,0,0,451,2,230
충청남도,보령시,청라면,청라면제2투,734,522,134,364,19,2,0,519,3,212
충청남도,보령시,청라면,청라면제3투,738,503,144,337,16,1,2,500,3,235
충청남도,보령시,남포면,관내사전투표,1342,1342,675,579,69,8,0,1331,11,0
충청남도,보령시,남포면,남포면제1투,1117,701,167,493,32,5,0,697,4,416
충청남도,보령시,남포면,남포면제2투,953,594,158,409,12,6,2,587,7,359
충청남도,보령시,남포면,남포면제3투,681,418,133,265,13,5,0,416,2,263
충청남도,보령시,주산면,관내사전투표,599,598,296,266,25,4,2,593,5,1
충청남도,보령시,주산면,주산면제1투,953,626,147,443,28,2,1,621,5,327
충청남도,보령시,주산면,주산면제2투,362,244,86,152,3,0,0,241,3,118
충청남도,보령시,미산면,관내사전투표,291,291,135,131,19,3,0,288,3,0
충청남도,보령시,미산면,미산면제1투,360,241,54,175,9,0,2,240,1,119
충청남도,보령시,미산면,미산면제2투,381,287,74,197,7,1,3,282,5,94
충청남도,보령시,미산면,미산면제3투,303,223,47,168,8,0,0,223,0,80
충청남도,보령시,성주면,관내사전투표,841,841,478,295,51,9,1,834,7,0
충청남도,보령시,성주면,성주면제1투,759,492,149,311,23,4,1,488,4,267
충청남도,보령시,성주면,성주면제2투,364,262,78,171,6,3,0,258,4,102
충청남도,보령시,대천1동,관내사전투표,2929,2929,1752,923,208,30,1,2914,15,0
충청남도,보령시,대천1동,대천1동제1투,1091,653,154,464,23,6,0,647,6,438
충청남도,보령시,대천1동,대천1동제2투,923,569,154,385,25,4,0,568,1,354
충청남도,보령시,대천1동,대천1동제3투,1528,948,248,646,41,5,1,941,7,580
충청남도,보령시,대천1동,대천1동제4투,1518,1019,301,639,66,6,2,1014,5,499
충청남도,보령시,대천1동,대천1동제5투,1845,1156,390,666,79,17,0,1152,4,689
충청남도,보령시,대천2동,관내사전투표,3105,3105,1668,1199,200,19,3,3089,16,0
충청남도,보령시,대천2동,대천2동제1투,955,572,154,385,27,4,0,570,2,383
충청남도,보령시,대천2동,대천2동제2투,617,381,84,276,18,1,0,379,2,236
충청남도,보령시,대천2동,대천2동제3투,1787,1156,387,692,59,7,1,1146,10,631
충청남도,보령시,대천3동,관내사전투표,2736,2736,1718,843,145,20,0,2726,10,0
충청남도,보령시,대천3동,대천3동제1투,1354,793,255,479,46,8,1,789,4,561
충청남도,보령시,대천3동,대천3동제2투,1778,1183,423,669,73,13,0,1178,5,595
충청남도,보령시,대천3동,대천3동제3투,1753,1055,329,655,55,5,2,1046,9,698
충청남도,보령시,대천3동,대천3동제4투,1327,785,246,471,53,11,1,782,3,542
충청남도,보령시,대천3동,대천3동제5투,1545,1108,553,431,100,14,2,1100,8,437
충청남도,보령시,대천4동,관내사전투표,4803,4802,2857,1468,410,41,4,4780,22,1
충청남도,보령시,대천4동,대천4동제1투,1771,1040,390,565,65,8,1,1029,11,731
충청남도,보령시,대천4동,대천4동제2투,1355,836,208,563,56,2,0,829,7,519
충청남도,보령시,대천4동,대천4동제3투,2658,1708,690,849,145,14,1,1699,9,950
충청남도,보령시,대천4동,대천4동제4투,2963,1906,700,1065,117,15,0,1897,9,1057
충청남도,보령시,대천5동,관내사전투표,1657,1657,911,613,111,10,3,1648,9,0
충청남도,보령시,대천5동,대천5동제1투,1017,558,146,391,18,1,0,556,2,459
충청남도,보령시,대천5동,대천5동제2투,1118,638,211,394,23,3,3,634,4,480
충청남도,보령시,대천5동,대천5동제3투,1457,948,237,672,23,7,0,939,9,509
충청남도,아산시,거소·선상투표,,414,390,174,115,74,3,3,369,21,24
충청남도,아산시,관외사전투표,,24162,24157,13501,6471,3655,234,25,23886,271,5
충청남도,아산시,재외투표,,1055,851,583,158,81,20,0,842,9,204
충청남도,아산시,염치읍,관내사전투표,1396,1396,831,452,90,10,1,1384,12,0
충청남도,아산시,염치읍,염치읍제1투,813,498,136,339,18,2,2,497,1,315
충청남도,아산시,염치읍,염치읍제2투,1198,680,205,427,36,6,0,674,6,518
충청남도,아산시,염치읍,염치읍제3투,1657,1009,380,568,48,9,1,1006,3,648
충청남도,아산시,배방읍,관내사전투표,10744,10744,7630,1933,984,118,4,10669,75,0
충청남도,아산시,배방읍,배방읍제1투,4192,3096,1458,1152,412,35,4,3061,35,1096
충청남도,아산시,배방읍,배방읍제2투,1736,1113,414,587,98,8,0,1107,6,623
충청남도,아산시,배방읍,배방읍제3투,3165,2390,1205,919,217,37,1,2379,11,775
충청남도,아산시,배방읍,배방읍제4투,3488,2619,1280,1097,195,29,1,2602,17,869
충청남도,아산시,배방읍,배방읍제5투,2435,2021,839,922,217,22,4,2004,17,414
충청남도,아산시,배방읍,배방읍제6투,3233,2210,937,920,316,22,0,2195,15,1023
충청남도,아산시,배방읍,배방읍제7투,1021,760,272,312,155,9,0,748,12,261
충청남도,아산시,배방읍,배방읍제8투,1778,1230,582,473,151,18,0,1224,6,548
충청남도,아산시,배방읍,배방읍제9투,3481,2090,822,1049,179,24,3,2077,13,1391
충청남도,아산시,배방읍,배방읍제10투,2487,1773,960,616,163,26,1,1766,7,714
충청남도,아산시,배방읍,배방읍제11투,3345,2433,1230,952,212,30,0,2424,9,912
충청남도,아산시,배방읍,배방읍제12투,4074,2403,1167,935,250,29,1,2382,21,1671
충청남도,아산시,배방읍,배방읍제13투,2961,2095,1054,811,184,33,1,2083,12,866
충청남도,아산시,배방읍,배방읍제14투,2845,1672,703,773,160,24,2,1662,10,1173
충청남도,아산시,배방읍,배방읍제15투,2732,1498,508,805,155,14,2,1484,14,1234
충청남도,아산시,배방읍,배방읍제16투,3089,2366,1196,958,181,22,1,2358,8,723
충청남도,아산시,배방읍,배방읍제17투,1818,1151,525,456,149,11,0,1141,10,667
충청남도,아산시,배방읍,배방읍제18투,3831,2698,1396,997,249,35,1,2678,20,1133
충청남도,아산시,배방읍,배방읍제19투,739,516,170,323,18,2,1,514,2,223
충청남도,아산시,배방읍,배방읍제20투,1848,1261,475,542,216,13,1,1247,14,587
충청남도,아산시,송악면,관내사전투표,1237,1237,745,412,53,18,0,1228,9,0
충청남도,아산시,송악면,송악면제1투,1041,645,178,423,27,11,1,640,5,396
충청남도,아산시,송악면,송악면제2투,651,401,89,289,14,6,1,399,2,250
충청남도,아산시,송악면,송악면제3투,494,351,95,232,20,3,0,350,1,143
충청남도,아산시,탕정면,관내사전투표,7157,7157,4993,1266,791,55,5,7110,47,0
충청남도,아산시,탕정면,탕정면제1투,1688,821,232,483,89,9,2,815,6,867
충청남도,아산시,탕정면,탕정면제2투,2117,1135,456,555,96,16,1,1124,11,982
충청남도,아산시,탕정면,탕정면제3투,727,350,92,184,70,0,0,346,4,377
충청남도,아산시,탕정면,탕정면제4투,3156,2504,1304,903,261,23,1,2492,12,652
충청남도,아산시,탕정면,탕정면제5투,2367,1914,1051,637,187,25,0,1900,14,453
충청남도,아산시,탕정면,탕정면제6투,4022,2949,1337,1144,397,40,3,2921,28,1073
충청남도,아산시,탕정면,탕정면제7투,4748,3815,2049,1324,369,54,8,3804,11,933
충청남도,아산시,탕정면,탕정면제8투,3997,3045,1587,1010,392,41,1,3031,14,952
충청남도,아산시,음봉면,관내사전투표,2565,2565,1734,598,192,19,1,2544,21,0
충청남도,아산시,음봉면,음봉면제1투,1052,630,186,409,23,4,2,624,6,422
충청남도,아산시,음봉면,음봉면제2투,2416,1471,621,706,112,19,0,1458,13,945
충청남도,아산시,음봉면,음봉면제3투,1272,780,250,459,58,9,1,777,3,492
충청남도,아산시,음봉면,음봉면제4투,3057,2032,833,1011,162,14,1,2021,11,1025
충청남도,아산시,음봉면,음봉면제5투,1184,609,279,262,57,7,0,605,4,575
충청남도,아산시,음봉면,음봉면제6투,2796,2151,1291,684,142,19,1,2137,14,645
충청남도,아산시,음봉면,음봉면제7투,2220,1653,791,538,284,13,1,1627,26,567
충청남도,아산시,둔포면,관내사전투표,4479,4479,2926,1132,369,26,2,4455,24,0
충청남도,아산시,둔포면,둔포면제1투,1675,850,241,537,64,4,0,846,4,825
충청남도,아산시,둔포면,둔포면제2투,821,523,152,345,17,3,0,517,6,298
충청남도,아산시,둔포면,둔포면제3투,1251,729,227,443,48,7,0,725,4,522
충청남도,아산시,둔포면,둔포면제4투,4667,2694,1216,1164,263,31,2,2676,18,1973
충청남도,아산시,둔포면,둔포면제5투,2157,1175,446,634,83,7,0,1170,5,982
충청남도,아산시,둔포면,둔포면제6투,3526,2238,1180,854,172,22,3,2231,7,1288
충청남도,아산시,영인면,관내사전투표,1784,1784,1073,574,89,16,1,1753,31,0
충청남도,아산시,영인면,영인면제1투,1008,580,177,363,30,6,1,577,3,428
충청남도,아산시,영인면,영인면제2투,708,480,144,312,18,4,0,478,2,228
충청남도,아산시,영인면,영인면제3투,960,627,174,411,28,5,1,619,8,333
충청남도,아산시,영인면,영인면제4투,515,346,125,197,21,0,1,344,2,169
충청남도,아산시,인주면,관내사전투표,1837,1837,1159,515,133,19,1,1827,10,0
충청남도,아산시,인주면,인주면제1투,1015,581,238,300,33,7,0,578,3,434
충청남도,아산시,인주면,인주면제2투,1283,694,210,438,36,6,1,691,3,589
충청남도,아산시,인주면,인주면제3투,930,569,202,340,24,2,0,568,1,361
충청남도,아산시,선장면,관내사전투표,787,787,450,279,40,11,0,780,7,0
충청남도,아산시,선장면,선장면제1투,724,470,99,355,11,2,0,467,3,254
충청남도,아산시,선장면,선장면제2투,596,390,91,278,17,1,1,388,2,206
충청남도,아산시,선장면,선장면제3투,570,369,85,271,11,0,0,367,2,201
충청남도,아산시,도고면,관내사전투표,1334,1334,741,500,74,11,1,1327,7,0
충청남도,아산시,도고면,도고면제1투,1153,690,176,470,39,1,0,686,4,463
충청남도,아산시,도고면,도고면제2투,667,420,126,275,14,4,0,419,1,247
충청남도,아산시,도고면,도고면제3투,842,586,115,442,22,2,0,581,5,256
충청남도,아산시,신창면,관내사전투표,3333,3333,2251,821,220,22,2,3316,17,0
충청남도,아산시,신창면,신창면제1투,842,480,110,335,30,2,0,477,3,362
충청남도,아산시,신창면,신창면제2투,522,311,76,213,14,3,0,306,5,211
충청남도,아산시,신창면,신창면제3투,1566,910,228,588,78,8,2,904,6,656
충청남도,아산시,신창면,신창면제4투,1833,1090,433,552,74,16,3,1078,12,743
충청남도,아산시,신창면,신창면제5투,2025,1280,504,676,81,9,0,1270,10,745
충청남도,아산시,신창면,신창면제6투,3144,1936,883,868,141,28,3,1923,13,1208
충청남도,아산시,신창면,신창면제7투,1487,993,461,463,53,15,0,992,1,494
충청남도,아산시,신창면,신창면제8투,2490,1456,673,614,125,29,1,1442,14,1034
충청남도,아산시,온양1동,관내사전투표,3089,3089,1815,984,240,26,3,3068,21,0
충청남도,아산시,온양1동,온양1동제1투,911,483,126,308,41,3,1,479,4,428
충청남도,아산시,온양1동,온양1동제2투,1322,741,210,453,64,8,0,735,6,581
충청남도,아산시,온양1동,온양1동제3투,936,524,151,320,45,1,1,518,6,412
충청남도,아산시,온양1동,온양1동제4투,2755,1924,947,764,167,26,2,1906,18,831
충청남도,아산시,온양2동,관내사전투표,3423,3423,1986,1123,249,36,1,3395,28,0
충청남도,아산시,온양2동,온양2동제1투,1468,887,244,569,64,3,1,881,6,581
충청남도,아산시,온양2동,온양2동제2투,1567,914,284,574,41,6,1,906,8,653
충청남도,아산시,온양2동,온양2동제3투,1060,568,125,395,39,3,1,563,5,492
충청남도,아산시,온양2동,온양2동제4투,1896,917,292,507,98,7,1,905,12,979
충청남도,아산시,온양3동,관내사전투표,7475,7474,4766,1980,613,67,6,7432,42,1
충청남도,아산시,온양3동,온양3동제1투,3349,2259,981,1072,160,29,2,2244,15,1090
충청남도,아산시,온양3동,온양3동제2투,2783,1616,501,952,133,13,3,1602,14,1167
충청남도,아산시,온양3동,온양3동제3투,3181,2076,884,991,168,24,0,2067,9,1105
충청남도,아산시,온양3동,온양3동제4투,4132,2716,1239,1215,209,37,2,2702,14,1416
충청남도,아산시,온양3동,온양3동제5투,3400,2050,655,1175,181,26,2,2039,11,1350
충청남도,아산시,온양3동,온양3동제6투,3012,2247,1177,832,190,32,3,2234,13,765
충청남도,아산시,온양3동,온양3동제7투,1802,1360,736,487,106,19,2,1350,10,442
충청남도,아산시,온양4동,관내사전투표,2680,2680,1742,737,173,15,2,2669,11,0
충청남도,아산시,온양4동,온양4동제1투,2233,1572,671,732,129,25,3,1560,12,661
충청남도,아산시,온양4동,온양4동제2투,3577,2323,957,1157,172,22,1,2309,14,1254
충청남도,아산시,온양4동,온양4동제3투,1349,877,258,562,44,7,1,872,5,472
충청남도,아산시,온양4동,온양4동제4투,1514,833,357,409,56,7,1,830,3,681
충청남도,아산시,온양4동,온양4동제5투,1321,840,376,392,50,14,1,833,7,481
충청남도,아산시,온양5동,관내사전투표,4056,4056,2673,1053,263,42,1,4032,24,0
충청남도,아산시,온양5동,온양5동제1투,3486,2492,1292,959,184,35,5,2475,17,994
충청남도,아산시,온양5동,온양5동제2투,2906,1753,607,992,123,14,3,1739,14,1153
충청남도,아산시,온양5동,온양5동제3투,1302,846,257,530,53,5,0,845,1,456
충청남도,아산시,온양5동,온양5동제4투,2698,1750,591,980,136,24,1,1732,18,948
충청남도,아산시,온양5동,온양5동제5투,1447,692,294,295,86,8,2,685,7,755
충청남도,아산시,온양6동,관내사전투표,4042,4042,2844,935,205,37,1,4022,20,0
충청남도,아산시,온양6동,온양6동제1투,2040,1250,502,634,96,12,0,1244,6,790
충청남도,아산시,온양6동,온양6동제2투,2107,1487,656,706,92,19,2,1475,12,620
충청남도,아산시,온양6동,온양6동제3투,855,530,161,345,11,4,4,525,5,325
충청남도,아산시,온양6동,온양6동제4투,2347,1482,607,728,123,12,3,1473,9,865
충청남도,아산시,온양6동,온양6동제5투,1986,1221,509,648,46,9,1,1213,8,765
충청남도,아산시,온양6동,온양6동제6투,2010,1382,611,633,103,23,4,1374,8,628
충청남도,아산시,온양6동,온양6동제7투,2508,1941,1040,710,151,27,1,1929,12,567
충청남도,아산시,온양6동,온양6동제8투,2057,1536,816,552,133,24,2,1527,9,521
충청남도,서산시,거소·선상투표,,392,364,134,149,48,5,3,339,25,28
충청남도,서산시,관외사전투표,,9589,9588,4963,2911,1490,92,13,9469,119,1
충청남도,서산시,재외투표,,468,377,264,60,45,8,0,377,0,91
충청남도,서산시,대산읍,관내사전투표,3449,3449,2260,839,293,30,5,3427,22,0
충청남도,서산시,대산읍,대산읍제1투,2458,1471,621,720,108,10,3,1462,9,987
충청남도,서산시,대산읍,대산읍제2투,552,347,130,206,7,0,0,343,4,205
충청남도,서산시,대산읍,대산읍제3투,862,524,199,263,50,7,1,520,4,338
충청남도,서산시,대산읍,대산읍제4투,1038,694,310,295,76,8,1,690,4,344
충청남도,서산시,대산읍,대산읍제5투,1783,979,354,554,51,15,1,975,4,804
충청남도,서산시,대산읍,대산읍제6투,729,483,178,271,29,2,2,482,1,246
충청남도,서산시,인지면,관내사전투표,2109,2109,1266,699,114,10,5,2094,15,0
충청남도,서산시,인지면,인지면제1투,2569,1530,537,895,75,15,1,1523,7,1039
충청남도,서산시,인지면,인지면제2투,672,396,116,258,18,3,0,395,1,276
충청남도,서산시,인지면,인지면제3투,756,460,128,304,19,6,0,457,3,296
충청남도,서산시,부석면,관내사전투표,1142,1142,632,423,68,14,0,1137,5,0
충청남도,서산시,부석면,부석면제1투,1105,658,208,416,23,3,2,652,6,447
충청남도,서산시,부석면,부석면제2투,1011,558,181,350,22,2,0,555,3,453
충청남도,서산시,부석면,부석면제3투,606,349,92,237,16,2,0,347,2,257
충청남도,서산시,부석면,부석면제4투,660,434,166,250,12,2,0,430,4,226
충청남도,서산시,팔봉면,관내사전투표,920,920,459,390,56,6,2,913,7,0
충청남도,서산시,팔봉면,팔봉면제1투,1229,782,229,523,21,4,2,779,3,447
충청남도,서산시,팔봉면,팔봉면제2투,697,443,115,305,18,0,2,440,3,254
충청남도,서산시,팔봉면,팔봉면제3투,61,27,5,21,0,0,1,27,0,34
충청남도,서산시,지곡면,관내사전투표,1879,1879,1156,579,110,19,0,1864,15,0
충청남도,서산시,지곡면,지곡면제1투,2003,1169,331,765,62,2,1,1161,8,834
충청남도,서산시,지곡면,지곡면제2투,2526,1647,768,743,109,15,0,1635,12,879
충청남도,서산시,성연면,관내사전투표,3788,3788,2654,718,354,25,5,3756,32,0
충청남도,서산시,성연면,성연면제1투,1394,811,242,519,38,2,0,801,10,583
충청남도,서산시,성연면,성연면제2투,3385,2143,1079,796,231,22,1,2129,14,1242
충청남도,서산시,성연면,성연면제3투,3133,2049,1027,753,228,26,3,2037,12,1084
충청남도,서산시,음암면,관내사전투표,1861,1861,1129,574,113,22,3,1841,20,0
충청남도,서산시,음암면,음암면제1투,1520,868,240,578,38,3,1,860,8,652
충청남도,서산시,음암면,음암면제2투,2127,1288,485,700,74,10,3,1272,16,839
충청남도,서산시,음암면,음암면제3투,1227,806,333,404,44,11,1,793,13,421
충청남도,서산시,음암면,음암면제4투,695,470,130,310,23,1,3,467,3,225
충청남도,서산시,운산면,관내사전투표,1293,1293,684,535,55,11,2,1287,6,0
충청남도,서산시,운산면,운산면제1투,1606,959,249,661,40,4,1,955,4,647
충청남도,서산시,운산면,운산면제2투,649,457,111,330,9,1,0,451,6,192
충청남도,서산시,운산면,운산면제3투,719,471,172,268,23,3,1,467,4,248
충청남도,서산시,해미면,관내사전투표,2612,2612,1373,960,238,17,3,2591,21,0
충청남도,서산시,해미면,해미면제1투,1444,844,254,542,38,5,1,840,4,600
충청남도,서산시,해미면,해미면제2투,1047,630,173,425,25,2,0,625,5,417
충청남도,서산시,해미면,해미면제3투,1684,911,237,624,40,3,1,905,6,773
충청남도,서산시,고북면,관내사전투표,952,952,533,311,91,12,5,952,0,0
충청남도,서산시,고북면,고북면제1투,1372,854,251,551,37,5,3,847,7,518
충청남도,서산시,고북면,고북면제2투,1120,693,249,347,82,5,1,684,9,427
충청남도,서산시,고북면,고북면제3투,835,509,175,309,21,2,0,507,2,326
충청남도,서산시,부춘동,관내사전투표,5608,5608,3490,1603,416,53,4,5566,42,0
충청남도,서산시,부춘동,부춘동제1투,1647,847,259,528,45,11,2,845,2,800
충청남도,서산시,부춘동,부춘동제2투,1818,1174,409,649,105,5,2,1170,4,644
충청남도,서산시,부춘동,부춘동제3투,2810,1738,635,917,166,7,4,1729,9,1072
충청남도,서산시,부춘동,부춘동제4투,1816,1106,406,602,71,15,1,1095,11,710
충청남도,서산시,부춘동,부춘동제5투,1997,1324,501,676,109,19,0,1305,19,673
충청남도,서산시,동문1동,관내사전투표,3986,3986,2422,1215,273,47,6,3963,23,0
충청남도,서산시,동문1동,동문1동제1투,1702,884,280,525,64,8,0,877,7,818
충청남도,서산시,동문1동,동문1동제2투,2536,1488,409,991,67,8,2,1477,11,1048
충청남도,서산시,동문1동,동문1동제3투,3233,2029,756,1078,154,25,2,2015,14,1204
충청남도,서산시,동문1동,동문1동제4투,1594,1083,427,556,76,17,0,1076,7,511
충청남도,서산시,동문2동,관내사전투표,1772,1772,1053,560,120,23,3,1759,13,0
충청남도,서산시,동문2동,동문2동제1투,977,524,164,331,26,0,1,522,2,453
충청남도,서산시,동문2동,동문2동제2투,1423,855,245,544,50,7,0,846,9,568
충청남도,서산시,동문2동,동문2동제3투,2449,1593,521,936,102,17,3,1579,14,856
충청남도,서산시,수석동,관내사전투표,3971,3971,2542,1080,284,36,2,3944,27,0
충청남도,서산시,수석동,수석동제1투,2799,1836,828,800,163,24,3,1818,18,963
충청남도,서산시,수석동,수석동제2투,3474,2061,675,1157,198,16,0,2046,15,1413
충청남도,서산시,수석동,수석동제3투,923,568,185,352,22,5,0,564,4,355
충청남도,서산시,수석동,수석동제4투,1942,1275,450,725,69,17,2,1263,12,667
충청남도,서산시,석남동,관내사전투표,6254,6254,4129,1456,546,70,3,6204,50,0
충청남도,서산시,석남동,석남동제1투,3242,1864,700,979,156,17,1,1853,11,1378
충청남도,서산시,석남동,석남동제2투,3619,2163,860,1032,221,31,3,2147,16,1456
충청남도,서산시,석남동,석남동제3투,3148,2356,1163,931,217,34,3,2348,8,792
충청남도,서산시,석남동,석남동제4투,2252,1413,558,747,88,11,1,1405,8,839
충청남도,서산시,석남동,석남동제5투,941,572,156,382,24,7,0,569,3,369
충청남도,서산시,석남동,석남동제6투,3101,2003,891,951,121,28,3,1994,9,1098
충청남도,서산시,석남동,석남동제7투,1692,1328,648,532,124,16,3,1323,5,364
충청남도,태안군,거소·선상투표,,131,121,52,49,9,1,2,113,8,10
충청남도,태안군,관외사전투표,,4493,4489,2317,1584,492,45,3,4441,48,4
충청남도,태안군,재외투표,,179,149,103,23,20,3,0,149,0,30
충청남도,태안군,태안읍,관내사전투표,7245,7245,4260,2383,483,69,6,7201,44,0
충청남도,태안군,태안읍,태안읍제1투,1720,1065,325,673,54,10,1,1063,2,655
충청남도,태안군,태안읍,태안읍제2투,1070,671,247,393,25,2,0,667,4,399
충청남도,태안군,태안읍,태안읍제3투,1291,824,221,570,29,1,0,821,3,467
충청남도,태안군,태안읍,태안읍제4투,699,496,171,289,29,3,0,492,4,203
충청남도,태안군,태안읍,태안읍제5투,1877,1145,364,693,70,11,0,1138,7,732
충청남도,태안군,태안읍,태안읍제6투,3296,1941,613,1170,121,20,0,1924,17,1355
충청남도,태안군,태안읍,태안읍제7투,1402,882,244,600,29,4,1,878,4,520
충청남도,태안군,태안읍,태안읍제8투,4346,2719,944,1515,206,32,3,2700,19,1627
충청남도,태안군,안면읍,관내사전투표,2261,2261,1281,832,102,17,3,2235,26,0
충청남도,태안군,안면읍,안면읍제1투,1776,974,294,627,36,6,2,965,9,802
충청남도,태안군,안면읍,안면읍제2투,837,477,164,295,13,0,0,472,5,360
충청남도,태안군,안면읍,안면읍제3투,1365,902,290,581,22,4,1,898,4,463
충청남도,태안군,안면읍,안면읍제4투,427,269,86,180,1,0,0,267,2,158
충청남도,태안군,고남면,관내사전투표,512,512,268,210,26,3,2,509,3,0
충청남도,태안군,고남면,고남면투표소,1349,806,268,505,24,0,3,800,6,543
충청남도,태안군,남면,관내사전투표,1153,1153,655,423,58,10,0,1146,7,0
충청남도,태안군,남면,남면제1투,885,568,171,353,23,6,4,557,11,317
충청남도,태안군,남면,남면제2투,630,408,109,281,10,2,0,402,6,222
충청남도,태안군,남면,남면제3투,1005,569,163,378,18,3,2,564,5,436
충청남도,태안군,근흥면,관내사전투표,1390,1390,715,595,63,6,0,1379,11,0
충청남도,태안군,근흥면,근흥면제1투,1021,635,151,456,16,4,4,631,4,386
충청남도,태안군,근흥면,근흥면제2투,915,572,167,373,24,2,1,567,5,343
충청남도,태안군,근흥면,근흥면제3투,1261,765,235,502,18,3,1,759,6,496
충청남도,태안군,근흥면,근흥면제4투,54,48,8,38,0,0,0,46,2,6
충청남도,태안군,소원면,관내사전투표,1601,1601,825,696,58,10,1,1590,11,0
충청남도,태안군,소원면,소원면제1투,1694,948,261,652,26,1,1,941,7,746
충청남도,태안군,소원면,소원면제2투,1211,780,261,489,16,7,0,773,7,431
충청남도,태안군,원북면,관내사전투표,1183,1183,618,464,89,7,0,1178,5,0
충청남도,태안군,원북면,원북면제1투,1113,689,179,459,38,4,1,681,8,424
충청남도,태안군,원북면,원북면제2투,716,490,135,336,9,5,1,486,4,226
충청남도,태안군,원북면,원북면제3투,721,464,125,315,15,3,0,458,6,257
충청남도,태안군,이원면,관내사전투표,664,664,339,293,25,3,2,662,2,0
충청남도,태안군,이원면,이원면제1투,621,404,103,284,12,2,0,401,3,217
충청남도,태안군,이원면,이원면제2투,513,298,84,203,9,1,1,298,0,215
충청남도,금산군,거소·선상투표,,62,58,27,19,11,0,0,57,1,4
충청남도,금산군,관외사전투표,,3969,3969,2116,1360,408,36,5,3925,44,0
충청남도,금산군,재외투표,,182,155,98,44,9,4,0,155,0,27
충청남도,금산군,금산읍,관내사전투표,5763,5763,3559,1768,338,53,7,5725,38,0
충청남도,금산군,금산읍,금산읍제1투,1425,855,263,536,41,5,2,847,8,570
충청남도,금산군,금산읍,금산읍제2투,1043,717,255,427,28,4,1,715,2,326
충청남도,금산군,금산읍,금산읍제3투,2385,1460,556,806,76,11,4,1453,7,925
충청남도,금산군,금산읍,금산읍제4투,975,670,208,423,22,8,2,663,7,305
충청남도,금산군,금산읍,금산읍제5투,1232,840,295,481,49,5,3,833,7,392
충청남도,금산군,금산읍,금산읍제6투,1126,745,254,456,25,3,1,739,6,381
충청남도,금산군,금산읍,금산읍제7투,2964,1872,791,929,119,18,1,1858,14,1092
충청남도,금산군,금산읍,금산읍제8투,1318,888,259,572,39,6,0,876,12,430
충청남도,금산군,금성면,관내사전투표,572,572,340,190,29,5,1,565,7,0
충청남도,금산군,금성면,금성면제1투,1179,710,221,455,23,4,0,703,7,469
충청남도,금산군,금성면,금성면제2투,701,420,152,248,15,1,1,417,3,281
충청남도,금산군,제원면,관내사전투표,674,674,415,227,22,6,0,670,4,0
충청남도,금산군,제원면,제원면제1투,1137,723,179,501,37,3,0,720,3,414
충청남도,금산군,제원면,제원면제2투,501,334,108,216,9,0,0,333,1,167
충청남도,금산군,부리면,관내사전투표,490,490,249,215,18,2,0,484,6,0
충청남도,금산군,부리면,부리면제1투,900,542,150,359,26,1,1,537,5,358
충청남도,금산군,부리면,부리면제2투,551,359,117,223,11,5,0,356,3,192
충청남도,금산군,군북면,관내사전투표,297,297,171,108,15,2,0,296,1,0
충청남도,금산군,군북면,군북면제1투,435,268,70,185,9,2,0,266,2,167
충청남도,금산군,군북면,군북면제2투,711,485,158,298,21,3,2,482,3,226
충청남도,금산군,군북면,군북면제3투,336,233,77,146,9,1,0,233,0,103
충청남도,금산군,남일면,관내사전투표,531,531,324,181,22,1,1,529,2,0
충청남도,금산군,남일면,남일면제1투,1133,705,216,452,25,2,0,695,10,428
충청남도,금산군,남일면,남일면제2투,436,273,73,194,3,2,0,272,1,163
충청남도,금산군,남이면,관내사전투표,362,362,200,131,24,3,0,358,4,0
충청남도,금산군,남이면,남이면제1투,749,468,175,262,19,1,3,460,8,281
충청남도,금산군,남이면,남이면제2투,421,275,102,157,10,5,0,274,1,146
충청남도,금산군,진산면,관내사전투표,769,769,371,356,34,2,2,765,4,0
충청남도,금산군,진산면,진산면제1투,1146,744,202,504,30,2,0,738,6,402
충청남도,금산군,진산면,진산면제2투,601,403,118,253,24,1,0,396,7,198
충청남도,금산군,복수면,관내사전투표,563,563,295,242,19,1,1,558,5,0
충청남도,금산군,복수면,복수면제1투,886,532,131,379,19,1,1,531,1,354
충청남도,금산군,복수면,복수면제2투,891,579,166,379,27,2,2,576,3,312
충청남도,금산군,추부면,관내사전투표,1528,1528,920,511,81,9,1,1522,6,0
충청남도,금산군,추부면,추부면제1투,1737,942,326,544,62,2,1,935,7,795
충청남도,금산군,추부면,추부면제2투,900,578,189,350,31,2,2,574,4,322
충청남도,금산군,추부면,추부면제3투,947,630,177,417,28,3,0,625,5,317
충청남도,논산시,거소·선상투표,,207,200,84,79,28,1,1,193,7,7
충청남도,논산시,관외사전투표,,7050,7048,3912,2091,861,81,11,6956,92,2
충청남도,논산시,재외투표,,379,311,212,73,23,3,0,311,0,68
충청남도,논산시,강경읍,관내사전투표,1995,1994,1353,534,85,9,1,1982,12,1
충청남도,논산시,강경읍,강경읍제1투,746,453,185,238,25,1,0,449,4,293
충청남도,논산시,강경읍,강경읍제2투,427,278,109,153,14,1,0,277,1,149
충청남도,논산시,강경읍,강경읍제3투,1816,1142,506,573,56,4,0,1139,3,674
충청남도,논산시,강경읍,강경읍제4투,1356,804,380,380,32,3,1,796,8,552
충청남도,논산시,연무읍,관내사전투표,3412,3412,2082,1001,268,33,3,3387,25,0
충청남도,논산시,연무읍,연무읍제1투,2276,1362,557,713,73,11,0,1354,8,914
충청남도,논산시,연무읍,연무읍제2투,2288,1303,505,689,80,18,2,1294,9,985
충청남도,논산시,연무읍,연무읍제3투,1169,625,220,362,32,5,0,619,6,544
충청남도,논산시,연무읍,연무읍제4투,1210,763,339,379,31,4,1,754,9,447
충청남도,논산시,성동면,관내사전투표,887,887,540,303,33,7,1,884,3,0
충청남도,논산시,성동면,성동면제1투,624,362,137,207,13,2,2,361,1,262
충청남도,논산시,성동면,성동면제2투,820,516,185,308,15,0,1,509,7,304
충청남도,논산시,성동면,성동면제3투,1000,648,212,407,24,1,2,646,2,352
충청남도,논산시,광석면,관내사전투표,933,933,546,318,57,4,0,925,8,0
충청남도,논산시,광석면,광석면제1투,1009,635,183,418,25,5,1,632,3,374
충청남도,논산시,광석면,광석면제2투,534,351,121,210,15,5,0,351,0,183
충청남도,논산시,광석면,광석면제3투,928,588,173,381,24,5,1,584,4,340
충청남도,논산시,노성면,관내사전투표,631,630,340,215,60,5,1,621,9,1
충청남도,논산시,노성면,노성면제1투,991,635,175,434,15,8,0,632,3,356
충청남도,논산시,노성면,노성면제2투,744,460,136,297,24,0,2,459,1,284
충청남도,논산시,상월면,관내사전투표,963,963,591,306,38,14,1,950,13,0
충청남도,논산시,상월면,상월면제1투,986,613,241,340,25,1,0,607,6,373
충청남도,논산시,상월면,상월면제2투,934,536,208,302,18,6,0,534,2,398
충청남도,논산시,부적면,관내사전투표,1151,1151,702,365,62,13,2,1144,7,0
충청남도,논산시,부적면,부적면제1투,936,554,204,320,25,2,0,551,3,382
충청남도,논산시,부적면,부적면제2투,609,408,133,251,17,2,0,403,5,201
충청남도,논산시,부적면,부적면제3투,494,352,107,225,18,2,0,352,0,142
충청남도,논산시,연산면,관내사전투표,1477,1477,834,526,79,18,2,1459,18,0
충청남도,논산시,연산면,연산면제1투,1484,952,281,619,39,8,2,949,3,532
충청남도,논산시,연산면,연산면제2투,1135,632,182,412,26,3,1,624,8,503
충청남도,논산시,연산면,연산면제3투,871,574,164,383,15,6,2,570,4,297
충청남도,논산시,벌곡면,관내사전투표,602,602,341,224,18,3,2,588,14,0
충청남도,논산시,벌곡면,벌곡면제1투,706,445,141,274,26,1,1,443,2,261
충청남도,논산시,벌곡면,벌곡면제2투,634,428,101,308,12,2,0,423,5,206
충청남도,논산시,양촌면,관내사전투표,1378,1378,769,520,66,8,3,1366,12,0
충청남도,논산시,양촌면,양촌면제1투,834,498,164,303,21,3,2,493,5,336
충청남도,논산시,양촌면,양촌면제2투,745,374,101,251,18,2,0,372,2,371
충청남도,논산시,양촌면,양촌면제3투,1497,981,287,578,99,9,1,974,7,516
충청남도,논산시,가야곡면,관내사전투표,818,818,436,330,40,8,0,814,4,0
충청남도,논산시,가야곡면,가야곡면제1투,787,474,148,304,17,1,0,470,4,313
충청남도,논산시,가야곡면,가야곡면제2투,567,387,125,239,16,3,1,384,3,180
충청남도,논산시,가야곡면,가야곡면제3투,656,411,140,251,15,1,3,410,1,245
충청남도,논산시,은진면,관내사전투표,1284,1284,778,400,87,11,1,1277,7,0
충청남도,논산시,은진면,은진면제1투,918,542,203,302,32,1,0,538,4,376
충청남도,논산시,은진면,은진면제2투,531,346,118,207,15,3,0,343,3,185
충청남도,논산시,은진면,은진면제3투,851,483,178,260,35,5,0,478,5,368
충청남도,논산시,채운면,관내사전투표,721,721,481,208,27,2,0,718,3,0
충청남도,논산시,채운면,채운면제1투,657,440,133,280,20,2,0,435,5,217
충청남도,논산시,채운면,채운면제2투,546,386,143,224,11,4,1,383,3,160
충청남도,논산시,취암동,관내사전투표,7151,7150,4766,1737,540,55,6,7104,46,1
충청남도,논산시,취암동,취암동제1투,1978,1134,377,691,51,7,1,1127,7,844
충청남도,논산시,취암동,취암동제2투,3150,1690,665,863,133,13,2,1676,14,1460
충청남도,논산시,취암동,취암동제3투,3696,2169,842,1148,147,16,1,2154,15,1527
충청남도,논산시,취암동,취암동제4투,1021,667,204,430,21,9,1,665,2,354
충청남도,논산시,취암동,취암동제5투,1617,1126,476,564,56,19,2,1117,9,491
충청남도,논산시,취암동,취암동제6투,1505,973,351,543,56,16,0,966,7,532
충청남도,논산시,취암동,취암동제7투,2346,1499,687,686,97,14,2,1486,13,847
충청남도,논산시,취암동,취암동제8투,2937,1987,932,886,139,18,1,1976,11,950
충청남도,논산시,부창동,관내사전투표,2074,2074,1322,599,123,16,4,2064,10,0
충청남도,논산시,부창동,부창동제1투,1917,1304,536,687,57,15,2,1297,7,613
충청남도,논산시,부창동,부창동제2투,1291,780,260,466,41,5,3,775,5,511
충청남도,논산시,부창동,부창동제3투,3439,2254,995,1105,116,20,2,2238,16,1185
충청남도,논산시,부창동,부창동제4투,2645,1720,763,838,90,16,3,1710,10,925
충청남도,계룡시,거소·선상투표,,84,83,23,40,13,0,2,78,5,1
충청남도,계룡시,관외사전투표,,4530,4530,2414,1358,680,38,2,4492,38,0
충청남도,계룡시,재외투표,,207,166,110,32,23,1,0,166,0,41
충청남도,계룡시,두마면,관내사전투표,2527,2527,1699,616,162,26,1,2504,23,0
충청남도,계룡시,두마면,두마면제1투,1539,1124,335,713,61,10,1,1120,4,415
충청남도,계룡시,두마면,두마면제2투,2253,1651,607,892,123,16,3,1641,10,602
충청남도,계룡시,두마면,두마면제3투,3106,2302,954,1061,251,15,3,2284,18,804
충청남도,계룡시,엄사면,관내사전투표,3322,3322,2201,886,186,27,2,3302,20,0
충청남도,계룡시,엄사면,엄사면제1투,3202,2210,701,1332,141,21,2,2197,13,992
충청남도,계룡시,엄사면,엄사면제2투,1882,1262,380,766,103,5,1,1255,7,620
충청남도,계룡시,엄사면,엄사면제3투,1510,1060,339,630,77,5,2,1053,7,450
충청남도,계룡시,엄사면,엄사면제4투,1920,1248,438,711,79,8,1,1237,11,672
충청남도,계룡시,엄사면,엄사면제5투,645,422,119,281,18,2,1,421,1,223
충청남도,계룡시,신도안면,관내사전투표,2297,2297,1250,685,320,16,3,2274,23,0
충청남도,계룡시,신도안면,신도안면제1투,812,516,134,296,73,7,0,510,6,296
충청남도,계룡시,신도안면,신도안면제2투,1857,1386,411,776,170,22,0,1379,7,471
충청남도,계룡시,금암동,관내사전투표,2115,2115,1419,522,145,15,0,2101,14,0
충청남도,계룡시,금암동,금암동제1투,2263,1601,511,964,94,16,2,1587,14,662
충청남도,계룡시,금암동,금암동제2투,1768,1247,365,771,91,8,0,1235,12,521
충청남도,부여군,거소·선상투표,,229,220,72,103,27,8,0,210,10,9
충청남도,부여군,관외사전투표,,3999,3999,2065,1354,499,40,3,3961,38,0
충청남도,부여군,재외투표,,206,149,104,27,12,4,0,147,2,57
충청남도,부여군,부여읍,관내사전투표,4616,4616,2666,1569,299,45,5,4584,32,0
충청남도,부여군,부여읍,부여읍제1투,1187,783,194,528,53,3,2,780,3,404
충청남도,부여군,부여읍,부여읍제2투,1026,670,185,448,27,4,0,664,6,356
충청남도,부여군,부여읍,부여읍제3투,1154,819,205,584,23,2,0,814,5,335
충청남도,부여군,부여읍,부여읍제4투,844,581,135,416,23,1,0,575,6,263
충청남도,부여군,부여읍,부여읍제5투,1776,1232,380,759,77,8,0,1224,8,544
충청남도,부여군,부여읍,부여읍제6투,1250,849,324,461,50,9,0,844,5,401
충청남도,부여군,부여읍,부여읍제7투,1109,659,169,444,38,2,0,653,6,450
충청남도,부여군,부여읍,부여읍제8투,1003,641,156,456,19,5,0,636,5,362
충청남도,부여군,부여읍,부여읍제9투,1101,699,236,422,30,7,0,695,4,402
충청남도,부여군,규암면,관내사전투표,2037,2037,1167,701,131,24,2,2025,12,0
충청남도,부여군,규암면,규암면제1투,1749,1092,326,699,53,6,1,1085,7,657
충청남도,부여군,규암면,규암면제2투,2384,1521,574,837,88,9,0,1508,13,863
충청남도,부여군,규암면,규암면제3투,1132,786,291,447,38,5,1,782,4,346
충청남도,부여군,규암면,규암면제4투,946,659,178,432,35,6,0,651,8,287
충청남도,부여군,은산면,관내사전투표,1103,1103,522,519,38,6,1,1086,17,0
충청남도,부여군,은산면,은산면제1투,1110,694,159,489,34,7,0,689,5,416
충청남도,부여군,은산면,은산면제2투,484,296,88,189,16,2,0,295,1,188
충청남도,부여군,은산면,은산면제3투,453,252,55,187,4,1,1,248,4,201
충청남도,부여군,외산면,관내사전투표,729,729,349,342,23,8,0,722,7,0
충청남도,부여군,외산면,외산면투표소,1173,747,205,500,28,7,2,742,5,426
충청남도,부여군,내산면,관내사전투표,375,375,202,162,9,0,0,373,2,0
충청남도,부여군,내산면,내산면투표소,900,572,181,373,15,0,0,569,3,328
충청남도,부여군,구룡면,관내사전투표,569,569,339,204,19,2,2,566,3,0
충청남도,부여군,구룡면,구룡면투표소,1387,843,270,533,25,3,2,833,10,544
충청남도,부여군,홍산면,관내사전투표,903,903,477,365,47,4,0,893,10,0
충청남도,부여군,홍산면,홍산면제1투,1126,704,209,459,26,3,1,698,6,422
충청남도,부여군,홍산면,홍산면제2투,380,228,67,146,11,0,1,225,3,152
충청남도,부여군,옥산면,관내사전투표,404,404,208,168,25,3,0,404,0,0
충청남도,부여군,옥산면,옥산면투표소,753,488,131,331,17,3,1,483,5,265
충청남도,부여군,남면,관내사전투표,420,420,222,178,14,1,1,416,4,0
충청남도,부여군,남면,남면투표소,1050,698,199,474,19,2,1,695,3,352
충청남도,부여군,충화면,관내사전투표,293,293,138,125,20,3,1,287,6,0
충청남도,부여군,충화면,충화면투표소,629,401,107,285,4,2,1,399,2,228
충청남도,부여군,양화면,관내사전투표,389,389,186,186,12,3,0,387,2,0
충청남도,부여군,양화면,양화면제1투,386,271,48,217,3,1,0,269,2,115
충청남도,부여군,양화면,양화면제2투,583,372,135,219,11,3,0,368,4,211
충청남도,부여군,임천면,관내사전투표,733,733,358,339,22,7,0,726,7,0
충청남도,부여군,임천면,임천면제1투,940,583,156,392,25,1,1,575,8,357
충청남도,부여군,임천면,임천면제2투,577,312,102,196,8,3,0,309,3,265
충청남도,부여군,장암면,관내사전투표,739,739,378,318,36,3,0,735,4,0
충청남도,부여군,장암면,장암면제1투,362,214,57,150,7,0,0,214,0,148
충청남도,부여군,장암면,장암면제2투,523,290,76,201,8,2,0,287,3,233
충청남도,부여군,장암면,장암면제3투,615,352,97,230,17,5,0,349,3,263
충청남도,부여군,세도면,관내사전투표,754,754,454,269,19,6,2,750,4,0
충청남도,부여군,세도면,세도면제1투,894,529,161,342,22,0,0,525,4,365
충청남도,부여군,세도면,세도면제2투,830,554,222,309,15,3,0,549,5,276
충청남도,부여군,석성면,관내사전투표,746,746,420,275,38,7,1,741,5,0
충청남도,부여군,석성면,석성면제1투,855,523,120,377,21,1,0,519,4,332
충청남도,부여군,석성면,석성면제2투,640,408,149,241,16,0,0,406,2,232
충청남도,부여군,초촌면,관내사전투표,469,469,259,184,19,3,1,466,3,0
충청남도,부여군,초촌면,초촌면제1투,732,462,150,290,13,6,0,459,3,270
충청남도,부여군,초촌면,초촌면제2투,462,293,98,170,18,1,0,287,6,169
강원특별자치도,고성군,거소·선상투표,,137,131,38,50,37,0,0,125,6,6
강원특별자치도,고성군,관외사전투표,,2457,2456,1259,861,281,29,2,2432,24,1
강원특별자치도,고성군,재외투표,,83,67,47,12,7,1,0,67,0,16
강원특별자치도,고성군,간성읍,관내사전투표,2205,2205,1234,728,200,23,2,2187,18,0
강원특별자치도,고성군,간성읍,간성읍제1투,700,449,128,292,23,2,0,445,4,251
강원특별자치도,고성군,간성읍,간성읍제2투,1867,1111,375,623,92,6,2,1098,13,756
강원특별자치도,고성군,간성읍,간성읍제3투,677,462,132,306,15,3,1,457,5,215
강원특별자치도,고성군,간성읍,간성읍제4투,178,127,46,77,2,1,1,127,0,51
강원특별자치도,고성군,간성읍,간성읍제5투,147,124,29,89,5,1,0,124,0,23
강원특별자치도,고성군,거진읍,관내사전투표,1309,1309,680,545,76,3,1,1305,4,0
강원특별자치도,고성군,거진읍,거진읍제1투,1518,1011,266,703,29,5,2,1005,6,507
강원특별자치도,고성군,거진읍,거진읍제2투,835,533,156,344,25,0,2,527,6,302
강원특별자치도,고성군,거진읍,거진읍제3투,490,321,106,205,5,3,0,319,2,169
강원특별자치도,고성군,거진읍,거진읍제4투,259,186,57,124,4,0,0,185,1,73
강원특별자치도,고성군,거진읍,거진읍제5투,379,250,88,144,13,3,0,248,2,129
강원특별자치도,고성군,현내면,관내사전투표,532,532,265,232,28,3,1,529,3,0
강원특별자치도,고성군,현내면,현내면제1투,423,291,88,192,9,1,0,290,1,132
강원특별자치도,고성군,현내면,현내면제2투,487,332,84,233,9,0,0,326,6,155
강원특별자치도,고성군,현내면,현내면제3투,224,157,41,107,3,2,0,153,4,67
강원특별자치도,고성군,현내면,현내면제4투,195,153,35,109,5,2,1,152,1,42
강원특별자치도,고성군,죽왕면,관내사전투표,865,865,447,350,56,7,2,862,3,0
강원특별자치도,고성군,죽왕면,죽왕면제1투,490,314,87,211,11,2,1,312,2,176
강원특별자치도,고성군,죽왕면,죽왕면제2투,373,264,67,179,9,3,1,259,5,109
강원특별자치도,고성군,죽왕면,죽왕면제3투,657,437,110,300,20,3,0,433,4,220
강원특별자치도,고성군,죽왕면,죽왕면제4투,332,252,71,171,6,1,0,249,3,80
강원특별자치도,고성군,토성면,관내사전투표,2028,2028,1095,757,131,25,2,2010,18,0
강원특별자치도,고성군,토성면,토성면제1투,1986,1228,346,800,64,7,0,1217,11,758
강원특별자치도,고성군,토성면,토성면제2투,788,551,147,379,20,1,0,547,4,237
강원특별자치도,고성군,토성면,토성면제3투,722,487,150,314,19,3,0,486,1,235
강원특별자치도,고성군,토성면,토성면제4투,1050,656,216,398,33,3,1,651,5,394
강원특별자치도,양양군,거소·선상투표,,64,60,19,30,8,0,0,57,3,4
강원특별자치도,양양군,관외사전투표,,2355,2355,1243,838,226,23,3,2333,22,0
강원특별자치도,양양군,재외투표,,79,64,41,13,6,4,0,64,0,15
강원특별자치도,양양군,양양읍,관내사전투표,3542,3542,2029,1247,222,22,2,3522,20,0
강원특별자치도,양양군,양양읍,양양읍제1투,2822,1721,531,1064,99,16,1,1711,10,1101
강원특별자치도,양양군,양양읍,양양읍제2투,1763,1201,371,761,55,4,1,1192,9,562
강원특별자치도,양양군,양양읍,양양읍제3투,787,507,111,373,14,5,0,503,4,280
강원특별자치도,양양군,양양읍,양양읍제4투,551,372,124,234,8,2,0,368,4,179
강원특별자치도,양양군,양양읍,양양읍제5투,541,379,99,257,15,2,0,373,6,162
강원특별자치도,양양군,서면,관내사전투표,693,693,312,333,34,2,0,681,12,0
강원특별자치도,양양군,서면,서면제1투,627,360,92,253,8,2,0,355,5,267
강원특별자치도,양양군,서면,서면제2투,387,279,91,180,6,0,0,277,2,108
강원특별자치도,양양군,서면,서면제3투,300,194,59,127,2,1,1,190,4,106
강원특별자치도,양양군,서면,서면제4투,226,159,29,127,2,1,0,159,0,67
강원특별자치도,양양군,손양면,관내사전투표,689,689,377,271,35,1,1,685,4,0
강원특별자치도,양양군,손양면,손양면제1투,683,446,141,278,18,7,0,444,2,237
강원특별자치도,양양군,손양면,손양면제2투,580,392,92,283,12,3,0,390,2,188
강원특별자치도,양양군,현북면,관내사전투표,623,623,340,248,24,6,0,618,5,0
강원특별자치도,양양군,현북면,현북면제1투,616,404,92,287,21,0,0,400,4,212
강원특별자치도,양양군,현북면,현북면제2투,292,205,67,130,4,2,1,204,1,87
강원특별자치도,양양군,현북면,현북면제3투,320,231,84,141,5,0,0,230,1,89
강원특별자치도,양양군,현북면,현북면제4투,247,175,43,128,2,1,0,174,1,72
강원특별자치도,양양군,현남면,관내사전투표,614,614,275,303,29,6,0,613,1,0
강원특별자치도,양양군,현남면,현남면제1투,593,384,77,295,9,1,0,382,2,209
강원특별자치도,양양군,현남면,현남면제2투,707,438,109,310,14,2,1,436,2,269
강원특별자치도,양양군,현남면,현남면제3투,434,278,81,189,7,0,0,277,1,156
강원특별자치도,양양군,강현면,관내사전투표,1257,1257,675,498,64,15,1,1253,4,0
강원특별자치도,양양군,강현면,강현면제1투,1183,711,204,465,34,6,0,709,2,472
강원특별자치도,양양군,강현면,강현면제2투,513,356,106,234,12,3,0,355,1,157
강원특별자치도,양양군,강현면,강현면제3투,314,193,57,126,9,1,0,193,0,121
강원특별자치도,양양군,강현면,강현면제4투,578,388,90,281,13,2,0,386,2,190
강원특별자치도,인제군,거소·선상투표,,185,174,39,64,54,1,0,158,16,11
강원특별자치도,인제군,관외사전투표,,2546,2545,1201,940,349,21,6,2517,28,1
강원특별자치도,인제군,재외투표,,79,61,43,10,7,1,0,61,0,18
강원특별자치도,인제군,인제읍,관내사전투표,2827,2827,1582,916,280,27,2,2807,20,0
강원특별자치도,인제군,인제읍,인제읍제1투,696,402,129,242,25,3,0,399,3,294
강원특별자치도,인제군,인제읍,인제읍제2투,1603,1017,402,534,69,5,1,1011,6,586
강원특별자치도,인제군,인제읍,인제읍제3투,1911,1202,422,650,101,15,5,1193,9,709
강원특별자치도,인제군,인제읍,인제읍제4투,486,352,88,251,10,2,0,351,1,134
강원특별자치도,인제군,인제읍,인제읍제5투,359,284,103,168,7,1,1,280,4,75
강원특별자치도,인제군,남면,관내사전투표,1142,1142,551,436,133,8,2,1130,12,0
강원특별자치도,인제군,남면,남면제1투,1106,641,191,416,25,3,0,635,6,465
강원특별자치도,인제군,남면,남면제2투,660,380,116,202,53,6,1,378,2,280
강원특별자치도,인제군,북면,관내사전투표,2084,2084,1171,696,171,19,2,2059,25,0
강원특별자치도,인제군,북면,북면제1투,1328,788,266,467,45,6,3,787,1,540
강원특별자치도,인제군,북면,북면제2투,1210,773,263,437,63,5,0,768,5,437
강원특별자치도,인제군,북면,북면제3투,420,275,93,161,18,1,1,274,1,145
강원특별자치도,인제군,북면,북면제4투,368,250,55,184,10,0,1,250,0,118
강원특별자치도,인제군,북면,북면제5투,810,591,195,372,16,3,0,586,5,219
강원특별자치도,인제군,기린면,관내사전투표,1284,1284,639,490,121,20,4,1274,10,0
강원특별자치도,인제군,기린면,기린면제1투,638,441,126,289,17,3,1,436,5,197
강원특별자치도,인제군,기린면,기린면제2투,310,206,54,141,9,0,1,205,1,104
강원특별자치도,인제군,기린면,기린면제3투,249,186,44,135,5,2,0,186,0,63
강원특별자치도,인제군,기린면,기린면제4투,274,193,52,134,3,1,0,190,3,81
강원특별자치도,인제군,기린면,기린면제5투,343,270,106,95,9,6,7,223,47,73
강원특별자치도,인제군,기린면,기린면제6투,877,558,175,320,55,5,0,555,3,319
강원특별자치도,인제군,서화면,관내사전투표,716,716,331,258,111,6,1,707,9,0
강원특별자치도,인제군,서화면,서화면제1투,774,452,129,271,44,1,2,447,5,322
강원특별자치도,인제군,서화면,서화면제2투,282,196,62,105,23,2,1,193,3,86
강원특별자치도,인제군,서화면,서화면제3투,203,141,46,89,4,1,0,140,1,62
강원특별자치도,인제군,상남면,관내사전투표,579,579,269,219,78,6,3,575,4,0
강원특별자치도,인제군,상남면,상남면제1투,667,408,99,267,37,4,0,407,1,259
강원특별자치도,인제군,상남면,상남면제2투,367,248,94,140,12,1,0,247,1,119
강원특별자치도,홍천군,거소·선상투표,,124,119,39,47,16,0,2,104,15,5
강원특별자치도,홍천군,관외사전투표,,5300,5297,2621,2004,562,47,7,5241,56,3
강원특별자치도,홍천군,재외투표,,228,182,135,37,8,1,0,181,1,46
강원특별자치도,홍천군,홍천읍,관내사전투표,7380,7380,3990,2772,490,59,5,7316,64,0
강원특별자치도,홍천군,홍천읍,홍천읍제1투,823,539,193,301,32,3,3,532,7,284
강원특별자치도,홍천군,홍천읍,홍천읍제2투,860,517,158,320,30,2,2,512,5,343
강원특별자치도,홍천군,홍천읍,홍천읍제3투,1083,624,177,405,33,4,0,619,5,459
강원특별자치도,홍천군,홍천읍,홍천읍제4투,1240,770,247,458,53,1,3,762,8,470
강원특별자치도,홍천군,홍천읍,홍천읍제5투,1220,790,237,513,33,2,0,785,5,430
강원특별자치도,홍천군,홍천읍,홍천읍제6투,513,311,100,196,10,1,1,308,3,202
강원특별자치도,홍천군,홍천읍,홍천읍제7투,2610,1681,641,881,132,11,3,1668,13,929
강원특별자치도,홍천군,홍천읍,홍천읍제8투,1363,951,389,472,66,8,2,937,14,412
강원특별자치도,홍천군,홍천읍,홍천읍제9투,2151,1293,492,674,102,11,1,1280,13,858
강원특별자치도,홍천군,홍천읍,홍천읍제10투,2135,1324,501,723,80,8,0,1312,12,811
강원특별자치도,홍천군,홍천읍,홍천읍제11투,1216,779,286,440,45,4,1,776,3,437
강원특별자치도,홍천군,홍천읍,홍천읍제12투,3075,2056,753,1085,178,16,5,2037,19,1019
강원특별자치도,홍천군,화촌면,관내사전투표,1220,1220,643,460,94,11,1,1209,11,0
강원특별자치도,홍천군,화촌면,화촌면제1투,1033,658,197,429,18,9,2,655,3,375
강원특별자치도,홍천군,화촌면,화촌면제2투,498,307,90,195,19,1,0,305,2,191
강원특별자치도,홍천군,화촌면,화촌면제3투,410,275,78,186,8,2,0,274,1,135
강원특별자치도,홍천군,화촌면,화촌면제4투,536,331,85,230,10,5,1,331,0,205
강원특별자치도,홍천군,두촌면,관내사전투표,666,666,286,343,27,6,1,663,3,0
강원특별자치도,홍천군,두촌면,두촌면제1투,851,534,111,391,22,3,1,528,6,317
강원특별자치도,홍천군,두촌면,두촌면제2투,467,327,90,222,10,1,1,324,3,140
강원특별자치도,홍천군,내촌면,관내사전투표,709,709,311,333,41,10,1,696,13,0
강원특별자치도,홍천군,내촌면,내촌면제1투,539,345,85,241,13,3,0,342,3,194
강원특별자치도,홍천군,내촌면,내촌면제2투,456,328,78,235,9,2,0,324,4,128
강원특별자치도,홍천군,내촌면,내촌면제3투,336,220,53,151,14,0,0,218,2,116
강원특별자치도,홍천군,서석면,관내사전투표,1037,1037,551,423,50,5,1,1030,7,0
강원특별자치도,홍천군,서석면,서석면제1투,793,498,144,324,21,2,0,491,7,295
강원특별자치도,홍천군,서석면,서석면제2투,587,385,93,281,7,0,0,381,4,202
강원특별자치도,홍천군,서석면,서석면제3투,390,292,95,185,9,1,0,290,2,98
강원특별자치도,홍천군,서석면,서석면제4투,341,242,59,171,9,0,1,240,2,99
강원특별자치도,홍천군,영귀미면,관내사전투표,1386,1386,765,527,75,8,1,1376,10,0
강원특별자치도,홍천군,영귀미면,영귀미면제1투,1532,975,318,614,26,10,2,970,5,557
강원특별자치도,홍천군,영귀미면,영귀미면제2투,528,352,103,227,14,2,0,346,6,176
강원특별자치도,홍천군,영귀미면,영귀미면제3투,262,197,77,113,4,1,0,195,2,65
강원특별자치도,홍천군,남면,관내사전투표,1677,1677,877,641,132,11,2,1663,14,0
강원특별자치도,홍천군,남면,남면제1투,1170,748,185,503,53,4,0,745,3,422
강원특별자치도,홍천군,남면,남면제2투,703,436,146,270,17,2,1,436,0,267
강원특별자치도,홍천군,남면,남면제3투,1222,747,217,465,48,12,0,742,5,475
강원특별자치도,홍천군,서면,관내사전투표,790,790,393,354,32,6,0,785,5,0
강원특별자치도,홍천군,서면,서면제1투,768,483,86,368,17,5,1,477,6,285
강원특별자치도,홍천군,서면,서면제2투,390,255,66,178,4,1,1,250,5,135
강원특별자치도,홍천군,서면,서면제3투,1074,700,166,496,28,4,2,696,4,374
강원특별자치도,홍천군,북방면,관내사전투표,1475,1475,749,566,134,10,2,1461,14,0
강원특별자치도,홍천군,북방면,북방면제1투,1381,890,237,607,33,4,0,881,9,491
강원특별자치도,홍천군,북방면,북방면제2투,608,417,101,304,9,1,0,415,2,191
강원특별자치도,홍천군,북방면,북방면제3투,346,241,86,147,5,1,1,240,1,105
강원특별자치도,홍천군,내면,관내사전투표,793,793,421,336,31,5,0,793,0,0
강원특별자치도,홍천군,내면,내면제1투,763,479,150,289,29,3,0,471,8,284
강원특별자치도,홍천군,내면,내면제2투,457,326,76,229,16,2,0,323,3,131
강원특별자치도,홍천군,내면,내면제3투,392,270,74,187,4,4,1,270,0,122
강원특별자치도,횡성군,거소·선상투표,,66,62,25,27,9,1,0,62,0,4
강원특별자치도,횡성군,관외사전투표,,4096,4095,2006,1595,405,43,4,4053,42,1
강원특별자치도,횡성군,재외투표,,186,154,113,31,7,1,0,152,2,32
강원특별자치도,횡성군,횡성읍,관내사전투표,5433,5433,3032,1957,361,42,4,5396,37,0
강원특별자치도,횡성군,횡성읍,횡성읍제1투,2876,1766,511,1107,113,13,3,1747,19,1110
강원특별자치도,횡성군,횡성읍,횡성읍제2투,473,339,101,216,17,1,0,335,4,134
강원특별자치도,횡성군,횡성읍,횡성읍제3투,443,294,83,197,10,0,0,290,4,149
강원특별자치도,횡성군,횡성읍,횡성읍제4투,786,554,141,390,16,3,1,551,3,232
강원특별자치도,횡성군,횡성읍,횡성읍제5투,3156,1867,604,1101,128,13,4,1850,17,1289
강원특별자치도,횡성군,횡성읍,횡성읍제6투,1439,931,328,543,37,9,1,918,13,508
강원특별자치도,횡성군,횡성읍,횡성읍제7투,1452,877,276,543,47,7,0,873,4,575
강원특별자치도,횡성군,우천면,관내사전투표,1264,1264,640,549,55,10,2,1256,8,0
강원특별자치도,횡성군,우천면,우천면제1투,834,539,157,353,19,4,0,533,6,295
강원특별자치도,횡성군,우천면,우천면제2투,917,590,148,421,15,3,2,589,1,327
강원특별자치도,횡성군,우천면,우천면제3투,798,523,158,340,22,2,0,522,1,275
강원특별자치도,횡성군,안흥면,관내사전투표,861,861,456,367,28,3,0,854,7,0
강원특별자치도,횡성군,안흥면,안흥면제1투,1176,791,183,579,18,3,1,784,7,385
강원특별자치도,횡성군,안흥면,안흥면제2투,419,303,96,187,14,5,0,302,1,116
강원특별자치도,횡성군,둔내면,관내사전투표,1637,1637,913,631,71,11,1,1627,10,0
강원특별자치도,횡성군,둔내면,둔내면제1투,1191,747,194,499,41,5,3,742,5,444
강원특별자치도,횡성군,둔내면,둔내면제2투,386,256,63,184,6,0,1,254,2,130
강원특별자치도,횡성군,둔내면,둔내면제3투,1442,895,268,566,48,7,0,889,6,547
강원특별자치도,횡성군,둔내면,둔내면제4투,343,235,60,162,9,0,1,232,3,108
강원특별자치도,횡성군,갑천면,관내사전투표,622,622,324,261,21,8,1,615,7,0
강원특별자치도,횡성군,갑천면,갑천면제1투,959,634,138,465,18,4,2,627,7,325
강원특별자치도,횡성군,갑천면,갑천면제2투,454,331,105,209,11,3,1,329,2,123
강원특별자치도,횡성군,청일면,관내사전투표,657,657,329,289,31,3,0,652,5,0
강원특별자치도,횡성군,청일면,청일면제1투,357,231,33,193,3,2,0,231,0,126
강원특별자치도,횡성군,청일면,청일면제2투,421,284,60,212,6,2,1,281,3,137
강원특별자치도,횡성군,청일면,청일면제3투,517,329,86,226,13,1,0,326,3,188
강원특별자치도,횡성군,공근면,관내사전투표,1055,1055,526,471,43,7,0,1047,8,0
강원특별자치도,횡성군,공근면,공근면제1투,1191,761,201,535,21,0,1,758,3,430
강원특별자치도,횡성군,공근면,공근면제2투,693,467,100,339,19,5,0,463,4,226
강원특별자치도,횡성군,서원면,관내사전투표,530,530,288,204,26,5,1,524,6,0
강원특별자치도,횡성군,서원면,서원면제1투,596,403,91,295,8,5,0,399,4,193
강원특별자치도,횡성군,서원면,서원면제2투,546,394,128,248,12,2,0,390,4,152
강원특별자치도,횡성군,강림면,관내사전투표,510,510,227,255,22,2,1,507,3,0
강원특별자치도,횡성군,강림면,강림면투표소,943,642,155,461,19,2,0,637,5,301
강원특별자치도,영월군,거소·선상투표,,101,89,32,42,8,3,3,88,1,12
강원특별자치도,영월군,관외사전투표,,3184,3183,1682,1123,320,26,5,3156,27,1
강원특별자치도,영월군,재외투표,,118,87,66,16,4,1,0,87,0,31
강원특별자치도,영월군,영월읍,관내사전투표,5393,5393,3214,1801,290,47,5,5357,36,0
강원특별자치도,영월군,영월읍,영월읍제1투,1117,742,207,501,23,4,0,735,7,375
강원특별자치도,영월군,영월읍,영월읍제2투,1412,880,285,532,52,5,1,875,5,532
강원특별자치도,영월군,영월읍,영월읍제3투,1990,1158,424,648,63,13,3,1151,7,832
강원특별자치도,영월군,영월읍,영월읍제4투,1610,1082,384,609,72,7,1,1073,9,528
강원특별자치도,영월군,영월읍,영월읍제5투,905,567,150,396,17,1,1,565,2,338
강원특별자치도,영월군,영월읍,영월읍제6투,440,290,73,203,10,1,2,289,1,150
강원특별자치도,영월군,영월읍,영월읍제7투,296,173,47,121,2,0,0,170,3,123
강원특별자치도,영월군,영월읍,영월읍제8투,850,551,157,352,26,5,1,541,10,299
강원특별자치도,영월군,영월읍,영월읍제9투,1562,1002,299,636,56,4,2,997,5,560
강원특별자치도,영월군,상동읍,관내사전투표,320,320,154,148,14,1,0,317,3,0
강원특별자치도,영월군,상동읍,상동읍제1투,157,90,27,59,3,0,0,89,1,67
강원특별자치도,영월군,상동읍,상동읍제2투,165,103,33,67,2,1,0,103,0,62
강원특별자치도,영월군,상동읍,상동읍제3투,216,143,33,103,4,1,0,141,2,73
강원특별자치도,영월군,산솔면,관내사전투표,359,359,166,167,19,7,0,359,0,0
강원특별자치도,영월군,산솔면,산솔면제1투,470,319,82,221,7,4,0,314,5,151
강원특별자치도,영월군,산솔면,산솔면제2투,394,270,66,195,5,2,1,269,1,124
강원특별자치도,영월군,김삿갓면,관내사전투표,543,543,289,223,22,3,0,537,6,0
강원특별자치도,영월군,김삿갓면,김삿갓면제1투,484,331,96,227,7,1,0,331,0,153
강원특별자치도,영월군,김삿갓면,김삿갓면제2투,409,267,61,196,7,1,0,265,2,142
강원특별자치도,영월군,북면,관내사전투표,431,431,220,179,25,3,0,427,4,0
강원특별자치도,영월군,북면,북면제1투,439,278,64,200,14,0,0,278,0,161
강원특별자치도,영월군,북면,북면제2투,440,306,91,203,8,0,0,302,4,134
강원특별자치도,영월군,북면,북면제3투,358,241,76,148,13,3,0,240,1,117
강원특별자치도,영월군,남면,관내사전투표,789,789,397,331,41,4,1,774,15,0
강원특별자치도,영월군,남면,남면제1투,754,460,106,321,26,2,1,456,4,294
강원특별자치도,영월군,남면,남면제2투,353,261,87,160,11,1,1,260,1,92
강원특별자치도,영월군,남면,남면제3투,160,118,38,79,1,0,0,118,0,42
강원특별자치도,영월군,한반도면,관내사전투표,494,494,276,189,21,3,2,491,3,0
강원특별자치도,영월군,한반도면,한반도면제1투,587,379,101,261,14,1,1,378,1,208
강원특별자치도,영월군,한반도면,한반도면제2투,1072,759,213,501,29,5,3,751,8,313
강원특별자치도,영월군,주천면,관내사전투표,1257,1257,622,568,55,5,1,1251,6,0
강원특별자치도,영월군,주천면,주천면제1투,1243,762,201,510,38,7,1,757,5,481
강원특별자치도,영월군,주천면,주천면제2투,241,162,45,112,3,2,0,162,0,79
강원특별자치도,영월군,주천면,주천면제3투,563,427,135,273,17,2,0,427,0,136
강원특별자치도,영월군,무릉도원면,관내사전투표,408,408,190,196,19,3,0,408,0,0
강원특별자치도,영월군,무릉도원면,무릉도원면제1투,627,423,108,292,15,3,0,418,5,204
강원특별자치도,영월군,무릉도원면,무릉도원면제2투,539,405,92,291,12,5,1,401,4,134
강원특별자치도,평창군,거소·선상투표,,67,64,19,35,8,0,0,62,2,3
강원특별자치도,평창군,관외사전투표,,3798,3798,1829,1499,387,46,3,3764,34,0
강원특별자치도,평창군,재외투표,,158,133,94,26,11,1,1,133,0,25
강원특별자치도,평창군,평창읍,관내사전투표,2463,2463,1305,931,165,35,4,2440,23,0
강원특별자치도,평창군,평창읍,평창읍제1투,999,592,147,407,31,3,2,590,2,407
강원특별자치도,평창군,평창읍,평창읍제2투,1440,844,268,510,50,5,1,834,10,596
강원특별자치도,평창군,평창읍,평창읍제3투,208,149,30,111,4,2,0,147,2,59
강원특별자치도,평창군,평창읍,평창읍제4투,411,293,85,190,12,2,0,289,4,118
강원특별자치도,평창군,평창읍,평창읍제5투,405,295,69,212,10,1,0,292,3,110
강원특별자치도,평창군,평창읍,평창읍제6투,411,293,90,185,12,2,2,291,2,118
강원특별자치도,평창군,평창읍,평창읍제7투,314,217,45,167,2,2,0,216,1,97
강원특별자치도,평창군,미탄면,관내사전투표,531,531,247,248,33,1,1,530,1,0
강원특별자치도,평창군,미탄면,미탄면제1투,686,459,123,314,16,3,0,456,3,227
강원특별자치도,평창군,미탄면,미탄면제2투,104,81,19,62,0,0,0,81,0,23
강원특별자치도,평창군,방림면,관내사전투표,578,578,328,213,24,7,0,572,6,0
강원특별자치도,평창군,방림면,방림면제1투,429,279,96,174,9,0,0,279,0,150
강원특별자치도,평창군,방림면,방림면제2투,339,244,82,155,2,1,0,240,4,95
강원특별자치도,평창군,방림면,방림면제3투,770,524,155,335,24,4,0,518,6,246
강원특별자치도,평창군,대화면,관내사전투표,1516,1516,782,625,74,14,3,1498,18,0
강원특별자치도,평창군,대화면,대화면제1투,1079,643,185,411,37,4,2,639,4,436
강원특별자치도,평창군,대화면,대화면제2투,536,325,107,206,8,1,0,322,3,211
강원특별자치도,평창군,대화면,대화면제3투,756,490,160,296,28,2,1,487,3,266
강원특별자치도,평창군,대화면,대화면제4투,222,153,49,100,3,0,0,152,1,69
강원특별자치도,평창군,봉평면,관내사전투표,1496,1496,800,582,96,8,2,1488,8,0
강원특별자치도,평창군,봉평면,봉평면제1투,1311,838,207,576,47,4,0,834,4,473
강원특별자치도,평창군,봉평면,봉평면제2투,677,439,103,306,24,2,0,435,4,238
강원특별자치도,평창군,봉평면,봉평면제3투,939,559,152,380,20,7,0,559,0,380
강원특별자치도,평창군,용평면,관내사전투표,773,773,436,298,33,2,0,769,4,0
강원특별자치도,평창군,용평면,용평면제1투,450,327,82,229,12,2,0,325,2,123
강원특별자치도,평창군,용평면,용평면제2투,495,339,79,241,13,1,1,335,4,156
강원특별자치도,평창군,용평면,용평면제3투,778,489,134,329,19,2,0,484,5,289
강원특별자치도,평창군,진부면,관내사전투표,2308,2308,1238,891,145,21,2,2297,11,0
강원특별자치도,평창군,진부면,진부면제1투,798,507,160,324,17,2,0,503,4,291
강원특별자치도,평창군,진부면,진부면제2투,1324,824,248,498,65,8,0,819,5,500
강원특별자치도,평창군,진부면,진부면제3투,1254,735,211,476,37,5,0,729,6,519
강원특별자치도,평창군,진부면,진부면제4투,346,239,65,164,10,0,0,239,0,107
강원특별자치도,평창군,진부면,진부면제5투,371,225,58,153,8,1,0,220,5,146
강원특별자치도,평창군,진부면,진부면제6투,317,219,63,142,12,0,0,217,2,98
강원특별자치도,평창군,진부면,진부면제7투,256,172,43,121,7,1,0,172,0,84
강원특별자치도,평창군,대관령면,관내사전투표,1595,1595,823,641,112,12,0,1588,7,0
강원특별자치도,평창군,대관령면,대관령면제1투,1216,665,123,493,41,5,1,663,2,551
강원특별자치도,평창군,대관령면,대관령면제2투,1539,818,199,556,54,5,1,815,3,721
강원특별자치도,평창군,대관령면,대관령면제3투,290,187,56,125,6,0,0,187,0,103
강원특별자치도,화천군,거소·선상투표,,171,168,41,68,46,4,0,159,9,3
강원특별자치도,화천군,관외사전투표,,2148,2148,1029,785,287,25,0,2126,22,0
강원특별자치도,화천군,재외투표,,65,47,23,15,7,1,0,46,1,18
강원특별자치도,화천군,화천읍,관내사전투표,2227,2227,1154,830,194,25,3,2206,21,0
강원특별자치도,화천군,화천읍,화천읍제1투,1168,693,206,437,36,7,3,689,4,475
강원특별자치도,화천군,화천읍,화천읍제2투,1981,1246,434,680,103,13,4,1234,12,735
강원특별자치도,화천군,화천읍,화천읍제3투,492,309,96,191,20,1,1,309,0,183
강원특별자치도,화천군,화천읍,화천읍제4투,482,310,102,193,14,1,0,310,0,172
강원특별자치도,화천군,간동면,관내사전투표,602,602,334,210,47,8,0,599,3,0
강원특별자치도,화천군,간동면,간동면제1투,501,289,59,212,14,2,0,287,2,212
강원특별자치도,화천군,간동면,간동면제2투,508,367,105,246,11,2,0,364,3,141
강원특별자치도,화천군,간동면,간동면제3투,354,252,78,160,11,0,0,249,3,102
강원특별자치도,화천군,간동면,간동면제4투,119,87,25,59,0,0,0,84,3,32
강원특별자치도,화천군,하남면,관내사전투표,774,774,413,273,75,9,1,771,3,0
강원특별자치도,화천군,하남면,하남면제1투,764,520,149,333,22,9,3,516,4,244
강원특별자치도,화천군,하남면,하남면제2투,486,361,132,206,13,5,0,356,5,125
강원특별자치도,화천군,하남면,하남면제3투,249,182,37,136,7,1,0,181,1,67
강원특별자치도,화천군,상서면,관내사전투표,756,756,299,295,134,6,5,739,17,0
강원특별자치도,화천군,상서면,상서면제1투,497,328,93,205,26,2,0,326,2,169
강원특별자치도,화천군,상서면,상서면제2투,266,193,60,116,11,3,1,191,2,73
강원특별자치도,화천군,상서면,상서면제3투,279,189,50,131,7,0,0,188,1,90
강원특별자치도,화천군,상서면,상서면제4투,505,263,69,157,28,3,1,258,5,242
강원특별자치도,화천군,상서면,상서면제5투,195,123,45,69,7,2,0,123,0,72
강원특별자치도,화천군,상서면,상서면제6투,213,116,28,80,5,2,0,115,1,97
강원특별자치도,화천군,사내면,관내사전투표,1515,1515,736,590,159,14,1,1500,15,0
강원특별자치도,화천군,사내면,사내면제1투,1389,818,238,489,75,8,0,810,8,571
강원특별자치도,화천군,사내면,사내면제2투,505,339,92,227,12,3,1,335,4,166
강원특별자치도,화천군,사내면,사내면제3투,285,178,39,125,9,0,1,174,4,107
강원특별자치도,화천군,사내면,사내면제4투,518,336,94,216,21,1,2,334,2,182
강원특별자치도,양구군,거소·선상투표,,192,185,64,58,49,5,1,177,8,7
강원특별자치도,양구군,관외사전투표,,1582,1581,724,594,230,15,3,1566,15,1
강원특별자치도,양구군,재외투표,,50,38,24,10,3,0,0,37,1,12
강원특별자치도,양구군,양구읍,관내사전투표,3158,3158,1668,1127,292,35,5,3127,31,0
강원특별자치도,양구군,양구읍,양구읍제1투,421,288,95,181,10,1,0,287,1,133
강원특별자치도,양구군,양구읍,양구읍제2투,354,245,86,145,12,1,0,244,1,109
강원특별자치도,양구군,양구읍,양구읍제3투,1059,686,226,386,66,3,0,681,5,373
강원특별자치도,양구군,양구읍,양구읍제4투,633,432,124,275,28,1,1,429,3,201
강원특별자치도,양구군,양구읍,양구읍제5투,2296,1471,530,783,128,15,2,1458,13,825
강원특별자치도,양구군,양구읍,양구읍제6투,1378,830,215,531,64,12,4,826,4,548
강원특별자치도,양구군,양구읍,양구읍제7투,96,67,16,46,4,0,0,66,1,29
강원특별자치도,양구군,양구읍,양구읍제8투,172,123,44,73,4,1,0,122,1,49
강원특별자치도,양구군,국토정중앙면,관내사전투표,774,774,353,334,71,7,1,766,8,0
강원특별자치도,양구군,국토정중앙면,국토정중앙면제1투,286,196,70,114,10,2,0,196,0,90
강원특별자치도,양구군,국토정중앙면,국토정중앙면제2투,801,492,137,316,33,2,0,488,4,309
강원특별자치도,양구군,국토정중앙면,국토정중앙면제3투,559,355,94,237,14,1,0,346,9,204
강원특별자치도,양구군,국토정중앙면,국토정중앙면제4투,290,210,46,151,9,1,0,207,3,80
강원특별자치도,양구군,동면,관내사전투표,571,571,297,197,64,6,0,564,7,0
강원특별자치도,양구군,동면,동면제1투,333,229,63,155,9,0,0,227,2,104
강원특별자치도,양구군,동면,동면제2투,480,315,85,196,26,3,0,310,5,165
강원특별자치도,양구군,동면,동면제3투,252,187,50,117,12,1,3,183,4,65
강원특별자치도,양구군,방산면,관내사전투표,299,299,154,103,38,3,0,298,1,0
강원특별자치도,양구군,방산면,방산면제1투,243,173,61,98,8,2,1,170,3,70
강원특별자치도,양구군,방산면,방산면제2투,240,192,67,114,11,0,0,192,0,48
강원특별자치도,양구군,방산면,방산면제3투,174,107,38,60,9,0,0,107,0,67
강원특별자치도,양구군,해안면,관내사전투표,411,411,249,139,18,1,1,408,3,0
강원특별자치도,양구군,해안면,해안면투표소,609,384,126,238,18,1,0,383,1,225
강원특별자치도,철원군,거소·선상투표,,234,224,63,70,70,0,1,204,20,10
강원특별자치도,철원군,관외사전투표,,2728,2728,1309,935,407,34,6,2691,37,0
강원특별자치도,철원군,재외투표,,130,105,77,20,7,1,0,105,0,25
강원특별자치도,철원군,철원읍,관내사전투표,1408,1408,730,537,115,9,3,1394,14,0
강원특별자치도,철원군,철원읍,철원읍제1투,569,362,121,218,16,4,0,359,3,207
강원특별자치도,철원군,철원읍,철원읍제2투,985,630,240,321,59,6,1,627,3,355
강원특별자치도,철원군,철원읍,철원읍제3투,180,126,44,73,8,0,0,125,1,54
강원특별자치도,철원군,철원읍,철원읍제4투,370,241,91,142,6,2,0,241,0,129
강원특별자치도,철원군,철원읍,철원읍제5투,540,313,108,184,16,1,1,310,3,227
강원특별자치도,철원군,김화읍,관내사전투표,668,668,317,256,86,6,1,666,2,0
강원특별자치도,철원군,김화읍,김화읍제1투,391,245,80,149,11,4,0,244,1,146
강원특별자치도,철원군,김화읍,김화읍제2투,157,118,57,53,5,0,2,117,1,39
강원특별자치도,철원군,김화읍,김화읍제3투,895,618,181,383,45,3,1,613,5,277
강원특별자치도,철원군,김화읍,김화읍제4투,220,149,55,88,5,1,0,149,0,71
강원특별자치도,철원군,갈말읍,관내사전투표,2628,2628,1459,896,215,22,2,2594,34,0
강원특별자치도,철원군,갈말읍,갈말읍제1투,721,468,131,306,25,2,2,466,2,253
강원특별자치도,철원군,갈말읍,갈말읍제2투,695,455,122,297,27,3,0,449,6,240
강원특별자치도,철원군,갈말읍,갈말읍제3투,897,425,122,248,46,5,0,421,4,472
강원특별자치도,철원군,갈말읍,갈말읍제4투,430,278,95,159,19,1,0,274,4,152
강원특별자치도,철원군,갈말읍,갈말읍제5투,582,422,115,286,15,1,1,418,4,160
강원특별자치도,철원군,갈말읍,갈말읍제6투,442,303,71,220,8,1,1,301,2,139
강원특별자치도,철원군,갈말읍,갈말읍제7투,1798,1182,462,625,79,9,1,1176,6,616
강원특별자치도,철원군,갈말읍,갈말읍제8투,896,568,180,333,44,8,2,567,1,328
강원특별자치도,철원군,갈말읍,갈말읍제9투,148,122,38,77,5,0,0,120,2,26
강원특별자치도,철원군,동송읍,관내사전투표,2412,2412,1309,904,170,15,2,2400,12,0
강원특별자치도,철원군,동송읍,동송읍제1투,1905,1168,429,636,85,9,0,1159,9,737
강원특별자치도,철원군,동송읍,동송읍제2투,1067,672,231,403,27,6,0,667,5,395
강원특별자치도,철원군,동송읍,동송읍제3투,1376,893,318,497,68,4,2,889,4,483
강원특별자치도,철원군,동송읍,동송읍제4투,831,522,165,316,33,3,1,518,4,309
강원특별자치도,철원군,동송읍,동송읍제5투,325,235,69,155,8,0,1,233,2,90
강원특별자치도,철원군,동송읍,동송읍제6투,649,442,134,287,15,3,1,440,2,207
강원특별자치도,철원군,동송읍,동송읍제7투,393,272,75,184,10,2,0,271,1,121
강원특별자치도,철원군,동송읍,동송읍제8투,1038,663,221,396,35,3,0,655,8,375
강원특별자치도,철원군,동송읍,동송읍제9투,430,302,96,189,14,1,0,300,2,128
강원특별자치도,철원군,동송읍,동송읍제10투,244,184,86,93,3,0,0,182,2,60
강원특별자치도,철원군,서면,관내사전투표,1437,1437,718,537,148,13,2,1418,19,0
강원특별자치도,철원군,서면,서면제1투,902,555,191,321,34,4,3,553,2,347
강원특별자치도,철원군,서면,서면제2투,939,544,178,324,33,6,0,541,3,395
강원특별자치도,철원군,서면,서면제3투,1004,637,207,401,26,1,1,636,1,367
강원특별자치도,철원군,근남면,관내사전투표,386,386,194,143,37,4,0,378,8,0
강원특별자치도,철원군,근남면,근남면제1투,254,185,46,130,2,3,0,181,4,69
강원특별자치도,철원군,근남면,근남면제2투,583,394,127,236,22,4,2,391,3,189
강원특별자치도,철원군,근남면,근남면제3투,344,249,76,162,7,1,0,246,3,95
강원특별자치도,철원군,근북면,관내사전투표,71,71,38,18,11,0,0,67,4,0
강원특별자치도,철원군,근북면,근북면투표소,54,38,13,24,1,0,0,38,0,16
전북특별자치도,전주시완산구,거소·선상투표,,866,820,563,99,103,5,6,776,44,46
전북특별자치도,전주시완산구,관외사전투표,,36627,36613,29536,2784,3666,321,42,36349,264,14
전북특별자치도,전주시완산구,재외투표,,1264,1094,882,95,101,13,0,1091,3,170
전북특별자치도,전주시완산구,중앙동,관내사전투표,4035,4035,3518,311,167,25,3,4024,11,0
전북특별자치도,전주시완산구,중앙동,중앙동제1투,965,577,420,109,40,4,1,574,3,388
전북특별자치도,전주시완산구,중앙동,중앙동제2투,1285,802,452,264,65,10,3,794,8,483
전북특별자치도,전주시완산구,중앙동,중앙동제3투,1668,1083,753,212,98,11,2,1076,7,585
전북특별자치도,전주시완산구,풍남동,관내사전투표,2391,2391,2030,187,136,19,7,2379,12,0
전북특별자치도,전주시완산구,풍남동,풍남동제1투,778,453,305,123,18,6,0,452,1,325
전북특별자치도,전주시완산구,풍남동,풍남동제2투,903,548,410,115,19,1,0,545,3,355
전북특별자치도,전주시완산구,노송동,관내사전투표,2822,2822,2522,178,90,15,5,2810,12,0
전북특별자치도,전주시완산구,노송동,노송동제1투,969,597,421,135,33,6,0,595,2,372
전북특별자치도,전주시완산구,노송동,노송동제2투,366,192,134,47,8,1,0,190,2,174
전북특별자치도,전주시완산구,노송동,노송동제3투,1339,914,701,127,66,11,2,907,7,425
전북특별자치도,전주시완산구,노송동,노송동제4투,986,600,475,91,23,5,2,596,4,386
전북특별자치도,전주시완산구,노송동,노송동제5투,826,472,360,80,24,3,3,470,2,354
전북특별자치도,전주시완산구,완산동,관내사전투표,1989,1989,1756,115,93,14,2,1980,9,0
전북특별자치도,전주시완산구,완산동,완산동제1투,1155,766,619,111,24,5,3,762,4,389
전북특별자치도,전주시완산구,완산동,완산동제2투,1119,663,449,159,44,5,2,659,4,456
전북특별자치도,전주시완산구,동서학동,관내사전투표,2493,2493,2174,164,113,29,4,2484,9,0
전북특별자치도,전주시완산구,동서학동,동서학동제1투,1064,665,470,134,51,8,2,665,0,399
전북특별자치도,전주시완산구,동서학동,동서학동제2투,497,273,211,37,19,4,0,271,2,224
전북특별자치도,전주시완산구,동서학동,동서학동제3투,912,568,445,99,16,6,1,567,1,344
전북특별자치도,전주시완산구,서서학동,관내사전투표,3440,3440,3087,219,94,21,3,3424,16,0
전북특별자치도,전주시완산구,서서학동,서서학동제1투,918,481,328,107,26,11,0,472,9,437
전북특별자치도,전주시완산구,서서학동,서서학동제2투,1257,757,581,109,40,12,1,743,14,500
전북특별자치도,전주시완산구,서서학동,서서학동제3투,1035,594,434,117,37,4,0,592,2,441
전북특별자치도,전주시완산구,중화산1동,관내사전투표,5120,5119,4486,318,251,33,4,5092,27,1
전북특별자치도,전주시완산구,중화산1동,중화산1동제1투,1985,1108,732,271,86,14,1,1104,4,877
전북특별자치도,전주시완산구,중화산1동,중화산1동제2투,1895,1190,801,281,88,13,1,1184,6,705
전북특별자치도,전주시완산구,중화산1동,중화산1동제3투,1651,1125,784,256,69,7,3,1119,6,526
전북특별자치도,전주시완산구,중화산2동,관내사전투표,5027,5027,4331,329,291,47,6,5004,23,0
전북특별자치도,전주시완산구,중화산2동,중화산2동제1투,1955,1381,907,311,132,15,3,1368,13,574
전북특별자치도,전주시완산구,중화산2동,중화산2동제2투,2327,1117,805,201,94,9,1,1110,7,1210
전북특별자치도,전주시완산구,중화산2동,중화산2동제3투,2223,1370,989,246,107,14,3,1359,11,853
전북특별자치도,전주시완산구,중화산2동,중화산2동제4투,1523,978,721,182,62,7,1,973,5,545
전북특별자치도,전주시완산구,평화1동,관내사전투표,5102,5102,4571,319,153,31,5,5079,23,0
전북특별자치도,전주시완산구,평화1동,평화1동제1투,1558,849,618,174,40,15,1,848,1,709
전북특별자치도,전주시완산구,평화1동,평화1동제2투,1568,763,542,165,40,8,2,757,6,805
전북특별자치도,전주시완산구,평화1동,평화1동제3투,1780,1148,845,205,82,6,3,1141,7,632
전북특별자치도,전주시완산구,평화2동,관내사전투표,10407,10407,9345,554,407,58,9,10373,34,0
전북특별자치도,전주시완산구,평화2동,평화2동제1투,1413,846,584,189,55,11,2,841,5,567
전북특별자치도,전주시완산구,평화2동,평화2동제2투,2114,1374,1014,258,84,9,2,1367,7,740
전북특별자치도,전주시완산구,평화2동,평화2동제3투,1323,801,624,127,32,9,0,792,9,522
전북특별자치도,전주시완산구,평화2동,평화2동제4투,2309,1756,1386,233,98,25,4,1746,10,553
전북특별자치도,전주시완산구,평화2동,평화2동제5투,780,537,452,56,22,6,0,536,1,243
전북특별자치도,전주시완산구,평화2동,평화2동제6투,2194,1631,1261,248,98,14,1,1622,9,563
전북특별자치도,전주시완산구,평화2동,평화2동제7투,1604,1143,868,194,60,18,0,1140,3,461
전북특별자치도,전주시완산구,평화2동,평화2동제8투,2612,1887,1516,253,85,20,1,1875,12,725
전북특별자치도,전주시완산구,평화2동,평화2동제9투,2620,2013,1593,270,112,23,4,2002,11,607
전북특별자치도,전주시완산구,평화2동,평화2동제10투,1591,1259,998,154,80,17,1,1250,9,332
전북특별자치도,전주시완산구,서신동,관내사전투표,9684,9679,8578,546,444,64,5,9637,42,5
전북특별자치도,전주시완산구,서신동,서신동제1투,1283,839,590,169,66,9,0,834,5,444
전북특별자치도,전주시완산구,서신동,서신동제2투,1361,752,536,127,75,4,1,743,9,609
전북특별자치도,전주시완산구,서신동,서신동제3투,910,626,421,139,53,8,0,621,5,284
전북특별자치도,전주시완산구,서신동,서신동제4투,2648,1990,1451,355,146,24,3,1979,11,658
전북특별자치도,전주시완산구,서신동,서신동제5투,1522,960,710,151,69,20,2,952,8,562
전북특별자치도,전주시완산구,서신동,서신동제6투,1124,844,656,122,39,14,2,833,11,280
전북특별자치도,전주시완산구,서신동,서신동제7투,1319,973,769,118,70,6,0,963,10,346
전북특별자치도,전주시완산구,서신동,서신동제8투,2096,1600,1187,264,116,16,3,1586,14,496
전북특별자치도,전주시완산구,서신동,서신동제9투,1991,1581,1228,208,125,13,1,1575,6,410
전북특별자치도,전주시완산구,서신동,서신동제10투,2967,1901,1385,286,205,16,2,1894,7,1066
전북특별자치도,전주시완산구,삼천1동,관내사전투표,3671,3671,3256,252,124,17,4,3653,18,0
전북특별자치도,전주시완산구,삼천1동,삼천1동제1투,997,537,372,117,33,7,1,530,7,460
전북특별자치도,전주시완산구,삼천1동,삼천1동제2투,2174,1497,1121,279,86,8,0,1494,3,677
전북특별자치도,전주시완산구,삼천1동,삼천1동제3투,1301,790,561,149,67,6,1,784,6,511
전북특별자치도,전주시완산구,삼천2동,관내사전투표,4503,4503,4055,259,149,19,4,4486,17,0
전북특별자치도,전주시완산구,삼천2동,삼천2동제1투,1213,659,473,122,45,9,0,649,10,554
전북특별자치도,전주시완산구,삼천2동,삼천2동제2투,937,552,422,82,33,12,0,549,3,385
전북특별자치도,전주시완산구,삼천2동,삼천2동제3투,1782,1287,947,247,74,18,0,1286,1,495
전북특별자치도,전주시완산구,삼천2동,삼천2동제4투,1395,814,583,163,53,8,1,808,6,581
전북특별자치도,전주시완산구,삼천3동,관내사전투표,7061,7061,6332,360,279,45,5,7021,40,0
전북특별자치도,전주시완산구,삼천3동,삼천3동제1투,1301,858,628,157,56,10,1,852,6,443
전북특별자치도,전주시완산구,삼천3동,삼천3동제2투,730,419,326,72,15,5,0,418,1,311
전북특별자치도,전주시완산구,삼천3동,삼천3동제3투,1529,1056,805,169,67,12,1,1054,2,473
전북특별자치도,전주시완산구,삼천3동,삼천3동제4투,1614,1200,947,143,88,16,1,1195,5,414
전북특별자치도,전주시완산구,삼천3동,삼천3동제5투,1843,1223,938,218,44,13,3,1216,7,620
전북특별자치도,전주시완산구,삼천3동,삼천3동제6투,1568,1135,862,164,88,14,1,1129,6,433
전북특별자치도,전주시완산구,효자1동,관내사전투표,4814,4814,4261,350,146,28,4,4789,25,0
전북특별자치도,전주시완산구,효자1동,효자1동제1투,1508,925,651,198,54,16,2,921,4,583
전북특별자치도,전주시완산구,효자1동,효자1동제2투,1265,694,499,145,36,9,3,692,2,571
전북특별자치도,전주시완산구,효자1동,효자1동제3투,2361,1692,1259,305,93,21,3,1681,11,669
전북특별자치도,전주시완산구,효자2동,관내사전투표,3837,3837,3357,242,183,25,6,3813,24,0
전북특별자치도,전주시완산구,효자2동,효자2동제1투,1675,1142,813,249,68,4,1,1135,7,533
전북특별자치도,전주시완산구,효자2동,효자2동제2투,970,628,457,118,40,8,0,623,5,342
전북특별자치도,전주시완산구,효자2동,효자2동제3투,1383,792,511,191,73,9,2,786,6,591
전북특별자치도,전주시완산구,효자3동,관내사전투표,5732,5732,5049,361,252,40,11,5713,19,0
전북특별자치도,전주시완산구,효자3동,효자3동제1투,1133,724,464,188,58,6,0,716,8,409
전북특별자치도,전주시완산구,효자3동,효자3동제2투,1702,1176,868,213,72,10,4,1167,9,526
전북특별자치도,전주시완산구,효자3동,효자3동제3투,1556,1057,783,185,65,15,1,1049,8,499
전북특별자치도,전주시완산구,효자3동,효자3동제4투,1392,995,761,152,63,14,1,991,4,397
전북특별자치도,전주시완산구,효자4동,관내사전투표,7712,7712,6790,412,404,68,9,7683,29,0
전북특별자치도,전주시완산구,효자4동,효자4동제1투,1294,846,543,220,67,11,0,841,5,448
전북특별자치도,전주시완산구,효자4동,효자4동제2투,2548,1869,1254,393,191,24,2,1864,5,679
전북특별자치도,전주시완산구,효자4동,효자4동제3투,1518,1051,798,179,62,8,0,1047,4,467
전북특별자치도,전주시완산구,효자4동,효자4동제4투,1489,1040,768,184,67,15,2,1036,4,449
전북특별자치도,전주시완산구,효자4동,효자4동제5투,2096,1399,983,236,155,13,5,1392,7,697
전북특별자치도,전주시완산구,효자4동,효자4동제6투,634,313,214,62,26,3,2,307,6,321
전북특별자치도,전주시완산구,효자4동,효자4동제7투,2559,1716,1293,254,135,16,1,1699,17,843
전북특별자치도,전주시완산구,효자4동,효자4동제8투,1918,1516,1177,199,121,11,3,1511,5,402
전북특별자치도,전주시완산구,효자4동,효자4동제9투,2632,2027,1533,312,155,18,0,2018,9,605
전북특별자치도,전주시완산구,효자5동,관내사전투표,8896,8896,7449,582,714,87,8,8840,56,0
전북특별자치도,전주시완산구,효자5동,효자5동제1투,2666,1592,1066,339,154,16,5,1580,12,1074
전북특별자치도,전주시완산구,효자5동,효자5동제2투,2741,1550,988,318,207,20,1,1534,16,1191
전북특별자치도,전주시완산구,효자5동,효자5동제3투,1685,807,530,181,77,12,0,800,7,878
전북특별자치도,전주시완산구,효자5동,효자5동제4투,2869,1640,1116,306,186,19,2,1629,11,1229
전북특별자치도,전주시완산구,효자5동,효자5동제5투,2069,1507,1037,300,139,16,2,1494,13,562
전북특별자치도,전주시완산구,효자5동,효자5동제6투,2651,2061,1620,264,128,37,3,2052,9,590
전북특별자치도,전주시완산구,효자5동,효자5동제7투,2691,1853,1370,315,144,18,0,1847,6,838
충청남도,홍성군,거소·선상투표,,209,197,74,81,33,3,2,193,4,12
충청남도,홍성군,관외사전투표,,7572,7571,4091,2253,1034,104,9,7491,80,1
충청남도,홍성군,재외투표,,309,249,177,43,18,5,0,243,6,60
충청남도,홍성군,홍성읍,관내사전투표,7347,7347,4157,2641,440,64,6,7308,39,0
충청남도,홍성군,홍성읍,홍성읍제1투,1627,1067,283,713,50,7,3,1056,11,560
충청남도,홍성군,홍성읍,홍성읍제2투,2016,1363,422,866,58,10,2,1358,5,653
충청남도,홍성군,홍성읍,홍성읍제3투,2861,1610,591,885,102,20,3,1601,9,1251
충청남도,홍성군,홍성읍,홍성읍제4투,1663,958,305,601,33,7,1,947,11,705
충청남도,홍성군,홍성읍,홍성읍제5투,2501,1415,490,841,63,10,2,1406,9,1086
충청남도,홍성군,홍성읍,홍성읍제6투,2900,1869,523,1208,109,15,1,1856,13,1031
충청남도,홍성군,홍성읍,홍성읍제7투,2884,1762,591,1036,111,17,3,1758,4,1122
충청남도,홍성군,홍성읍,홍성읍제8투,3562,2143,879,1068,162,20,4,2133,10,1419
충청남도,홍성군,광천읍,관내사전투표,2392,2392,1084,1173,92,22,3,2374,18,0
충청남도,홍성군,광천읍,광천읍제1투,1335,803,174,592,27,3,2,798,5,532
충청남도,홍성군,광천읍,광천읍제2투,1622,951,266,647,23,4,1,941,10,671
충청남도,홍성군,광천읍,광천읍제3투,1483,889,228,613,34,3,1,879,10,594
충청남도,홍성군,홍북읍,관내사전투표,6685,6685,4513,1410,628,71,4,6626,59,0
충청남도,홍성군,홍북읍,홍북읍제1투,1100,729,211,467,35,10,3,726,3,371
충청남도,홍성군,홍북읍,홍북읍제2투,781,464,152,287,22,2,0,463,1,317
충청남도,홍성군,홍북읍,홍북읍제3투,614,387,133,233,18,3,0,387,0,227
충청남도,홍성군,홍북읍,홍북읍제4투,1800,1154,469,569,99,11,0,1148,6,646
충청남도,홍성군,홍북읍,홍북읍제5투,2017,1438,645,634,130,21,0,1430,8,579
충청남도,홍성군,홍북읍,홍북읍제6투,1876,1275,570,570,113,11,2,1266,9,601
충청남도,홍성군,홍북읍,홍북읍제7투,2821,1800,763,791,204,25,0,1783,17,1021
충청남도,홍성군,홍북읍,홍북읍제8투,2437,1712,794,736,147,24,2,1703,9,725
충청남도,홍성군,홍북읍,홍북읍제9투,2391,1628,701,703,188,19,3,1614,14,763
충청남도,홍성군,금마면,관내사전투표,925,925,534,315,55,10,1,915,10,0
충청남도,홍성군,금마면,금마면제1투,579,370,105,252,7,1,2,367,3,209
충청남도,홍성군,금마면,금마면제2투,606,395,125,253,10,4,0,392,3,211
충청남도,홍성군,금마면,금마면제3투,927,599,205,358,29,4,0,596,3,328
충청남도,홍성군,홍동면,관내사전투표,912,912,568,238,38,63,1,908,4,0
충청남도,홍성군,홍동면,홍동면제1투,763,475,171,253,21,20,3,468,7,288
충청남도,홍성군,홍동면,홍동면제2투,513,330,121,194,12,0,1,328,2,183
충청남도,홍성군,홍동면,홍동면제3투,737,494,136,340,13,2,1,492,2,243
충청남도,홍성군,장곡면,관내사전투표,633,633,330,251,41,9,0,631,2,0
충청남도,홍성군,장곡면,장곡면제1투,814,475,128,318,21,3,1,471,4,339
충청남도,홍성군,장곡면,장곡면제2투,377,233,76,147,6,3,0,232,1,144
충청남도,홍성군,장곡면,장곡면제3투,585,353,91,242,12,2,0,347,6,232
충청남도,홍성군,은하면,관내사전투표,495,495,245,217,23,7,1,493,2,0
충청남도,홍성군,은하면,은하면제1투,923,532,132,366,16,4,1,519,13,391
충청남도,홍성군,은하면,은하면제2투,426,283,44,226,8,1,0,279,4,143
충청남도,홍성군,결성면,관내사전투표,583,583,265,271,26,7,2,571,12,0
충청남도,홍성군,결성면,결성면제1투,790,497,104,372,18,1,0,495,2,293
충청남도,홍성군,결성면,결성면제2투,419,298,69,208,11,1,2,291,7,121
충청남도,홍성군,서부면,관내사전투표,889,889,418,424,38,5,0,885,4,0
충청남도,홍성군,서부면,서부면제1투,884,507,150,333,18,2,0,503,4,377
충청남도,홍성군,서부면,서부면제2투,921,555,133,388,24,4,0,549,6,366
충청남도,홍성군,갈산면,관내사전투표,1071,1071,471,519,63,6,0,1059,12,0
충청남도,홍성군,갈산면,갈산면제1투,1290,759,184,540,30,1,1,756,3,531
충청남도,홍성군,갈산면,갈산면제2투,324,236,57,166,7,2,1,233,3,88
충청남도,홍성군,갈산면,갈산면제3투,448,270,95,156,17,1,0,269,1,178
충청남도,홍성군,구항면,관내사전투표,1405,1405,863,424,81,21,3,1392,13,0
충청남도,홍성군,구항면,구항면제1투,1153,719,202,471,41,1,0,715,4,434
충청남도,홍성군,구항면,구항면제2투,931,577,181,370,16,3,3,573,4,354
충청남도,청양군,거소·선상투표,,56,53,14,27,9,0,0,50,3,3
충청남도,청양군,관외사전투표,,2619,2618,1284,977,300,21,4,2586,32,1
충청남도,청양군,재외투표,,92,76,51,15,10,0,0,76,0,16
충청남도,청양군,청양읍,관내사전투표,2832,2832,1411,1176,195,17,4,2803,29,0
충청남도,청양군,청양읍,청양읍제1투,1045,669,158,472,32,4,0,666,3,376
충청남도,청양군,청양읍,청양읍제2투,1866,1143,324,726,75,10,0,1135,8,723
충청남도,청양군,청양읍,청양읍제3투,1242,727,195,459,58,8,3,723,4,515
충청남도,청양군,청양읍,청양읍제4투,1061,693,184,460,35,9,1,689,4,368
충청남도,청양군,운곡면,관내사전투표,501,501,227,243,24,5,1,500,1,0
충청남도,청양군,운곡면,운곡면투표소,1213,757,157,566,22,6,1,752,5,456
충청남도,청양군,대치면,관내사전투표,622,622,317,255,40,4,0,616,6,0
충청남도,청양군,대치면,대치면제1투,624,391,76,295,13,3,0,387,4,233
충청남도,청양군,대치면,대치면제2투,616,416,95,309,8,2,0,414,2,200
충청남도,청양군,정산면,관내사전투표,964,964,495,384,70,4,0,953,11,0
충청남도,청양군,정산면,정산면제1투,968,585,163,386,27,4,1,581,4,383
충청남도,청양군,정산면,정산면제2투,856,511,140,332,31,2,0,505,6,345
충청남도,청양군,목면,관내사전투표,336,336,190,124,15,5,0,334,2,0
충청남도,청양군,목면,목면제1투,420,249,57,175,8,3,1,244,5,171
충청남도,청양군,목면,목면제2투,382,264,89,156,13,2,1,261,3,118
충청남도,청양군,청남면,관내사전투표,404,404,217,160,19,1,1,398,6,0
충청남도,청양군,청남면,청남면투표소,1050,675,158,479,28,3,0,668,7,375
충청남도,청양군,장평면,관내사전투표,496,496,258,213,21,1,2,495,1,0
충청남도,청양군,장평면,장평면제1투,588,382,123,237,17,2,1,380,2,206
충청남도,청양군,장평면,장평면제2투,331,230,60,151,10,2,1,224,6,101
충청남도,청양군,장평면,장평면제3투,373,244,85,148,10,0,0,243,1,129
충청남도,청양군,남양면,관내사전투표,692,692,373,270,33,7,2,685,7,0
충청남도,청양군,남양면,남양면제1투,1054,605,151,425,20,3,0,599,6,449
충청남도,청양군,남양면,남양면제2투,451,269,79,183,5,1,0,268,1,182
충청남도,청양군,화성면,관내사전투표,524,524,258,236,21,5,1,521,3,0
충청남도,청양군,화성면,화성면투표소,1192,726,190,497,22,6,2,717,9,466
충청남도,청양군,비봉면,관내사전투표,501,501,273,185,32,3,3,496,5,0
충청남도,청양군,비봉면,비봉면제1투,751,477,140,311,19,3,2,475,2,274
충청남도,청양군,비봉면,비봉면제2투,443,293,96,181,12,4,0,293,0,150
충청남도,예산군,거소·선상투표,,141,128,48,50,13,4,1,116,12,13
충청남도,예산군,관외사전투표,,6735,6734,3574,2202,811,70,9,6666,68,1
충청남도,예산군,재외투표,,255,203,139,40,17,4,0,200,3,52
충청남도,예산군,예산읍,관내사전투표,5304,5300,2779,2116,332,38,4,5269,31,4
충청남도,예산군,예산읍,예산읍제1투,1665,1007,193,761,43,6,1,1004,3,658
충청남도,예산군,예산읍,예산읍제2투,2009,1425,430,909,69,11,1,1420,5,584
충청남도,예산군,예산읍,예산읍제3투,1894,1186,265,854,47,5,1,1172,14,708
충청남도,예산군,예산읍,예산읍제4투,1551,1010,272,674,50,5,0,1001,9,541
충청남도,예산군,예산읍,예산읍제5투,1731,1080,335,667,58,10,3,1073,7,651
충청남도,예산군,예산읍,예산읍제6투,2174,1343,430,813,77,9,2,1331,12,831
충청남도,예산군,예산읍,예산읍제7투,2367,1517,507,901,87,10,3,1508,9,850
충청남도,예산군,예산읍,예산읍제8투,1526,1003,223,746,25,3,2,999,4,523
충청남도,예산군,예산읍,예산읍제9투,2482,1639,429,1115,78,9,0,1631,8,843
충청남도,예산군,예산읍,예산읍제10투,1053,725,166,519,27,4,0,716,9,328
충청남도,예산군,삽교읍,관내사전투표,2240,2240,1060,1014,128,17,2,2221,19,0
충청남도,예산군,삽교읍,삽교읍제1투,2321,1374,292,996,62,14,1,1365,9,947
충청남도,예산군,삽교읍,삽교읍제2투,2666,1850,736,879,192,29,1,1837,13,816
충청남도,예산군,삽교읍,삽교읍제3투,1303,725,184,502,29,3,3,721,4,578
충청남도,예산군,삽교읍,삽교읍제4투,2983,2026,875,889,216,33,2,2015,11,957
충청남도,예산군,대술면,관내사전투표,627,627,308,286,28,1,0,623,4,0
충청남도,예산군,대술면,대술면투표소,1438,912,224,628,44,4,0,900,12,526
충청남도,예산군,신양면,관내사전투표,746,746,315,379,33,10,1,738,8,0
충청남도,예산군,신양면,신양면투표소,1751,1150,270,816,46,3,1,1136,14,601
충청남도,예산군,광시면,관내사전투표,753,753,296,413,34,3,2,748,5,0
충청남도,예산군,광시면,광시면투표소,1723,1057,234,769,42,4,1,1050,7,666
충청남도,예산군,대흥면,관내사전투표,262,262,129,105,25,3,0,262,0,0
충청남도,예산군,대흥면,대흥면제1투,451,296,57,229,6,1,0,293,3,155
충청남도,예산군,대흥면,대흥면제2투,643,455,76,361,12,2,1,452,3,188
충청남도,예산군,응봉면,관내사전투표,675,675,334,274,51,8,1,668,7,0
충청남도,예산군,응봉면,응봉면제1투,938,586,116,434,27,3,0,580,6,352
충청남도,예산군,응봉면,응봉면제2투,499,316,71,235,6,2,1,315,1,183
충청남도,예산군,덕산면,관내사전투표,1906,1906,950,823,102,16,3,1894,12,0
충청남도,예산군,덕산면,덕산면제1투,2001,1208,325,816,52,6,2,1201,7,793
충청남도,예산군,덕산면,덕산면제2투,997,626,145,455,23,2,0,625,1,371
충청남도,예산군,덕산면,덕산면제3투,836,537,127,375,27,2,0,531,6,299
충청남도,예산군,봉산면,관내사전투표,485,485,228,231,23,1,0,483,2,0
충청남도,예산군,봉산면,봉산면투표소,1407,878,188,627,44,6,1,866,12,529
충청남도,예산군,고덕면,관내사전투표,1116,1116,533,500,74,4,2,1113,3,0
충청남도,예산군,고덕면,고덕면제1투,1501,905,224,650,23,4,1,902,3,596
충청남도,예산군,고덕면,고덕면제2투,595,386,109,259,14,3,0,385,1,209
충청남도,예산군,고덕면,고덕면제3투,466,324,99,199,12,8,1,319,5,142
충청남도,예산군,신암면,관내사전투표,1312,1312,682,531,79,14,2,1308,4,0
충청남도,예산군,신암면,신암면제1투,1462,871,209,607,42,5,0,863,8,591
충청남도,예산군,신암면,신암면제2투,574,369,123,239,5,1,0,368,1,205
충청남도,예산군,오가면,관내사전투표,1080,1080,495,515,59,2,1,1072,8,0
충청남도,예산군,오가면,오가면제1투,1378,841,170,618,38,6,1,833,8,537
충청남도,예산군,오가면,오가면제2투,1033,643,160,445,23,5,0,633,10,390
충청남도,당진시,거소·선상투표,,224,206,73,82,31,2,4,192,14,18
충청남도,당진시,관외사전투표,,9669,9668,5072,3141,1250,84,19,9566,102,1
충청남도,당진시,재외투표,,407,317,227,55,26,7,1,316,1,90
충청남도,당진시,당진1동,관내사전투표,6486,6486,4036,1893,443,56,3,6431,55,0
충청남도,당진시,당진1동,당진1동제1투,2853,1643,662,808,144,21,1,1636,7,1210
충청남도,당진시,당진1동,당진1동제2투,3084,1767,620,1013,106,11,2,1752,15,1317
충청남도,당진시,당진1동,당진1동제3투,3030,1712,567,993,116,21,4,1701,11,1318
충청남도,당진시,당진1동,당진1동제4투,2974,1673,744,762,139,15,2,1662,11,1301
충청남도,당진시,당진1동,당진1동제5투,5220,3711,1843,1433,352,53,3,3684,27,1509
충청남도,당진시,당진1동,당진1동제6투,3238,2402,1160,933,261,28,1,2383,19,836
충청남도,당진시,당진2동,관내사전투표,4207,4207,2830,996,294,52,7,4179,28,0
충청남도,당진시,당진2동,당진2동제1투,434,288,70,206,9,2,0,287,1,146
충청남도,당진시,당진2동,당진2동제2투,2564,1498,529,848,95,18,0,1490,8,1066
충청남도,당진시,당진2동,당진2동제3투,1372,842,331,455,39,9,1,835,7,530
충청남도,당진시,당진2동,당진2동제4투,2588,1758,891,730,101,24,4,1750,8,830
충청남도,당진시,당진2동,당진2동제5투,4091,2616,1106,1253,206,25,3,2593,23,1475
충청남도,당진시,당진3동,관내사전투표,5571,5571,3832,1180,484,39,2,5537,34,0
충청남도,당진시,당진3동,당진3동제1투,2885,1750,667,937,129,7,1,1741,9,1135
충청남도,당진시,당진3동,당진3동제2투,1902,1261,493,657,82,20,1,1253,8,641
충청남도,당진시,당진3동,당진3동제3투,1313,909,385,424,83,11,1,904,5,404
충청남도,당진시,당진3동,당진3동제4투,1698,940,375,485,64,8,2,934,6,758
충청남도,당진시,합덕읍,관내사전투표,2249,2249,1323,772,118,21,0,2234,15,0
충청남도,당진시,합덕읍,합덕읍제1투,799,517,109,388,11,2,0,510,7,282
충청남도,당진시,합덕읍,합덕읍제2투,1004,572,158,391,14,6,1,570,2,432
충청남도,당진시,합덕읍,합덕읍제3투,1598,836,247,542,38,4,2,833,3,762
충청남도,당진시,합덕읍,합덕읍제4투,674,403,123,263,13,2,0,401,2,271
충청남도,당진시,합덕읍,합덕읍제5투,824,515,156,337,16,1,3,513,2,309
충청남도,당진시,송악읍,관내사전투표,6737,6737,4763,1502,398,43,6,6712,25,0
충청남도,당진시,송악읍,송악읍제1투,3889,2459,1176,1046,201,19,5,2447,12,1430
충청남도,당진시,송악읍,송악읍제2투,684,430,149,268,9,0,0,426,4,254
충청남도,당진시,송악읍,송악읍제3투,2782,1710,691,911,83,12,0,1697,13,1072
충청남도,당진시,송악읍,송악읍제4투,1923,1043,392,609,34,8,0,1043,0,880
충청남도,당진시,송악읍,송악읍제5투,3304,1949,880,921,112,22,2,1937,12,1355
충청남도,당진시,송악읍,송악읍제6투,3412,2069,1114,800,126,18,3,2061,8,1343
충청남도,당진시,고대면,관내사전투표,2227,2227,1377,699,117,15,2,2210,17,0
충청남도,당진시,고대면,고대면제1투,1080,676,182,457,22,8,1,670,6,404
충청남도,당진시,고대면,고대면제2투,1520,846,276,519,39,3,1,838,8,674
충청남도,당진시,고대면,고대면제3투,753,442,131,300,9,2,0,442,0,311
충청남도,당진시,석문면,관내사전투표,2630,2630,1689,707,183,33,1,2613,17,0
충청남도,당진시,석문면,석문면제1투,2056,1136,427,619,66,15,0,1127,9,920
충청남도,당진시,석문면,석문면제2투,2121,1184,417,702,48,11,1,1179,5,937
충청남도,당진시,석문면,석문면제3투,192,127,24,89,9,1,1,124,3,65
충청남도,당진시,석문면,석문면제4투,348,242,104,130,6,0,0,240,2,106
충청남도,당진시,대호지면,관내사전투표,456,456,229,187,32,4,2,454,2,0
충청남도,당진시,대호지면,대호지면제1투,865,546,150,362,27,3,0,542,4,319
충청남도,당진시,대호지면,대호지면제2투,580,388,126,235,19,4,0,384,4,192
충청남도,당진시,정미면,관내사전투표,921,920,502,336,52,6,5,901,19,1
충청남도,당진시,정미면,정미면제1투,1415,799,198,552,39,6,0,795,4,616
충청남도,당진시,정미면,정미면제2투,717,455,145,289,16,2,2,454,1,262
충청남도,당진시,면천면,관내사전투표,1003,1003,557,378,54,6,1,996,7,0
충청남도,당진시,면천면,면천면제1투,1366,837,216,589,24,3,0,832,5,529
충청남도,당진시,면천면,면천면제2투,633,404,116,271,10,3,0,400,4,229
충청남도,당진시,순성면,관내사전투표,1165,1165,688,381,66,21,1,1157,8,0
충청남도,당진시,순성면,순성면제1투,1617,967,278,621,54,8,1,962,5,650
충청남도,당진시,순성면,순성면제2투,620,381,103,266,7,1,2,379,2,239
충청남도,당진시,순성면,순성면제3투,682,439,151,274,9,4,0,438,1,243
충청남도,당진시,우강면,관내사전투표,1155,1155,642,437,60,9,0,1148,7,0
충청남도,당진시,우강면,우강면제1투,2266,1355,403,865,65,11,2,1346,9,911
충청남도,당진시,우강면,우강면제2투,442,311,116,183,8,2,0,309,2,131
충청남도,당진시,우강면,우강면제3투,509,311,101,202,4,3,0,310,1,198
충청남도,당진시,신평면,관내사전투표,3770,3770,2466,1050,206,31,5,3758,12,0
충청남도,당진시,신평면,신평면제1투,1902,1198,421,710,53,9,3,1196,2,704
충청남도,당진시,신평면,신평면제2투,3781,2252,980,1079,137,35,2,2233,19,1529
충청남도,당진시,신평면,신평면제3투,866,535,135,364,29,3,1,532,3,331
충청남도,당진시,신평면,신평면제4투,1366,843,288,518,28,4,0,838,5,523
충청남도,당진시,송산면,관내사전투표,3294,3294,2141,864,240,22,2,3269,25,0
충청남도,당진시,송산면,송산면제1투,1430,843,316,460,52,10,1,839,4,587
충청남도,당진시,송산면,송산면제2투,1358,734,219,474,36,4,0,733,1,624
충청남도,당진시,송산면,송산면제3투,3401,1888,881,825,152,21,2,1881,7,1513
충청남도,천안시서북구,거소·선상투표,,398,382,137,116,101,4,1,359,23,16
충청남도,천안시서북구,관외사전투표,,27184,27168,15441,7093,4024,275,35,26868,300,16
충청남도,천안시서북구,재외투표,,1253,1017,694,181,110,16,2,1003,14,236
충청남도,천안시서북구,성환읍,관내사전투표,4730,4730,2769,1569,320,36,4,4698,32,0
충청남도,천안시서북구,성환읍,성환읍제1투,1358,849,252,533,53,9,1,848,1,509
충청남도,천안시서북구,성환읍,성환읍제2투,2161,1300,400,779,95,13,1,1288,12,861
충청남도,천안시서북구,성환읍,성환읍제3투,1469,1027,449,504,57,13,0,1023,4,442
충청남도,천안시서북구,성환읍,성환읍제4투,576,397,116,252,26,2,1,397,0,179
충청남도,천안시서북구,성환읍,성환읍제5투,756,508,173,315,15,4,0,507,1,248
충청남도,천안시서북구,성환읍,성환읍제6투,1382,867,267,544,43,4,0,858,9,515
충청남도,천안시서북구,성환읍,성환읍제7투,1911,1044,317,633,80,4,1,1035,9,867
충청남도,천안시서북구,성환읍,성환읍제8투,570,384,125,232,20,6,0,383,1,186
충청남도,천안시서북구,성환읍,성환읍제9투,2190,1356,535,719,77,13,3,1347,9,834
충청남도,천안시서북구,성환읍,성환읍제10투,1867,1292,605,556,88,27,1,1277,15,575
충청남도,천안시서북구,성거읍,관내사전투표,3246,3245,2149,835,211,25,4,3224,21,1
충청남도,천안시서북구,성거읍,성거읍제1투,2499,1458,659,693,82,12,3,1449,9,1041
충청남도,천안시서북구,성거읍,성거읍제2투,1397,880,296,534,42,4,1,877,3,517
충청남도,천안시서북구,성거읍,성거읍제3투,3914,2587,1244,1060,219,39,1,2563,24,1327
충청남도,천안시서북구,성거읍,성거읍제4투,2255,1355,483,721,109,25,2,1340,15,900
충청남도,천안시서북구,성거읍,성거읍제5투,1321,757,229,467,50,6,1,753,4,564
충청남도,천안시서북구,성거읍,성거읍제6투,1563,1092,493,497,90,6,1,1087,5,471
충청남도,천안시서북구,직산읍,관내사전투표,5707,5707,3696,1426,485,49,5,5661,46,0
충청남도,천안시서북구,직산읍,직산읍제1투,1131,779,220,511,37,5,0,773,6,352
충청남도,천안시서북구,직산읍,직산읍제2투,3213,1937,871,835,190,28,1,1925,12,1276
충청남도,천안시서북구,직산읍,직산읍제3투,1831,1125,361,686,65,6,2,1120,5,706
충청남도,천안시서북구,직산읍,직산읍제4투,1820,1013,392,512,89,8,2,1003,10,807
충청남도,천안시서북구,직산읍,직산읍제5투,1802,1054,530,416,86,13,1,1046,8,748
충청남도,천안시서북구,직산읍,직산읍제6투,2161,1346,593,639,83,18,4,1337,9,815
충청남도,천안시서북구,입장면,관내사전투표,2468,2469,1486,794,149,24,1,2454,15,-1
충청남도,천안시서북구,입장면,입장면제1투,1576,898,292,528,56,7,2,885,13,678
충청남도,천안시서북구,입장면,입장면제2투,676,455,136,279,26,7,1,449,6,221
충청남도,천안시서북구,입장면,입장면제3투,1931,1162,366,731,53,2,0,1152,10,769
충청남도,천안시서북구,입장면,입장면제4투,612,407,130,250,22,2,0,404,3,205
충청남도,천안시서북구,성정1동,관내사전투표,1971,1971,1214,578,146,20,0,1958,13,0
충청남도,천안시서북구,성정1동,성정1동제1투,1816,1146,403,633,93,6,2,1137,9,670
충청남도,천안시서북구,성정1동,성정1동제2투,3364,1736,620,955,135,16,0,1726,10,1628
충청남도,천안시서북구,성정1동,성정1동제3투,3185,1645,554,947,113,11,2,1627,18,1540
충청남도,천안시서북구,성정1동,성정1동제4투,2882,2058,742,1106,174,22,3,2047,11,824
충청남도,천안시서북구,성정2동,관내사전투표,3530,3530,2218,936,298,41,3,3496,34,0
충청남도,천안시서북구,성정2동,성정2동제1투,1293,659,273,301,73,6,0,653,6,634
충청남도,천안시서북구,성정2동,성정2동제2투,3312,1810,652,943,172,24,2,1793,17,1502
충청남도,천안시서북구,성정2동,성정2동제3투,2907,1723,644,908,141,19,3,1715,8,1184
충청남도,천안시서북구,성정2동,성정2동제4투,2751,1163,416,618,110,9,1,1154,9,1588
충청남도,천안시서북구,성정2동,성정2동제5투,4558,1904,701,913,247,22,2,1885,19,2654
충청남도,천안시서북구,성정2동,성정2동제6투,3023,1045,403,461,156,6,0,1026,19,1978
충청남도,천안시서북구,쌍용1동,관내사전투표,2562,2562,1587,718,211,25,1,2542,20,0
충청남도,천안시서북구,쌍용1동,쌍용1동제1투,1999,1225,386,729,86,11,0,1212,13,774
충청남도,천안시서북구,쌍용1동,쌍용1동제2투,1987,1166,372,676,96,13,2,1159,7,821
충청남도,천안시서북구,쌍용1동,쌍용1동제3투,2004,1311,507,663,114,14,2,1300,11,693
충청남도,천안시서북구,쌍용1동,쌍용1동제4투,2088,1437,537,791,84,14,1,1427,10,651
충청남도,천안시서북구,쌍용2동,관내사전투표,5667,5667,3656,1382,538,49,9,5634,33,0
충청남도,천안시서북구,쌍용2동,쌍용2동제1투,2685,1753,609,964,149,17,1,1740,13,932
충청남도,천안시서북구,쌍용2동,쌍용2동제2투,1981,1315,523,669,98,10,0,1300,15,666
충청남도,천안시서북구,쌍용2동,쌍용2동제3투,1837,1094,431,517,122,13,1,1084,10,743
충청남도,천안시서북구,쌍용2동,쌍용2동제4투,3233,2393,1106,1002,242,25,2,2377,16,840
충청남도,천안시서북구,쌍용2동,쌍용2동제5투,1380,857,343,405,93,10,0,851,6,523
충청남도,천안시서북구,쌍용2동,쌍용2동제6투,2427,1749,734,849,134,18,4,1739,10,678
충청남도,천안시서북구,쌍용2동,쌍용2동제7투,2641,2055,944,906,165,26,2,2043,12,586
충청남도,천안시서북구,쌍용2동,쌍용2동제8투,3943,2703,1063,1386,209,19,3,2680,23,1240
충청남도,천안시서북구,쌍용3동,관내사전투표,4664,4664,3113,1109,381,34,2,4639,25,0
충청남도,천안시서북구,쌍용3동,쌍용3동제1투,2122,1437,516,790,115,8,0,1429,8,685
충청남도,천안시서북구,쌍용3동,쌍용3동제2투,1829,1123,429,616,51,13,4,1113,10,706
충청남도,천안시서북구,쌍용3동,쌍용3동제3투,1223,778,292,401,61,12,0,766,12,445
충청남도,천안시서북구,쌍용3동,쌍용3동제4투,1591,956,429,425,78,15,0,947,9,635
충청남도,천안시서북구,쌍용3동,쌍용3동제5투,1696,1145,508,489,128,8,1,1134,11,551
충청남도,천안시서북구,쌍용3동,쌍용3동제6투,1774,1427,478,784,142,18,0,1422,5,347
충청남도,천안시서북구,백석동,관내사전투표,4697,4697,3230,999,402,42,5,4678,19,0
충청남도,천안시서북구,백석동,백석동제1투,1961,1342,578,582,157,14,1,1332,10,619
충청남도,천안시서북구,백석동,백석동제2투,1665,1207,502,611,70,15,0,1198,9,458
충청남도,천안시서북구,백석동,백석동제3투,2405,1692,726,829,115,14,1,1685,7,713
충청남도,천안시서북구,백석동,백석동제4투,3277,2224,1021,948,202,28,1,2200,24,1053
충청남도,천안시서북구,백석동,백석동제5투,2639,1955,958,801,166,17,8,1950,5,684
충청남도,천안시서북구,백석동,백석동제6투,4024,2834,1255,1211,317,27,6,2816,18,1190
충청남도,천안시서북구,백석동,백석동제7투,2661,2186,1163,766,214,26,3,2172,14,475
충청남도,천안시서북구,백석동,백석동제8투,2286,1818,1016,595,175,24,0,1810,8,468
충청남도,천안시서북구,백석동,백석동제9투,1775,1249,530,570,128,12,1,1241,8,526
충청남도,천안시서북구,불당1동,관내사전투표,3909,3909,2593,803,425,50,3,3874,35,0
충청남도,천안시서북구,불당1동,불당1동제1투,3139,2391,1102,1037,202,31,0,2372,19,748
충청남도,천안시서북구,불당1동,불당1동제2투,2377,1809,919,676,174,28,2,1799,10,568
충청남도,천안시서북구,불당1동,불당1동제3투,2046,1399,630,593,143,21,1,1388,11,647
충청남도,천안시서북구,불당1동,불당1동제4투,2674,1853,775,866,175,26,2,1844,9,821
충청남도,천안시서북구,불당1동,불당1동제5투,1331,882,327,421,122,8,0,878,4,449
충청남도,천안시서북구,불당1동,불당1동제6투,2735,2013,770,986,228,20,1,2005,8,722
충청남도,천안시서북구,불당1동,불당1동제7투,3475,2596,1220,953,363,35,1,2572,24,879
충청남도,천안시서북구,불당2동,관내사전투표,6513,6513,4263,1355,770,68,8,6464,49,0
충청남도,천안시서북구,불당2동,불당2동제1투,3560,2805,1222,1239,281,41,2,2785,20,755
충청남도,천안시서북구,불당2동,불당2동제2투,2682,1955,806,904,215,17,1,1943,12,727
충청남도,천안시서북구,불당2동,불당2동제3투,2369,1825,795,792,209,22,0,1818,7,544
충청남도,천안시서북구,불당2동,불당2동제4투,3321,2516,1194,1030,239,33,1,2497,19,805
충청남도,천안시서북구,불당2동,불당2동제5투,2974,2266,1119,822,271,26,2,2240,26,708
충청남도,천안시서북구,불당2동,불당2동제6투,3230,2212,923,973,277,21,1,2195,17,1018
충청남도,천안시서북구,부성1동,관내사전투표,7615,7615,4869,1495,1111,70,9,7554,61,0
충청남도,천안시서북구,부성1동,부성1동제1투,1857,1276,532,576,138,17,3,1266,10,581
충청남도,천안시서북구,부성1동,부성1동제2투,4343,2918,1129,1330,401,30,4,2894,24,1425
충청남도,천안시서북구,부성1동,부성1동제3투,687,455,157,268,21,4,0,450,5,232
충청남도,천안시서북구,부성1동,부성1동제4투,1922,1391,585,656,122,10,1,1374,17,531
충청남도,천안시서북구,부성1동,부성1동제5투,2765,1694,789,677,193,22,2,1683,11,1071
충청남도,천안시서북구,부성1동,부성1동제6투,1177,826,404,334,70,11,0,819,7,351
충청남도,천안시서북구,부성1동,부성1동제7투,2357,1491,679,623,152,23,2,1479,12,866
충청남도,천안시서북구,부성1동,부성1동제8투,2479,1709,720,736,217,16,2,1691,18,770
충청남도,천안시서북구,부성1동,부성1동제9투,4355,2032,710,895,382,20,3,2010,22,2323
충청남도,천안시서북구,부성1동,부성1동제10투,2449,1899,930,744,186,18,4,1882,17,550
충청남도,천안시서북구,부성1동,부성1동제11투,3350,2352,1084,982,245,26,0,2337,15,998
충청남도,천안시서북구,부성1동,부성1동제12투,3146,2247,942,956,313,22,3,2236,11,899
충청남도,천안시서북구,부성1동,부성1동제13투,2184,1767,852,666,215,29,1,1763,4,417
충청남도,천안시서북구,부성2동,관내사전투표,9162,9162,6280,1738,994,79,7,9098,64,0
충청남도,천안시서북구,부성2동,부성2동제1투,2958,2177,1207,698,236,25,3,2169,8,781
충청남도,천안시서북구,부성2동,부성2동제2투,2955,2160,992,927,205,20,3,2147,13,795
충청남도,천안시서북구,부성2동,부성2동제3투,3380,2344,1122,972,211,28,1,2334,10,1036
충청남도,천안시서북구,부성2동,부성2동제4투,2676,1211,471,519,196,9,1,1196,15,1465
충청남도,천안시서북구,부성2동,부성2동제5투,3014,1856,832,768,214,20,1,1835,21,1158
충청남도,천안시서북구,부성2동,부성2동제6투,2841,1602,690,685,184,28,4,1591,11,1239
충청남도,천안시서북구,부성2동,부성2동제7투,2424,1642,754,728,123,27,0,1632,10,782
충청남도,천안시서북구,부성2동,부성2동제8투,2667,1746,886,626,192,25,3,1732,14,921
충청남도,천안시서북구,부성2동,부성2동제9투,1750,1359,751,392,186,17,3,1349,10,391
충청남도,천안시서북구,부성2동,부성2동제10투,3754,2634,1207,1053,328,27,5,2620,14,1120
충청남도,천안시서북구,부성2동,부성2동제11투,2757,2249,1213,740,245,31,0,2229,20,508
충청남도,천안시서북구,부성2동,부성2동제12투,2462,1968,1006,660,259,27,3,1955,13,494
충청남도,천안시서북구,부성2동,부성2동제13투,3279,2257,1130,809,288,18,0,2245,12,1022
충청남도,천안시동남구,거소·선상투표,,352,337,159,105,63,1,1,329,8,15
충청남도,천안시동남구,관외사전투표,,19380,19375,11084,5132,2747,189,34,19186,189,5
충청남도,천안시동남구,재외투표,,985,809,564,144,80,14,2,804,5,176
충청남도,천안시동남구,목천읍,관내사전투표,3323,3323,2179,917,173,33,1,3303,20,0
충청남도,천안시동남구,목천읍,목천읍제1투,2456,1458,459,909,73,6,2,1449,9,998
충청남도,천안시동남구,목천읍,목천읍제2투,1702,1040,361,604,60,6,1,1032,8,662
충청남도,천안시동남구,목천읍,목천읍제3투,656,468,138,305,14,7,1,465,3,188
충청남도,천안시동남구,목천읍,목천읍제4투,1962,1282,537,643,80,14,2,1276,6,680
충청남도,천안시동남구,목천읍,목천읍제5투,2599,1786,918,710,120,21,6,1775,11,813
충청남도,천안시동남구,목천읍,목천읍제6투,1154,745,350,332,52,4,1,739,6,409
충청남도,천안시동남구,목천읍,목천읍제7투,3787,2328,1094,1026,166,24,4,2314,14,1459
충청남도,천안시동남구,풍세면,관내사전투표,2461,2461,1613,594,203,30,1,2441,20,0
충청남도,천안시동남구,풍세면,풍세면제1투,4377,2581,997,1302,242,24,2,2567,14,1796
충청남도,천안시동남구,풍세면,풍세면제2투,522,357,84,244,21,5,0,354,3,165
충청남도,천안시동남구,풍세면,풍세면제3투,1130,704,190,457,41,8,1,697,7,426
충청남도,천안시동남구,광덕면,관내사전투표,753,753,452,273,21,4,0,750,3,0
충청남도,천안시동남구,광덕면,광덕면제1투,1127,821,136,654,25,1,0,816,5,306
충청남도,천안시동남구,광덕면,광덕면제2투,932,631,169,434,19,6,0,628,3,301
충청남도,천안시동남구,광덕면,광덕면제3투,654,419,127,269,12,6,1,415,4,235
충청남도,천안시동남구,북면,관내사전투표,702,702,389,254,31,9,6,689,13,0
충청남도,천안시동남구,북면,북면제1투,1671,963,308,588,50,8,2,956,7,708
충청남도,천안시동남구,북면,북면제2투,861,566,105,426,26,4,2,563,3,295
충청남도,천안시동남구,성남면,관내사전투표,1195,1195,686,421,64,14,1,1186,9,0
충청남도,천안시동남구,성남면,성남면제1투,691,419,131,269,13,1,1,415,4,272
충청남도,천안시동남구,성남면,성남면제2투,1074,631,145,455,18,5,2,625,6,443
충청남도,천안시동남구,수신면,관내사전투표,907,907,542,297,53,6,3,901,6,0
충청남도,천안시동남구,수신면,수신면제1투,878,544,140,363,32,6,0,541,3,334
충청남도,천안시동남구,수신면,수신면제2투,396,234,61,163,7,3,0,234,0,162
충청남도,천안시동남구,병천면,관내사전투표,2147,2147,1185,744,189,16,4,2138,9,0
충청남도,천안시동남구,병천면,병천면제1투,2175,1195,360,742,77,11,1,1191,4,980
충청남도,천안시동남구,병천면,병천면제2투,966,603,191,388,18,2,0,599,4,363
충청남도,천안시동남구,병천면,병천면제3투,514,350,121,216,9,0,1,347,3,164
충청남도,천안시동남구,동면,관내사전투표,603,603,296,259,36,5,2,598,5,0
충청남도,천안시동남구,동면,동면투표소,1119,674,166,460,35,5,1,667,7,445
충청남도,천안시동남구,중앙동,관내사전투표,1707,1707,933,657,92,9,1,1692,15,0
충청남도,천안시동남구,중앙동,중앙동제1투,1580,866,220,592,47,5,0,864,2,714
충청남도,천안시동남구,중앙동,중앙동제2투,1533,924,306,547,54,8,0,915,9,609
충청남도,천안시동남구,문성동,관내사전투표,2007,2007,1193,605,164,22,3,1987,20,0
충청남도,천안시동남구,문성동,문성동제1투,2031,1178,367,700,90,10,3,1170,8,853
충청남도,천안시동남구,문성동,문성동제2투,2362,1764,761,776,181,25,3,1746,18,598
충청남도,천안시동남구,원성1동,관내사전투표,1645,1645,938,546,133,14,2,1633,12,0
충청남도,천안시동남구,원성1동,원성1동제1투,1561,945,303,573,49,14,1,940,5,616
충청남도,천안시동남구,원성1동,원성1동제2투,831,464,129,301,26,3,0,459,5,367
충청남도,천안시동남구,원성1동,원성1동제3투,1096,644,176,425,38,2,0,641,3,452
충청남도,천안시동남구,원성1동,원성1동제4투,1535,1006,336,579,70,15,0,1000,6,529
충청남도,천안시동남구,원성2동,관내사전투표,2426,2426,1437,796,157,21,2,2413,13,0
충청남도,천안시동남구,원성2동,원성2동제1투,669,432,114,284,28,2,0,428,4,237
충청남도,천안시동남구,원성2동,원성2동제2투,2254,1412,434,858,97,12,1,1402,10,842
충청남도,천안시동남구,원성2동,원성2동제3투,2844,1601,434,1031,113,12,0,1590,11,1243
충청남도,천안시동남구,봉명동,관내사전투표,2452,2452,1487,733,208,17,1,2446,6,0
충청남도,천안시동남구,봉명동,봉명동제1투,1716,855,330,457,53,6,1,847,8,861
충청남도,천안시동남구,봉명동,봉명동제2투,1772,1123,425,601,85,4,0,1115,8,649
충청남도,천안시동남구,봉명동,봉명동제3투,1800,1103,353,648,86,8,1,1096,7,697
충청남도,천안시동남구,봉명동,봉명동제4투,1377,736,221,462,42,6,0,731,5,641
충청남도,천안시동남구,봉명동,봉명동제5투,2232,1512,582,755,146,14,4,1501,11,720
충청남도,천안시동남구,봉명동,봉명동제6투,1850,1227,585,506,109,15,3,1218,9,623
충청남도,천안시동남구,일봉동,관내사전투표,2425,2425,1496,771,123,18,4,2412,13,0
충청남도,천안시동남구,일봉동,일봉동제1투,2147,1198,351,765,63,11,1,1191,7,949
충청남도,천안시동남구,일봉동,일봉동제2투,2661,1780,748,894,100,27,3,1772,8,881
충청남도,천안시동남구,일봉동,일봉동제3투,2335,1550,607,746,170,15,2,1540,10,785
충청남도,천안시동남구,일봉동,일봉동제4투,2676,1984,854,943,148,28,1,1974,10,692
충청남도,천안시동남구,일봉동,일봉동제5투,3572,2622,1305,1079,199,26,1,2610,12,950
충청남도,천안시동남구,신방동,관내사전투표,7259,7259,5181,1436,558,46,3,7224,35,0
충청남도,천안시동남구,신방동,신방동제1투,1992,1471,569,759,113,17,2,1460,11,521
충청남도,천안시동남구,신방동,신방동제2투,2418,1758,861,716,142,32,1,1752,6,660
충청남도,천안시동남구,신방동,신방동제3투,2800,1988,932,851,173,20,2,1978,10,812
충청남도,천안시동남구,신방동,신방동제4투,2440,1884,958,707,166,32,5,1868,16,556
충청남도,천안시동남구,신방동,신방동제5투,3554,1883,743,936,167,20,2,1868,15,1671
충청남도,천안시동남구,신방동,신방동제6투,1183,715,295,351,54,8,0,708,7,468
충청남도,천안시동남구,신방동,신방동제7투,2688,2080,959,894,170,35,3,2061,19,608
충청남도,천안시동남구,신방동,신방동제8투,4853,3160,1493,1286,326,33,7,3145,15,1693
충청남도,천안시동남구,신방동,신방동제9투,3990,2556,1247,1043,218,28,1,2537,19,1434
충청남도,천안시동남구,청룡동,관내사전투표,8240,8240,5434,1895,764,79,5,8177,63,0
충청남도,천안시동남구,청룡동,청룡동제1투,2910,2054,756,1119,146,21,3,2045,9,856
충청남도,천안시동남구,청룡동,청룡동제2투,2474,1570,537,876,135,10,1,1559,11,904
충청남도,천안시동남구,청룡동,청룡동제3투,4148,3072,1390,1372,252,30,2,3046,26,1076
충청남도,천안시동남구,청룡동,청룡동제4투,3393,2404,1031,1164,172,23,0,2390,14,989
충청남도,천안시동남구,청룡동,청룡동제5투,2972,1940,707,1076,122,22,3,1930,10,1032
충청남도,천안시동남구,청룡동,청룡동제6투,1696,1130,436,554,115,11,2,1118,12,566
충청남도,천안시동남구,청룡동,청룡동제7투,4874,3305,1604,1312,330,34,4,3284,21,1569
충청남도,천안시동남구,청룡동,청룡동제8투,1599,1113,560,442,94,11,2,1109,4,486
충청남도,천안시동남구,청룡동,청룡동제9투,3357,2059,821,981,213,25,3,2043,16,1298
충청남도,천안시동남구,청룡동,청룡동제10투,3754,2853,1417,1111,273,36,3,2840,13,901
충청남도,천안시동남구,청룡동,청룡동제11투,1920,1363,651,560,123,16,1,1351,12,557
충청남도,천안시동남구,신안동,관내사전투표,6142,6142,3718,1620,687,66,0,6091,51,0
충청남도,천안시동남구,신안동,신안동제1투,2041,1195,372,657,134,22,1,1186,9,846
충청남도,천안시동남구,신안동,신안동제2투,2655,1944,761,935,211,25,0,1932,12,711
충청남도,천안시동남구,신안동,신안동제3투,2100,1143,343,691,87,12,1,1134,9,957
충청남도,천안시동남구,신안동,신안동제4투,2172,1622,587,900,123,5,0,1615,7,550
충청남도,천안시동남구,신안동,신안동제5투,2603,1902,747,973,149,17,2,1888,14,701
충청남도,천안시동남구,신안동,신안동제6투,2940,1945,724,964,215,21,3,1927,18,995
충청남도,천안시동남구,신안동,신안동제7투,3332,2376,1041,1044,237,29,5,2356,20,956
충청남도,천안시동남구,신안동,신안동제8투,3188,2151,753,1092,247,31,3,2126,25,1037
충청남도,천안시동남구,신안동,신안동제9투,2522,1867,691,997,149,19,2,1858,9,655
전라남도,목포시,거소·선상투표,,755,715,530,64,91,6,2,693,22,40
전라남도,목포시,관외사전투표,,17833,17823,14387,1317,1772,160,28,17664,159,10
전라남도,목포시,재외투표,,502,403,328,42,24,8,0,402,1,99
전라남도,목포시,용당1동,관내사전투표,3984,3984,3687,182,83,13,6,3971,13,0
전라남도,목포시,용당1동,용당1동제1투,1085,610,469,103,23,10,2,607,3,475
전라남도,목포시,용당1동,용당1동제2투,809,368,297,52,12,6,0,367,1,441
전라남도,목포시,용당1동,용당1동제3투,1003,594,481,74,30,4,0,589,5,409
전라남도,목포시,용당1동,용당1동제4투,980,530,417,86,19,6,1,529,1,450
전라남도,목포시,용당2동,관내사전투표,2505,2505,2304,120,53,15,2,2494,11,0
전라남도,목포시,용당2동,용당2동제1투,1055,503,400,71,17,6,4,498,5,552
전라남도,목포시,용당2동,용당2동제2투,732,387,313,51,20,1,0,385,2,345
전라남도,목포시,연동,관내사전투표,1695,1695,1607,50,22,6,4,1689,6,0
전라남도,목포시,연동,연동제1투,691,312,235,62,11,3,0,311,1,379
전라남도,목포시,연동,연동제2투,932,505,433,51,14,1,2,501,4,427
전라남도,목포시,산정동,관내사전투표,3098,3098,2851,139,79,21,1,3091,7,0
전라남도,목포시,산정동,산정동제1투,1548,802,589,152,42,10,1,794,8,746
전라남도,목포시,산정동,산정동제2투,1669,1096,888,149,42,11,1,1091,5,573
전라남도,목포시,연산동,관내사전투표,3026,3026,2766,114,93,18,4,2995,31,0
전라남도,목포시,연산동,연산동제1투,1443,977,831,77,53,8,0,969,8,466
전라남도,목포시,연산동,연산동제2투,1724,988,754,160,53,11,5,983,5,736
전라남도,목포시,원산동,관내사전투표,3901,3901,3600,151,112,24,1,3888,13,0
전라남도,목포시,원산동,원산동제1투,724,368,307,33,22,2,1,365,3,356
전라남도,목포시,원산동,원산동제2투,1151,651,507,96,34,12,1,650,1,500
전라남도,목포시,원산동,원산동제3투,1431,794,650,98,27,9,1,785,9,637
전라남도,목포시,원산동,원산동제4투,1158,732,608,85,28,10,0,731,1,426
전라남도,목포시,대성동,관내사전투표,2399,2399,2215,92,73,8,0,2388,11,0
전라남도,목포시,대성동,대성동투표소,1610,888,686,141,49,6,3,885,3,722
전라남도,목포시,목원동,관내사전투표,2884,2884,2608,161,84,21,1,2875,9,0
전라남도,목포시,목원동,목원동제1투,848,478,398,63,9,5,0,475,3,370
전라남도,목포시,목원동,목원동제2투,791,384,275,78,23,4,2,382,2,407
전라남도,목포시,목원동,목원동제3투,877,384,275,91,11,3,0,380,4,493
전라남도,목포시,동명동,관내사전투표,2108,2108,1966,86,33,15,5,2105,3,0
전라남도,목포시,동명동,동명동제1투,827,391,315,58,13,2,1,389,2,436
전라남도,목포시,동명동,동명동제2투,738,340,277,51,11,1,0,340,0,398
전라남도,목포시,삼학동,관내사전투표,3252,3252,3047,113,73,10,1,3244,8,0
전라남도,목포시,삼학동,삼학동제1투,1087,605,488,78,31,2,2,601,4,482
전라남도,목포시,삼학동,삼학동제2투,874,489,397,64,19,7,0,487,2,385
전라남도,목포시,만호동,관내사전투표,1347,1347,1236,59,29,8,1,1333,14,0
전라남도,목포시,만호동,만호동투표소,869,323,248,58,8,5,0,319,4,546
전라남도,목포시,유달동,관내사전투표,2025,2025,1862,86,46,19,1,2014,11,0
전라남도,목포시,유달동,유달동제1투,487,215,171,35,7,0,0,213,2,272
전라남도,목포시,유달동,유달동제2투,503,236,185,31,9,4,1,230,6,267
전라남도,목포시,유달동,유달동제3투,330,176,138,28,9,1,0,176,0,154
전라남도,목포시,유달동,유달동제4투,93,70,58,9,2,0,0,69,1,23
전라남도,목포시,유달동,유달동제5투,93,53,53,0,0,0,0,53,0,40
전라남도,목포시,죽교동,관내사전투표,1557,1557,1413,61,58,12,2,1546,11,0
전라남도,목포시,죽교동,죽교동제1투,429,204,158,39,6,0,0,203,1,225
전라남도,목포시,죽교동,죽교동제2투,672,319,245,59,11,0,1,316,3,353
전라남도,목포시,북항동,관내사전투표,4416,4416,4087,153,130,27,3,4400,16,0
전라남도,목포시,북항동,북항동제1투,1592,900,683,145,54,10,0,892,8,692
전라남도,목포시,북항동,북항동제2투,787,383,296,59,17,8,0,380,3,404
전라남도,목포시,북항동,북항동제3투,701,389,310,56,14,6,1,387,2,312
전라남도,목포시,용해동,관내사전투표,5516,5516,5079,206,157,40,7,5489,27,0
전라남도,목포시,용해동,용해동제1투,1244,641,486,101,38,8,2,635,6,603
전라남도,목포시,용해동,용해동제2투,1366,819,674,91,36,11,1,813,6,547
전라남도,목포시,용해동,용해동제3투,1521,831,653,110,45,15,2,825,6,690
전라남도,목포시,용해동,용해동제4투,1541,1012,870,86,46,6,0,1008,4,529
전라남도,목포시,이로동,관내사전투표,3245,3245,2956,157,99,21,1,3234,11,0
전라남도,목포시,이로동,이로동제1투,851,507,406,75,18,5,0,504,3,344
전라남도,목포시,이로동,이로동제2투,1349,811,639,121,41,6,1,808,3,538
전라남도,목포시,이로동,이로동제3투,1466,1009,814,125,50,13,1,1003,6,457
전라남도,목포시,상동,관내사전투표,4903,4903,4496,238,120,23,3,4880,23,0
전라남도,목포시,상동,상동제1투,1070,542,419,87,26,4,3,539,3,528
전라남도,목포시,상동,상동제2투,855,331,250,51,18,6,1,326,5,524
전라남도,목포시,상동,상동제3투,1561,1177,982,121,55,12,0,1170,7,384
전라남도,목포시,상동,상동제4투,2618,1825,1521,192,82,22,2,1819,6,793
전라남도,목포시,상동,상동제5투,2055,1343,1097,162,68,10,1,1338,5,712
전라남도,목포시,하당동,관내사전투표,5304,5304,4824,222,201,38,2,5287,17,0
전라남도,목포시,하당동,하당동제1투,1427,557,418,94,35,6,1,554,3,870
전라남도,목포시,하당동,하당동제2투,2276,1102,799,175,103,13,3,1093,9,1174
전라남도,목포시,하당동,하당동제3투,2160,1557,1264,179,95,11,3,1552,5,603
전라남도,목포시,신흥동,관내사전투표,4698,4698,4298,211,137,35,2,4683,15,0
전라남도,목포시,신흥동,신흥동제1투,1809,1021,792,157,62,7,0,1018,3,788
전라남도,목포시,신흥동,신흥동제2투,1214,762,624,102,29,3,0,758,4,452
전라남도,목포시,신흥동,신흥동제3투,1559,1059,861,129,48,13,1,1052,7,500
전라남도,목포시,신흥동,신흥동제4투,2146,1280,988,206,59,14,1,1268,12,866
전라남도,목포시,삼향동,관내사전투표,3056,3056,2795,126,95,24,3,3043,13,0
전라남도,목포시,삼향동,삼향동제1투,795,437,366,49,16,4,0,435,2,358
전라남도,목포시,삼향동,삼향동제2투,817,444,352,69,18,2,2,443,1,373
전라남도,목포시,옥암동,관내사전투표,5183,5183,4722,232,174,31,4,5163,20,0
전라남도,목포시,옥암동,옥암동제1투,2054,1360,1078,193,61,13,1,1346,14,694
전라남도,목포시,옥암동,옥암동제2투,1477,923,742,109,51,11,2,915,8,554
전라남도,목포시,부흥동,관내사전투표,4540,4540,4115,206,166,37,2,4526,14,0
전라남도,목포시,부흥동,부흥동제1투,1042,527,385,91,39,4,0,519,8,515
전라남도,목포시,부흥동,부흥동제2투,583,340,262,52,16,3,1,334,6,243
전라남도,목포시,부흥동,부흥동제3투,1300,827,673,103,40,8,0,824,3,473
전라남도,목포시,부주동,관내사전투표,6095,6095,5502,303,214,45,5,6069,26,0
전라남도,목포시,부주동,부주동제1투,1173,796,619,102,55,15,0,791,5,377
전라남도,목포시,부주동,부주동제2투,1521,798,594,133,47,15,0,789,9,723
전라남도,목포시,부주동,부주동제3투,2277,1380,1063,196,95,15,2,1371,9,897
전라남도,목포시,부주동,부주동제4투,930,604,406,149,40,6,0,601,3,326
전라남도,목포시,부주동,부주동제5투,1444,1052,800,182,61,6,1,1050,2,392
전라남도,여수시,거소·선상투표,,644,607,442,53,73,3,5,576,31,37
전라남도,여수시,관외사전투표,,16423,16420,12268,1626,2205,134,21,16254,166,3
전라남도,여수시,재외투표,,782,605,496,52,49,5,0,602,3,177
전라남도,여수시,돌산읍,관내사전투표,2104,2104,1931,107,37,12,1,2088,16,0
전라남도,여수시,돌산읍,돌산읍제1투,848,411,338,56,10,1,1,406,5,437
전라남도,여수시,돌산읍,돌산읍제2투,1017,686,602,69,5,2,5,683,3,331
전라남도,여수시,돌산읍,돌산읍제3투,706,454,396,39,9,6,2,452,2,252
전라남도,여수시,돌산읍,돌산읍제4투,746,464,405,50,5,2,0,462,2,282
전라남도,여수시,돌산읍,돌산읍제5투,2677,1741,1449,219,57,6,0,1731,10,936
전라남도,여수시,소라면,관내사전투표,6596,6596,5993,287,226,44,8,6558,38,0
전라남도,여수시,소라면,소라면제1투,703,389,299,66,15,3,1,384,5,314
전라남도,여수시,소라면,소라면제2투,636,375,327,34,10,2,0,373,2,261
전라남도,여수시,소라면,소라면제3투,594,322,276,31,10,2,0,319,3,272
전라남도,여수시,소라면,소라면제4투,506,295,245,41,7,0,0,293,2,211
전라남도,여수시,소라면,소라면제5투,2809,1813,1462,222,99,16,3,1802,11,996
전라남도,여수시,소라면,소라면제6투,3316,2537,2049,287,158,27,1,2522,15,779
전라남도,여수시,율촌면,관내사전투표,2550,2550,2362,108,55,8,6,2539,11,0
전라남도,여수시,율촌면,율촌면제1투,1325,679,548,92,27,8,1,676,3,646
전라남도,여수시,율촌면,율촌면제2투,463,285,213,59,6,1,2,281,4,178
전라남도,여수시,율촌면,율촌면제3투,505,310,259,37,8,3,1,308,2,195
전라남도,여수시,율촌면,율촌면제4투,130,102,91,10,0,0,1,102,0,28
전라남도,여수시,화양면,관내사전투표,2961,2961,2721,131,74,11,5,2942,19,0
전라남도,여수시,화양면,화양면제1투,1175,600,469,89,24,5,2,589,11,575
전라남도,여수시,화양면,화양면제2투,619,351,283,53,4,2,3,345,6,268
전라남도,여수시,화양면,화양면제3투,616,317,269,35,10,2,0,316,1,299
전라남도,여수시,남면,관내사전투표,720,720,649,40,20,4,1,714,6,0
전라남도,여수시,남면,남면제1투,340,121,87,30,2,0,0,119,2,219
전라남도,여수시,남면,남면제2투,94,69,63,2,2,0,0,67,2,25
전라남도,여수시,남면,남면제3투,125,87,81,4,0,1,0,86,1,38
전라남도,여수시,남면,남면제4투,70,58,53,1,1,1,1,57,1,12
전라남도,여수시,남면,남면제5투,191,136,120,11,3,0,1,135,1,55
전라남도,여수시,남면,남면제6투,281,218,192,19,3,0,1,215,3,63
전라남도,여수시,화정면,관내사전투표,371,371,333,18,14,1,0,366,5,0
전라남도,여수시,화정면,화정면제1투,68,44,37,4,1,0,0,42,2,24
전라남도,여수시,화정면,화정면제2투,381,292,271,13,2,0,4,290,2,89
전라남도,여수시,화정면,화정면제3투,98,51,47,4,0,0,0,51,0,47
전라남도,여수시,화정면,화정면제4투,40,35,33,0,1,0,0,34,1,5
전라남도,여수시,화정면,화정면제5투,174,146,133,5,1,0,2,141,5,28
전라남도,여수시,화정면,화정면제6투,41,32,28,2,0,0,2,32,0,9
전라남도,여수시,화정면,화정면제7투,72,60,51,7,1,0,0,59,1,12
전라남도,여수시,화정면,화정면제8투,129,95,91,4,0,0,0,95,0,34
전라남도,여수시,화정면,화정면제9투,46,38,37,0,0,0,0,37,1,8
전라남도,여수시,화정면,화정면제10투,26,20,19,1,0,0,0,20,0,6
전라남도,여수시,화정면,화정면제11투,28,25,25,0,0,0,0,25,0,3
전라남도,여수시,삼산면,관내사전투표,488,488,428,40,15,2,0,485,3,0
전라남도,여수시,삼산면,삼산면제1투,202,91,66,20,3,2,0,91,0,111
전라남도,여수시,삼산면,삼산면제2투,253,190,159,24,2,1,2,188,2,63
전라남도,여수시,삼산면,삼산면제3투,223,172,153,15,2,1,1,172,0,51
전라남도,여수시,삼산면,삼산면제4투,143,111,89,18,2,0,2,111,0,32
전라남도,여수시,동문동,관내사전투표,2110,2110,1919,113,57,9,3,2101,9,0
전라남도,여수시,동문동,동문동제1투,799,472,366,85,15,2,2,470,2,327
전라남도,여수시,동문동,동문동제2투,415,216,166,42,3,3,0,214,2,199
전라남도,여수시,동문동,동문동제3투,363,221,180,34,5,2,0,221,0,142
전라남도,여수시,한려동,관내사전투표,1926,1926,1733,96,80,7,0,1916,10,0
전라남도,여수시,한려동,한려동제1투,461,273,206,47,14,2,0,269,4,188
전라남도,여수시,한려동,한려동제2투,604,318,240,58,14,3,0,315,3,286
전라남도,여수시,중앙동,관내사전투표,2849,2849,2623,142,60,9,4,2838,11,0
전라남도,여수시,중앙동,중앙동제1투,739,399,310,58,21,6,0,395,4,340
전라남도,여수시,중앙동,중앙동제2투,713,365,288,60,13,3,1,365,0,348
전라남도,여수시,충무동,관내사전투표,1196,1196,1092,52,35,8,2,1189,7,0
전라남도,여수시,충무동,충무동제1투,595,281,235,36,9,1,0,281,0,314
전라남도,여수시,충무동,충무동제2투,860,496,431,43,18,2,0,494,2,364
전라남도,여수시,광림동,관내사전투표,3252,3252,2982,152,87,15,2,3238,14,0
전라남도,여수시,광림동,광림동제1투,819,417,341,61,9,2,2,415,2,402
전라남도,여수시,광림동,광림동제2투,574,347,288,51,5,1,0,345,2,227
전라남도,여수시,광림동,광림동제3투,1125,728,591,97,28,9,1,726,2,397
전라남도,여수시,서강동,관내사전투표,2309,2309,2109,113,65,8,2,2297,12,0
전라남도,여수시,서강동,서강동제1투,723,365,294,53,15,1,1,364,1,358
전라남도,여수시,서강동,서강동제2투,871,533,413,82,30,5,0,530,3,338
전라남도,여수시,대교동,관내사전투표,2672,2672,2479,114,57,11,2,2663,9,0
전라남도,여수시,대교동,대교동제1투,1431,726,595,101,25,2,0,723,3,705
전라남도,여수시,대교동,대교동제2투,620,397,349,27,10,5,1,392,5,223
전라남도,여수시,국동,관내사전투표,5197,5197,4770,238,139,26,5,5178,19,0
전라남도,여수시,국동,국동제1투,648,331,242,62,20,5,1,330,1,317
전라남도,여수시,국동,국동제2투,823,400,326,60,11,2,0,399,1,423
전라남도,여수시,국동,국동제3투,1460,910,755,106,36,8,1,906,4,550
전라남도,여수시,국동,국동제4투,1227,809,681,79,34,7,4,805,4,418
전라남도,여수시,월호동,관내사전투표,3232,3232,2946,161,89,24,1,3221,11,0
전라남도,여수시,월호동,월호동제1투,1295,751,568,143,36,1,0,748,3,544
전라남도,여수시,월호동,월호동제2투,1024,682,534,106,34,4,0,678,4,342
전라남도,여수시,월호동,월호동제3투,327,247,213,24,7,0,0,244,3,80
전라남도,여수시,월호동,월호동제4투,49,38,37,1,0,0,0,38,0,11
전라남도,여수시,여서동,관내사전투표,5998,5997,5466,274,206,30,6,5982,15,1
전라남도,여수시,여서동,여서동제1투,1225,622,468,109,36,6,2,621,1,603
전라남도,여수시,여서동,여서동제2투,1207,846,665,130,38,6,2,841,5,361
전라남도,여수시,여서동,여서동제3투,1280,927,745,142,36,3,0,926,1,353
전라남도,여수시,여서동,여서동제4투,1142,776,655,83,21,10,2,771,5,366
전라남도,여수시,여서동,여서동제5투,1397,1103,901,131,52,16,0,1100,3,294
전라남도,여수시,여서동,여서동제6투,1028,639,524,80,24,5,2,635,4,389
전라남도,여수시,문수동,관내사전투표,6730,6730,6129,295,247,35,1,6707,23,0
전라남도,여수시,문수동,문수동제1투,641,492,423,49,14,5,0,491,1,149
전라남도,여수시,문수동,문수동제2투,1228,816,683,95,30,3,1,812,4,412
전라남도,여수시,문수동,문수동제3투,1797,1009,750,173,67,13,0,1003,6,788
전라남도,여수시,문수동,문수동제4투,1512,1149,962,121,51,9,0,1143,6,363
전라남도,여수시,문수동,문수동제5투,1256,811,667,111,22,2,2,804,7,445
전라남도,여수시,문수동,문수동제6투,1745,1127,883,165,68,7,0,1123,4,618
전라남도,여수시,미평동,관내사전투표,5762,5761,5097,300,273,44,9,5723,38,1
전라남도,여수시,미평동,미평동제1투,1416,854,568,195,67,14,1,845,9,562
전라남도,여수시,미평동,미평동제2투,1345,820,642,133,34,3,1,813,7,525
전라남도,여수시,미평동,미평동제3투,935,545,426,83,28,4,0,541,4,390
전라남도,여수시,미평동,미평동제4투,888,624,456,121,39,7,0,623,1,264
전라남도,여수시,둔덕동,관내사전투표,4014,4014,3671,147,144,34,1,3997,17,0
전라남도,여수시,둔덕동,둔덕동제1투,836,459,328,94,28,6,0,456,3,377
전라남도,여수시,둔덕동,둔덕동제2투,1488,931,710,160,48,9,0,927,4,557
전라남도,여수시,둔덕동,둔덕동제3투,1208,823,656,108,51,6,0,821,2,385
전라남도,여수시,만덕동,관내사전투표,3714,3714,3342,174,160,18,5,3699,15,0
전라남도,여수시,만덕동,만덕동제1투,1595,1070,872,134,47,11,1,1065,5,525
전라남도,여수시,만덕동,만덕동제2투,1733,1152,805,231,91,19,0,1146,6,581
전라남도,여수시,만덕동,만덕동제3투,544,349,299,31,11,3,2,346,3,195
전라남도,여수시,쌍봉동,관내사전투표,11797,11797,10418,667,592,65,10,11752,45,0
전라남도,여수시,쌍봉동,쌍봉동제1투,1027,562,371,121,59,6,1,558,4,465
전라남도,여수시,쌍봉동,쌍봉동제2투,2040,1248,904,242,90,6,1,1243,5,792
전라남도,여수시,쌍봉동,쌍봉동제3투,1680,1168,852,219,68,14,1,1154,14,512
전라남도,여수시,쌍봉동,쌍봉동제4투,1392,1054,766,193,82,7,3,1051,3,338
전라남도,여수시,쌍봉동,쌍봉동제5투,1842,1376,1049,210,95,12,2,1368,8,466
전라남도,여수시,쌍봉동,쌍봉동제6투,1353,950,744,146,50,6,0,946,4,403
전라남도,여수시,쌍봉동,쌍봉동제7투,2072,1534,1209,214,90,17,0,1530,4,538
전라남도,여수시,쌍봉동,쌍봉동제8투,2001,1530,1183,222,102,13,0,1520,10,471
전라남도,여수시,시전동,관내사전투표,9429,9429,8527,423,388,56,10,9404,25,0
전라남도,여수시,시전동,시전동제1투,1210,820,640,112,60,6,0,818,2,390
전라남도,여수시,시전동,시전동제2투,1930,1454,1204,159,74,7,1,1445,9,476
전라남도,여수시,시전동,시전동제3투,1715,1067,804,162,85,4,0,1055,12,648
전라남도,여수시,시전동,시전동제4투,873,473,334,87,42,2,1,466,7,400
전라남도,여수시,시전동,시전동제5투,1270,806,573,177,45,6,0,801,5,464
전라남도,여수시,시전동,시전동제6투,2280,1675,1345,187,116,14,1,1663,12,605
전라남도,여수시,시전동,시전동제7투,1946,1455,1050,264,120,14,0,1448,7,491
전라남도,여수시,시전동,시전동제8투,2651,2065,1598,290,148,15,0,2051,14,586
전라남도,여수시,시전동,시전동제9투,3014,2169,1694,276,162,19,2,2153,16,845
전라남도,여수시,여천동,관내사전투표,8050,8049,7211,366,391,39,6,8013,36,1
전라남도,여수시,여천동,여천동제1투,968,594,451,93,39,6,0,589,5,374
전라남도,여수시,여천동,여천동제2투,1701,1120,834,162,96,17,0,1109,11,581
전라남도,여수시,여천동,여천동제3투,2102,1171,872,175,101,11,3,1162,9,931
전라남도,여수시,여천동,여천동제4투,2405,1518,1202,190,95,22,1,1510,8,887
전라남도,여수시,여천동,여천동제5투,1744,1161,954,146,45,8,3,1156,5,583
전라남도,여수시,주삼동,관내사전투표,3628,3626,3294,125,170,16,5,3610,16,2
전라남도,여수시,주삼동,주삼동제1투,525,257,184,55,14,2,0,255,2,268
전라남도,여수시,주삼동,주삼동제2투,2291,1471,1171,178,85,23,1,1458,13,820
전라남도,여수시,삼일동,관내사전투표,1705,1705,1543,65,77,9,0,1694,11,0
전라남도,여수시,삼일동,삼일동투표소,681,359,266,69,18,2,0,355,4,322
전라남도,여수시,묘도동,관내사전투표,652,652,596,27,23,2,2,650,2,0
전라남도,여수시,묘도동,묘도동투표소,348,176,158,13,2,1,1,175,1,172
전라남도,순천시,거소·선상투표,,645,606,438,63,63,7,5,576,30,39
전라남도,순천시,관외사전투표,,24094,24091,19022,1922,2750,187,32,23913,178,3
전라남도,순천시,재외투표,,821,656,527,69,50,7,0,653,3,165
전라남도,순천시,승주읍,관내사전투표,1331,1331,1212,75,22,9,1,1319,12,0
전라남도,순천시,승주읍,승주읍투표소,983,557,451,79,21,3,1,555,2,426
전라남도,순천시,주암면,관내사전투표,1267,1267,1149,62,32,6,6,1255,12,0
전라남도,순천시,주암면,주암면제1투,636,446,376,50,10,1,1,438,8,190
전라남도,순천시,주암면,주암면제2투,609,310,255,45,5,2,0,307,3,299
전라남도,순천시,송광면,관내사전투표,659,659,610,25,12,7,1,655,4,0
전라남도,순천시,송광면,송광면투표소,463,248,205,34,3,3,2,247,1,215
전라남도,순천시,외서면,관내사전투표,457,457,414,23,9,7,1,454,3,0
전라남도,순천시,외서면,외서면투표소,258,126,106,14,5,0,0,125,1,132
전라남도,순천시,낙안면,관내사전투표,1560,1560,1427,78,30,3,5,1543,17,0
전라남도,순천시,낙안면,낙안면제1투,578,279,219,49,6,1,0,275,4,299
전라남도,순천시,낙안면,낙안면제2투,365,220,179,31,7,1,0,218,2,145
전라남도,순천시,별량면,관내사전투표,2411,2411,2206,120,55,17,3,2401,10,0
전라남도,순천시,별량면,별량면제1투,750,388,319,55,5,3,0,382,6,362
전라남도,순천시,별량면,별량면제2투,735,345,275,53,9,1,3,341,4,390
전라남도,순천시,별량면,별량면제3투,577,356,296,41,12,3,1,353,3,221
전라남도,순천시,상사면,관내사전투표,1365,1365,1258,53,38,6,4,1359,6,0
전라남도,순천시,상사면,상사면투표소,1030,571,451,84,17,10,1,563,8,459
전라남도,순천시,해룡면,관내사전투표,10851,10851,9656,509,577,65,3,10810,41,0
전라남도,순천시,해룡면,해룡면제1투,1537,1008,851,104,38,8,1,1002,6,529
전라남도,순천시,해룡면,해룡면제2투,578,403,365,22,6,2,1,396,7,175
전라남도,순천시,해룡면,해룡면제3투,1906,1282,994,179,84,16,2,1275,7,624
전라남도,순천시,해룡면,해룡면제4투,1706,1253,977,179,80,5,2,1243,10,453
전라남도,순천시,해룡면,해룡면제5투,2019,1434,1130,170,112,15,1,1428,6,585
전라남도,순천시,해룡면,해룡면제6투,2401,1710,1377,196,110,17,1,1701,9,691
전라남도,순천시,해룡면,해룡면제7투,1471,1121,897,128,81,8,0,1114,7,350
전라남도,순천시,해룡면,해룡면제8투,2327,1774,1371,257,121,18,2,1769,5,553
전라남도,순천시,해룡면,해룡면제9투,2335,1637,1243,246,122,16,10,1637,0,698
전라남도,순천시,해룡면,해룡면제10투,1852,1434,1094,197,122,15,3,1431,3,418
전라남도,순천시,해룡면,해룡면제11투,2730,2082,1487,361,193,27,2,2070,12,648
전라남도,순천시,서면,관내사전투표,3916,3915,3518,200,135,35,2,3890,25,1
전라남도,순천시,서면,서면제1투,443,290,231,43,8,3,2,287,3,153
전라남도,순천시,서면,서면제2투,606,377,284,75,13,4,1,377,0,229
전라남도,순천시,서면,서면제3투,2434,1819,1461,210,117,17,3,1808,11,615
전라남도,순천시,서면,서면제4투,2609,1841,1458,260,84,23,1,1826,15,768
전라남도,순천시,서면,서면제5투,566,377,319,45,6,2,1,373,4,189
전라남도,순천시,황전면,관내사전투표,1464,1464,1348,63,25,12,4,1452,12,0
전라남도,순천시,황전면,황전면제1투,465,250,190,48,8,2,0,248,2,215
전라남도,순천시,황전면,황전면제2투,534,315,267,40,5,1,2,315,0,219
전라남도,순천시,월등면,관내사전투표,773,773,735,23,11,1,0,770,3,0
전라남도,순천시,월등면,월등면투표소,526,299,252,41,3,1,0,297,2,227
전라남도,순천시,향동,관내사전투표,1959,1958,1735,130,66,19,1,1951,7,1
전라남도,순천시,향동,향동투표소,1158,630,477,120,24,2,0,623,7,528
전라남도,순천시,매곡동,관내사전투표,3267,3267,2814,217,197,18,5,3251,16,0
전라남도,순천시,매곡동,매곡동제1투,714,411,272,105,23,7,0,407,4,303
전라남도,순천시,매곡동,매곡동제2투,1533,972,661,194,91,16,2,964,8,561
전라남도,순천시,삼산동,관내사전투표,9442,9442,8393,478,461,59,7,9398,44,0
전라남도,순천시,삼산동,삼산동제1투,836,481,276,117,75,8,1,477,4,355
전라남도,순천시,삼산동,삼산동제2투,1384,1001,745,160,80,5,2,992,9,383
전라남도,순천시,삼산동,삼산동제3투,1453,901,684,135,64,12,1,896,5,552
전라남도,순천시,삼산동,삼산동제4투,2291,1540,1186,248,76,16,3,1529,11,751
전라남도,순천시,삼산동,삼산동제5투,2103,1597,1271,193,110,14,0,1588,9,506
전라남도,순천시,삼산동,삼산동제6투,2575,1797,1391,280,103,12,1,1787,10,778
전라남도,순천시,삼산동,삼산동제7투,1383,1087,867,153,57,4,1,1082,5,296
전라남도,순천시,조곡동,관내사전투표,2572,2572,2327,127,92,10,2,2558,14,0
전라남도,순천시,조곡동,조곡동제1투,1882,1369,1038,231,75,13,1,1358,11,513
전라남도,순천시,조곡동,조곡동제2투,363,192,136,43,9,1,1,190,2,171
전라남도,순천시,조곡동,조곡동제3투,645,346,237,80,22,6,0,345,1,299
전라남도,순천시,덕연동,관내사전투표,10309,10309,9415,425,371,50,8,10269,40,0
전라남도,순천시,덕연동,덕연동제1투,1637,1124,864,185,58,10,1,1118,6,513
전라남도,순천시,덕연동,덕연동제2투,1683,1024,784,163,58,11,1,1017,7,659
전라남도,순천시,덕연동,덕연동제3투,1615,1253,1018,158,58,12,1,1247,6,362
전라남도,순천시,덕연동,덕연동제4투,1452,1016,791,152,63,7,0,1013,3,436
전라남도,순천시,덕연동,덕연동제5투,1519,1149,940,132,64,8,2,1146,3,370
전라남도,순천시,덕연동,덕연동제6투,1528,1137,922,132,63,13,0,1130,7,391
전라남도,순천시,덕연동,덕연동제7투,1214,831,665,105,48,5,1,824,7,383
전라남도,순천시,덕연동,덕연동제8투,1985,1443,1173,161,81,16,1,1432,11,542
전라남도,순천시,덕연동,덕연동제9투,1906,1435,1175,151,82,18,1,1427,8,471
전라남도,순천시,덕연동,덕연동제10투,1732,1273,1026,160,70,10,1,1267,6,459
전라남도,순천시,덕연동,덕연동제11투,2167,1595,1296,186,90,12,4,1588,7,572
전라남도,순천시,풍덕동,관내사전투표,4508,4508,4125,228,119,20,2,4494,14,0
전라남도,순천시,풍덕동,풍덕동제1투,638,334,254,59,16,1,0,330,4,304
전라남도,순천시,풍덕동,풍덕동제2투,1061,695,568,94,29,3,1,695,0,366
전라남도,순천시,풍덕동,풍덕동제3투,1486,1030,802,157,58,5,2,1024,6,456
전라남도,순천시,남제동,관내사전투표,3215,3215,2917,158,108,14,3,3200,15,0
전라남도,순천시,남제동,남제동제1투,620,332,263,50,14,4,0,331,1,288
전라남도,순천시,남제동,남제동제2투,810,464,372,73,14,1,0,460,4,346
전라남도,순천시,남제동,남제동제3투,1571,845,664,117,49,8,2,840,5,726
전라남도,순천시,저전동,관내사전투표,1817,1817,1653,89,49,7,2,1800,17,0
전라남도,순천시,저전동,저전동투표소,886,521,384,92,29,12,0,517,4,365
전라남도,순천시,장천동,관내사전투표,1536,1536,1372,96,53,6,3,1530,6,0
전라남도,순천시,장천동,장천동투표소,750,361,268,67,24,1,0,360,1,389
전라남도,순천시,중앙동,관내사전투표,2637,2637,2352,143,103,26,2,2626,11,0
전라남도,순천시,중앙동,중앙동투표소,972,506,359,99,31,9,1,499,7,466
전라남도,순천시,도사동,관내사전투표,5648,5647,5194,234,170,28,3,5629,18,1
전라남도,순천시,도사동,도사동제1투,1527,864,666,145,42,4,1,858,6,663
전라남도,순천시,도사동,도사동제2투,829,502,401,59,34,5,2,501,1,327
전라남도,순천시,도사동,도사동제3투,601,385,311,58,10,1,4,384,1,216
전라남도,순천시,도사동,도사동제4투,1760,1342,1077,167,81,12,0,1337,5,418
전라남도,순천시,도사동,도사동제5투,1835,1368,1078,171,102,10,2,1363,5,467
전라남도,순천시,왕조1동,관내사전투표,11197,11196,9979,560,538,77,5,11159,37,1
전라남도,순천시,왕조1동,왕조1동제1투,1528,1093,814,186,78,9,1,1088,5,435
전라남도,순천시,왕조1동,왕조1동제2투,1132,608,435,105,51,9,3,603,5,524
전라남도,순천시,왕조1동,왕조1동제3투,2118,1257,909,205,120,14,3,1251,6,861
전라남도,순천시,왕조1동,왕조1동제4투,1532,1087,826,167,77,9,0,1079,8,445
전라남도,순천시,왕조1동,왕조1동제5투,950,672,521,101,39,5,1,667,5,278
전라남도,순천시,왕조1동,왕조1동제6투,914,577,482,59,24,4,1,570,7,337
전라남도,순천시,왕조1동,왕조1동제7투,2053,1161,820,200,120,14,0,1154,7,892
전라남도,순천시,왕조1동,왕조1동제8투,1432,978,758,160,55,2,1,976,2,454
전라남도,순천시,왕조1동,왕조1동제9투,2394,1846,1457,242,120,12,2,1833,13,548
전라남도,순천시,왕조1동,왕조1동제10투,1611,1173,843,236,78,5,1,1163,10,438
전라남도,순천시,왕조1동,왕조1동제11투,1459,1143,833,206,90,12,0,1141,2,316
전라남도,순천시,왕조1동,왕조1동제12투,2124,1784,1327,241,186,19,1,1774,10,340
전라남도,순천시,왕조2동,관내사전투표,11105,11104,10027,446,504,85,8,11070,34,1
전라남도,순천시,왕조2동,왕조2동제1투,1328,950,754,120,63,8,1,946,4,378
전라남도,순천시,왕조2동,왕조2동제2투,1131,679,491,125,49,6,0,671,8,452
전라남도,순천시,왕조2동,왕조2동제3투,2118,1442,1135,195,88,11,1,1430,12,676
전라남도,순천시,왕조2동,왕조2동제4투,1538,989,698,176,92,17,0,983,6,549
전라남도,나주시,거소·선상투표,,508,466,340,52,34,3,2,431,35,42
전라남도,나주시,관외사전투표,,13722,13722,11431,916,1151,123,7,13628,94,0
전라남도,나주시,재외투표,,393,310,233,45,28,2,1,309,1,83
전라남도,나주시,남평읍,관내사전투표,4369,4369,4054,162,103,25,5,4349,20,0
전라남도,나주시,남평읍,남평읍제1투,1163,650,562,56,21,7,0,646,4,513
전라남도,나주시,남평읍,남평읍제2투,2572,1612,1287,214,85,21,1,1608,4,960
전라남도,나주시,남평읍,남평읍제3투,331,232,206,18,6,0,0,230,2,99
전라남도,나주시,세지면,관내사전투표,1287,1287,1212,40,18,4,6,1280,7,0
전라남도,나주시,세지면,세지면투표소,791,373,299,57,12,2,1,371,2,418
전라남도,나주시,왕곡면,관내사전투표,1449,1449,1337,60,36,6,1,1440,9,0
전라남도,나주시,왕곡면,왕곡면제1투,360,186,141,32,6,2,4,185,1,174
전라남도,나주시,왕곡면,왕곡면제2투,472,281,239,32,7,1,1,280,1,191
전라남도,나주시,반남면,관내사전투표,642,642,605,22,7,3,1,638,4,0
전라남도,나주시,반남면,반남면투표소,436,254,206,35,7,2,1,251,3,182
전라남도,나주시,공산면,관내사전투표,1089,1089,1018,33,24,4,3,1082,7,0
전라남도,나주시,공산면,공산면투표소,667,365,308,40,11,5,0,364,1,302
전라남도,나주시,동강면,관내사전투표,1097,1097,1025,41,17,5,3,1091,6,0
전라남도,나주시,동강면,동강면투표소,705,363,288,56,9,6,2,361,2,342
전라남도,나주시,다시면,관내사전투표,1946,1946,1811,85,29,7,5,1937,9,0
전라남도,나주시,다시면,다시면투표소,960,498,367,102,18,3,3,493,5,462
전라남도,나주시,문평면,관내사전투표,704,704,657,29,9,4,1,700,4,0
전라남도,나주시,문평면,문평면투표소,540,280,228,38,8,3,1,278,2,260
전라남도,나주시,노안면,관내사전투표,1669,1669,1559,56,30,7,4,1656,13,0
전라남도,나주시,노안면,노안면제1투,335,181,145,26,5,1,1,178,3,154
전라남도,나주시,노안면,노안면제2투,532,342,298,35,4,1,1,339,3,190
전라남도,나주시,노안면,노안면제3투,742,400,346,33,8,5,0,392,8,342
전라남도,나주시,금천면,관내사전투표,2332,2332,2136,90,82,9,5,2322,10,0
전라남도,나주시,금천면,금천면제1투,1465,850,622,163,51,7,2,845,5,615
전라남도,나주시,금천면,금천면제2투,375,230,198,21,9,0,0,228,2,145
전라남도,나주시,금천면,금천면제3투,453,234,194,28,7,2,0,231,3,219
전라남도,나주시,산포면,관내사전투표,1793,1793,1627,84,63,11,2,1787,6,0
전라남도,나주시,산포면,산포면제1투,700,391,339,37,8,3,0,387,4,309
전라남도,나주시,산포면,산포면제2투,121,87,69,13,2,0,1,85,2,34
전라남도,나주시,산포면,산포면제3투,371,252,230,15,4,1,0,250,2,119
전라남도,나주시,다도면,관내사전투표,876,876,731,68,26,8,10,843,33,0
전라남도,나주시,다도면,다도면투표소,528,249,206,34,6,1,0,247,2,279
전라남도,나주시,봉황면,관내사전투표,1597,1597,1491,52,29,10,2,1584,13,0
전라남도,나주시,봉황면,봉황면제1투,886,492,413,46,22,3,3,487,5,394
전라남도,나주시,봉황면,봉황면제2투,395,206,189,11,2,2,0,204,2,189
전라남도,나주시,송월동,관내사전투표,3862,3862,3466,189,160,26,4,3845,17,0
전라남도,나주시,송월동,송월동제1투,1993,1274,940,185,125,17,1,1268,6,719
전라남도,나주시,송월동,송월동제2투,886,484,355,94,27,3,0,479,5,402
전라남도,나주시,송월동,송월동제3투,1020,675,528,102,31,5,2,668,7,345
전라남도,나주시,영강동,관내사전투표,1538,1538,1359,79,46,12,8,1504,34,0
전라남도,나주시,영강동,영강동투표소,852,441,328,76,30,2,1,437,4,411
전라남도,나주시,금남동,관내사전투표,1698,1698,1562,85,31,8,1,1687,11,0
전라남도,나주시,금남동,금남동제1투,670,385,298,69,14,1,0,382,3,285
전라남도,나주시,금남동,금남동제2투,402,218,168,36,6,1,2,213,5,184
전라남도,나주시,금남동,금남동제3투,553,280,217,41,17,1,1,277,3,273
전라남도,나주시,성북동,관내사전투표,3528,3528,3157,186,135,34,3,3515,13,0
전라남도,나주시,성북동,성북동제1투,499,244,186,45,9,2,0,242,2,255
전라남도,나주시,성북동,성북동제2투,724,408,300,73,29,3,0,405,3,316
전라남도,나주시,성북동,성북동제3투,1856,1315,1039,185,66,17,2,1309,6,541
전라남도,나주시,영산동,관내사전투표,1344,1344,1248,60,23,5,0,1336,8,0
전라남도,나주시,영산동,영산동제1투,389,193,155,26,8,1,1,191,2,196
전라남도,나주시,영산동,영산동제2투,631,309,261,34,6,4,0,305,4,322
전라남도,나주시,이창동,관내사전투표,2113,2113,1939,82,67,13,3,2104,9,0
전라남도,나주시,이창동,이창동투표소,1142,558,451,74,25,6,1,557,1,584
전라남도,나주시,빛가람동,관내사전투표,10123,10123,8547,628,772,111,9,10067,56,0
전라남도,나주시,빛가람동,빛가람동제1투,2145,1450,951,302,166,21,1,1441,9,695
전라남도,나주시,빛가람동,빛가람동제2투,2831,2176,1651,297,189,27,1,2165,11,655
전라남도,나주시,빛가람동,빛가람동제3투,1598,1043,720,221,88,9,0,1038,5,555
전라남도,나주시,빛가람동,빛가람동제4투,2536,1818,1397,261,136,15,1,1810,8,718
전라남도,나주시,빛가람동,빛가람동제5투,1594,1112,838,191,64,13,1,1107,5,482
전라남도,나주시,빛가람동,빛가람동제6투,2073,1396,1076,208,97,10,0,1391,5,677
전라남도,광양시,거소·선상투표,,399,375,266,49,44,3,4,366,9,24
전라남도,광양시,관외사전투표,,13356,13352,9884,1510,1692,125,23,13234,118,4
전라남도,광양시,재외투표,,450,372,302,40,26,2,0,370,2,78
전라남도,광양시,광양읍,관내사전투표,13501,13501,12145,740,483,83,10,13461,40,0
전라남도,광양시,광양읍,광양읍제1투,1512,1013,795,159,46,9,1,1010,3,499
전라남도,광양시,광양읍,광양읍제2투,1320,728,543,144,27,6,2,722,6,592
전라남도,광양시,광양읍,광양읍제3투,382,267,216,35,12,3,0,266,1,115
전라남도,광양시,광양읍,광양읍제4투,1677,1030,812,164,46,3,0,1025,5,647
전라남도,광양시,광양읍,광양읍제5투,311,212,178,23,7,2,0,210,2,99
전라남도,광양시,광양읍,광양읍제6투,364,256,217,25,11,1,2,256,0,108
전라남도,광양시,광양읍,광양읍제7투,1199,806,634,102,58,4,2,800,6,393
전라남도,광양시,광양읍,광양읍제8투,1615,829,601,167,51,5,0,824,5,786
전라남도,광양시,광양읍,광양읍제9투,2290,1446,1181,173,69,12,0,1435,11,844
전라남도,광양시,광양읍,광양읍제10투,816,607,491,66,40,4,1,602,5,209
전라남도,광양시,광양읍,광양읍제11투,1118,708,553,91,52,6,2,704,4,410
전라남도,광양시,광양읍,광양읍제12투,1782,1180,902,207,60,8,1,1178,2,602
전라남도,광양시,광양읍,광양읍제13투,3097,2175,1747,241,154,19,4,2165,10,922
전라남도,광양시,광양읍,광양읍제14투,2051,1575,1297,157,94,20,1,1569,6,476
전라남도,광양시,광양읍,광양읍제15투,1082,812,648,106,42,11,0,807,5,270
전라남도,광양시,봉강면,관내사전투표,1446,1446,1305,64,48,10,2,1429,17,0
전라남도,광양시,봉강면,봉강면제1투,303,208,169,28,8,3,0,208,0,95
전라남도,광양시,봉강면,봉강면제2투,443,269,214,45,6,3,1,269,0,174
전라남도,광양시,옥룡면,관내사전투표,1945,1945,1797,88,35,9,4,1933,12,0
전라남도,광양시,옥룡면,옥룡면투표소,967,577,426,123,22,3,2,576,1,390
전라남도,광양시,옥곡면,관내사전투표,1753,1754,1590,99,40,12,0,1741,13,-1
전라남도,광양시,옥곡면,옥곡면투표소,1552,839,587,198,45,5,1,836,3,713
전라남도,광양시,진상면,관내사전투표,1416,1416,1267,99,37,5,3,1411,5,0
전라남도,광양시,진상면,진상면투표소,862,461,366,79,3,8,1,457,4,401
전라남도,광양시,진월면,관내사전투표,1122,1122,1022,63,21,4,3,1113,9,0
전라남도,광양시,진월면,진월면제1투,437,222,172,43,5,1,0,221,1,215
전라남도,광양시,진월면,진월면제2투,270,178,149,23,2,0,0,174,4,92
전라남도,광양시,진월면,진월면제3투,350,246,199,37,4,1,3,244,2,104
전라남도,광양시,다압면,관내사전투표,730,730,618,77,21,7,3,726,4,0
전라남도,광양시,다압면,다압면투표소,527,284,210,63,7,2,0,282,2,243
전라남도,광양시,골약동,관내사전투표,4948,4948,4164,341,393,21,2,4921,27,0
전라남도,광양시,골약동,골약동제1투,1706,1143,760,238,121,16,1,1136,7,563
전라남도,광양시,골약동,골약동제2투,2096,1510,943,351,188,20,0,1502,8,586
전라남도,광양시,중마동,관내사전투표,15531,15531,13448,1076,830,101,11,15466,65,0
전라남도,광양시,중마동,중마동제1투,2219,1263,859,299,90,10,1,1259,4,956
전라남도,광양시,중마동,중마동제2투,2623,1647,1240,290,99,10,0,1639,8,976
전라남도,광양시,중마동,중마동제3투,2350,1397,997,290,89,17,0,1393,4,953
전라남도,광양시,중마동,중마동제4투,2615,1713,1219,321,143,20,0,1703,10,902
전라남도,광양시,중마동,중마동제5투,3411,2188,1648,351,149,24,3,2175,13,1223
전라남도,광양시,중마동,중마동제6투,3176,1849,1369,322,125,16,1,1833,16,1327
전라남도,광양시,중마동,중마동제7투,2485,1634,1150,307,144,18,1,1620,14,851
전라남도,광양시,중마동,중마동제8투,2128,1546,1175,259,83,20,2,1539,7,582
전라남도,광양시,중마동,중마동제9투,3186,2188,1412,493,241,25,4,2175,13,998
전라남도,광양시,광영동,관내사전투표,5046,5046,4351,428,214,25,7,5025,21,0
전라남도,광양시,광영동,광영동제1투,1480,762,537,175,43,5,1,761,1,718
전라남도,광양시,광영동,광영동제2투,999,590,439,117,28,3,1,588,2,409
전라남도,광양시,광영동,광영동제3투,1963,1120,785,250,72,5,0,1112,8,843
전라남도,광양시,태인동,관내사전투표,1778,1778,1562,113,92,6,2,1775,3,0
전라남도,광양시,태인동,태인동투표소,453,228,182,35,7,4,0,228,0,225
전라남도,광양시,금호동,관내사전투표,4803,4803,3639,656,456,27,3,4781,22,0
전라남도,광양시,금호동,금호동제1투,852,573,309,190,62,10,0,571,2,279
전라남도,광양시,금호동,금호동제2투,646,431,222,168,32,7,1,430,1,215
전라남도,광양시,금호동,금호동제3투,750,530,222,197,104,4,0,527,3,220
전라남도,광양시,금호동,금호동제4투,713,486,244,176,51,9,0,480,6,227
전라남도,광양시,금호동,금호동제5투,726,506,279,174,46,3,1,503,3,220
전북특별자치도,군산시,거소·선상투표,,501,470,321,56,67,3,3,450,20,31
전북특별자치도,군산시,관외사전투표,,16582,16580,12517,1833,1912,142,22,16426,154,2
전북특별자치도,군산시,재외투표,,809,659,527,72,47,11,0,657,2,150
전북특별자치도,군산시,옥구읍,관내사전투표,1726,1726,1537,116,52,10,2,1717,9,0
전북특별자치도,군산시,옥구읍,옥구읍투표소,1111,570,418,121,22,3,1,565,5,541
전북특별자치도,군산시,옥산면,관내사전투표,2321,2321,2074,148,83,10,0,2315,6,0
전북특별자치도,군산시,옥산면,옥산면투표소,1576,954,701,187,48,13,1,950,4,622
전북특별자치도,군산시,회현면,관내사전투표,1344,1344,1218,81,23,10,3,1335,9,0
전북특별자치도,군산시,회현면,회현면투표소,971,521,385,114,11,5,0,515,6,450
전북특별자치도,군산시,임피면,관내사전투표,1484,1484,1340,79,39,7,3,1468,16,0
전북특별자치도,군산시,임피면,임피면투표소,828,417,306,97,9,2,1,415,2,411
전북특별자치도,군산시,서수면,관내사전투표,1077,1077,961,70,33,8,3,1075,2,0
전북특별자치도,군산시,서수면,서수면투표소,956,526,361,132,27,2,1,523,3,430
전북특별자치도,군산시,대야면,관내사전투표,2571,2571,2251,202,91,8,4,2556,15,0
전북특별자치도,군산시,대야면,대야면투표소,1625,786,577,170,26,6,0,779,7,839
전북특별자치도,군산시,개정면,관내사전투표,1128,1128,1005,93,22,4,0,1124,4,0
전북특별자치도,군산시,개정면,개정면투표소,1080,619,453,130,29,1,3,616,3,461
전북특별자치도,군산시,성산면,관내사전투표,1719,1719,1506,143,52,9,2,1712,7,0
전북특별자치도,군산시,성산면,성산면투표소,982,589,428,126,29,3,1,587,2,393
전북특별자치도,군산시,나포면,관내사전투표,1066,1066,946,70,26,8,0,1050,16,0
전북특별자치도,군산시,나포면,나포면투표소,777,405,301,84,12,3,1,401,4,372
전북특별자치도,군산시,옥도면,관내사전투표,356,356,320,26,9,0,0,355,1,0
전북특별자치도,군산시,옥도면,옥도면제1투,204,137,128,8,1,0,0,137,0,67
전북특별자치도,군산시,옥도면,옥도면제2투,477,327,279,38,6,1,0,324,3,150
전북특별자치도,군산시,옥도면,옥도면제3투,242,152,143,5,3,0,1,152,0,90
전북특별자치도,군산시,옥도면,옥도면제4투,67,39,33,2,2,0,1,38,1,28
전북특별자치도,군산시,옥도면,옥도면제5투,126,88,73,13,0,1,1,88,0,38
전북특별자치도,군산시,옥도면,옥도면제6투,45,30,26,3,1,0,0,30,0,15
전북특별자치도,군산시,옥도면,옥도면제7투,85,51,46,5,0,0,0,51,0,34
전북특별자치도,군산시,옥도면,옥도면제8투,27,20,12,6,2,0,0,20,0,7
전북특별자치도,군산시,옥도면,옥도면제9투,152,83,70,13,0,0,0,83,0,69
전북특별자치도,군산시,옥서면,관내사전투표,1926,1926,1668,141,91,13,3,1916,10,0
전북특별자치도,군산시,옥서면,옥서면투표소,950,490,350,97,33,5,0,485,5,460
전북특별자치도,군산시,해신동,관내사전투표,1642,1642,1462,110,50,13,1,1636,6,0
전북특별자치도,군산시,해신동,해신동투표소,839,451,313,110,20,5,1,449,2,388
전북특별자치도,군산시,월명동,관내사전투표,2460,2460,2148,209,77,15,3,2452,8,0
전북특별자치도,군산시,월명동,월명동제1투,949,491,300,157,27,3,0,487,4,458
전북특별자치도,군산시,월명동,월명동제2투,1062,656,465,157,26,2,1,651,5,406
전북특별자치도,군산시,삼학동,관내사전투표,3735,3735,3281,310,97,20,4,3712,23,0
전북특별자치도,군산시,삼학동,삼학동투표소,2072,1119,787,268,45,10,1,1111,8,953
전북특별자치도,군산시,신풍동,관내사전투표,2327,2327,2040,184,78,11,1,2314,13,0
전북특별자치도,군산시,신풍동,신풍동제1투,916,488,323,140,20,3,0,486,2,428
전북특별자치도,군산시,신풍동,신풍동제2투,619,318,224,80,12,1,1,318,0,301
전북특별자치도,군산시,신풍동,신풍동제3투,1294,920,696,173,38,4,1,912,8,374
전북특별자치도,군산시,중앙동,관내사전투표,2525,2525,2222,191,75,20,5,2513,12,0
전북특별자치도,군산시,중앙동,중앙동투표소,1722,930,653,210,53,7,0,923,7,792
전북특별자치도,군산시,흥남동,관내사전투표,4645,4645,4119,335,145,26,5,4630,15,0
전북특별자치도,군산시,흥남동,흥남동제1투,1411,749,531,158,56,2,0,747,2,662
전북특별자치도,군산시,흥남동,흥남동제2투,1785,1088,826,199,49,6,0,1080,8,697
전북특별자치도,군산시,흥남동,흥남동제3투,756,496,348,118,24,4,1,495,1,260
전북특별자치도,군산시,흥남동,흥남동제4투,992,626,449,134,31,8,0,622,4,366
전북특별자치도,군산시,조촌동,관내사전투표,8845,8845,7752,546,434,60,5,8797,48,0
전북특별자치도,군산시,조촌동,조촌동제1투,1569,742,496,151,75,11,0,733,9,827
전북특별자치도,군산시,조촌동,조촌동제2투,2497,1501,1085,289,104,14,2,1494,7,996
전북특별자치도,군산시,조촌동,조촌동제3투,1076,624,449,145,19,4,1,618,6,452
전북특별자치도,군산시,조촌동,조촌동제4투,2467,1752,1308,305,107,21,2,1743,9,715
전북특별자치도,군산시,조촌동,조촌동제5투,2953,2182,1595,398,161,15,2,2171,11,771
전북특별자치도,군산시,경암동,관내사전투표,3334,3334,2943,234,121,23,3,3324,10,0
전북특별자치도,군산시,경암동,경암동제1투,865,443,307,109,21,3,1,441,2,422
전북특별자치도,군산시,경암동,경암동제2투,1523,962,729,185,36,8,0,958,4,561
전북특별자치도,군산시,경암동,경암동제3투,800,532,394,115,13,8,2,532,0,268
전북특별자치도,군산시,구암동,관내사전투표,3817,3817,3333,266,171,24,0,3794,23,0
전북특별자치도,군산시,구암동,구암동제1투,1732,1053,733,242,65,7,1,1048,5,679
전북특별자치도,군산시,구암동,구암동제2투,3195,2239,1565,430,205,22,3,2225,14,956
전북특별자치도,군산시,개정동,관내사전투표,2017,2017,1791,134,70,13,1,2009,8,0
전북특별자치도,군산시,개정동,개정동투표소,882,527,358,137,22,4,0,521,6,355
전북특별자치도,군산시,수송동,관내사전투표,10727,10727,9351,709,549,78,2,10689,38,0
전북특별자치도,군산시,수송동,수송동제1투,1894,1082,709,275,90,6,0,1080,2,812
전북특별자치도,군산시,수송동,수송동제2투,1529,1025,795,161,58,5,0,1019,6,504
전북특별자치도,군산시,수송동,수송동제3투,1731,1179,900,207,51,11,2,1171,8,552
전북특별자치도,군산시,수송동,수송동제4투,1521,911,684,169,51,3,0,907,4,610
전북특별자치도,군산시,수송동,수송동제5투,3115,1947,1330,397,176,29,3,1935,12,1168
전북특별자치도,군산시,수송동,수송동제6투,2646,1871,1435,288,115,23,2,1863,8,775
전북특별자치도,군산시,수송동,수송동제7투,2307,1688,1197,341,117,21,0,1676,12,619
전북특별자치도,군산시,수송동,수송동제8투,2269,1616,1216,294,85,15,3,1613,3,653
전북특별자치도,군산시,수송동,수송동제9투,2585,1912,1512,271,103,17,1,1904,8,673
전북특별자치도,군산시,수송동,수송동제10투,930,621,462,118,32,7,0,619,2,309
전북특별자치도,군산시,수송동,수송동제11투,1798,1359,1086,185,71,9,0,1351,8,439
전북특별자치도,군산시,나운1동,관내사전투표,5246,5246,4649,385,152,31,2,5219,27,0
전북특별자치도,군산시,나운1동,나운1동제1투,1432,782,499,220,49,8,1,777,5,650
전북특별자치도,군산시,나운1동,나운1동제2투,2082,1235,890,251,69,15,1,1226,9,847
전북특별자치도,군산시,나운1동,나운1동제3투,1084,667,505,114,37,5,0,661,6,417
전북특별자치도,군산시,나운1동,나운1동제4투,1285,773,525,178,50,13,2,768,5,512
전북특별자치도,군산시,나운2동,관내사전투표,8591,8589,7627,565,320,42,5,8559,30,2
전북특별자치도,군산시,나운2동,나운2동제1투,1829,1101,780,242,69,6,0,1097,4,728
전북특별자치도,군산시,나운2동,나운2동제2투,1087,698,565,98,13,5,3,684,14,389
전북특별자치도,군산시,나운2동,나운2동제3투,1542,1120,851,194,62,6,0,1113,7,422
전북특별자치도,군산시,나운2동,나운2동제4투,2088,1483,1139,241,77,17,3,1477,6,605
전북특별자치도,군산시,나운2동,나운2동제5투,2696,1772,1296,345,96,15,4,1756,16,924
전북특별자치도,군산시,나운3동,관내사전투표,6103,6103,5264,398,368,42,8,6080,23,0
전북특별자치도,군산시,나운3동,나운3동제1투,3098,2071,1533,377,129,18,2,2059,12,1027
전북특별자치도,군산시,나운3동,나운3동제2투,3158,2009,1557,314,104,19,2,1996,13,1149
전북특별자치도,군산시,나운3동,나운3동제3투,1252,830,570,198,47,10,0,825,5,422
전북특별자치도,군산시,나운3동,나운3동제4투,1595,705,488,131,71,7,3,700,5,890
전북특별자치도,군산시,나운3동,나운3동제5투,1288,824,632,142,41,7,0,822,2,464
전북특별자치도,군산시,나운3동,나운3동제6투,1085,711,518,119,58,9,2,706,5,374
전북특별자치도,군산시,나운3동,나운3동제7투,1904,1234,787,333,95,8,2,1225,9,670
전북특별자치도,군산시,소룡동,관내사전투표,6173,6172,5519,385,204,30,5,6143,29,1
전북특별자치도,군산시,소룡동,소룡동제1투,1350,629,457,134,26,8,4,629,0,721
전북특별자치도,군산시,소룡동,소룡동제2투,934,576,437,114,17,3,1,572,4,358
전북특별자치도,군산시,소룡동,소룡동제3투,1562,767,573,148,33,5,3,762,5,795
전북특별자치도,군산시,소룡동,소룡동제4투,2485,1367,1039,239,73,7,3,1361,6,1118
전북특별자치도,군산시,소룡동,소룡동제5투,1572,852,616,178,55,2,0,851,1,720
전북특별자치도,군산시,미성동,관내사전투표,4604,4604,4118,259,178,25,4,4584,20,0
전북특별자치도,군산시,미성동,미성동제1투,1001,477,378,77,20,1,0,476,1,524
전북특별자치도,군산시,미성동,미성동제2투,1279,711,521,131,45,6,1,704,7,568
전북특별자치도,군산시,미성동,미성동제3투,1903,813,593,159,47,6,2,807,6,1090
전북특별자치도,군산시,미성동,미성동제4투,976,628,473,105,35,7,0,620,8,348
전북특별자치도,익산시,거소·선상투표,,528,501,349,64,67,2,5,487,14,27
전북특별자치도,익산시,관외사전투표,,19126,19125,14601,1865,2287,160,25,18938,187,1
전북특별자치도,익산시,재외투표,,816,666,543,58,57,4,1,663,3,150
전북특별자치도,익산시,함열읍,관내사전투표,3433,3433,3025,265,108,19,4,3421,12,0
전북특별자치도,익산시,함열읍,함열읍제1투,1378,711,512,161,21,4,3,701,10,667
전북특별자치도,익산시,함열읍,함열읍제2투,1060,631,468,133,22,3,1,627,4,429
전북특별자치도,익산시,오산면,관내사전투표,1994,1994,1783,132,50,15,3,1983,11,0
전북특별자치도,익산시,오산면,오산면제1투,899,502,395,79,14,10,0,498,4,397
전북특별자치도,익산시,오산면,오산면제2투,1632,1100,873,159,47,10,2,1091,9,532
전북특별자치도,익산시,오산면,오산면제3투,527,308,224,65,11,3,0,303,5,219
전북특별자치도,익산시,황등면,관내사전투표,3014,3014,2719,169,86,16,4,2994,20,0
전북특별자치도,익산시,황등면,황등면제1투,921,465,335,108,12,4,3,462,3,456
전북특별자치도,익산시,황등면,황등면제2투,1564,961,726,176,45,10,0,957,4,603
전북특별자치도,익산시,황등면,황등면제3투,451,291,226,52,9,2,0,289,2,160
전북특별자치도,익산시,함라면,관내사전투표,988,988,883,70,23,5,0,981,7,0
전북특별자치도,익산시,함라면,함라면투표소,760,411,300,92,8,4,1,405,6,349
전북특별자치도,익산시,웅포면,관내사전투표,674,674,607,44,19,1,0,671,3,0
전북특별자치도,익산시,웅포면,웅포면투표소,550,300,218,65,12,3,1,299,1,250
전북특별자치도,익산시,성당면,관내사전투표,722,722,647,55,15,2,1,720,2,0
전북특별자치도,익산시,성당면,성당면투표소,739,390,286,85,10,5,1,387,3,349
전북특별자치도,익산시,용안면,관내사전투표,1073,1072,924,98,23,5,2,1052,20,1
전북특별자치도,익산시,용안면,용안면투표소,912,451,300,125,17,2,1,445,6,461
전북특별자치도,익산시,낭산면,관내사전투표,1139,1139,1000,81,42,8,0,1131,8,0
전북특별자치도,익산시,낭산면,낭산면투표소,1173,676,498,141,24,6,0,669,7,497
전북특별자치도,익산시,망성면,관내사전투표,1006,1006,843,124,23,8,1,999,7,0
전북특별자치도,익산시,망성면,망성면투표소,1323,739,501,203,23,3,0,730,9,584
전북특별자치도,익산시,여산면,관내사전투표,1419,1419,1231,109,55,8,3,1406,13,0
전북특별자치도,익산시,여산면,여산면투표소,1195,665,447,169,41,4,0,661,4,530
전북특별자치도,익산시,금마면,관내사전투표,2788,2788,2387,237,115,18,5,2762,26,0
전북특별자치도,익산시,금마면,금마면제1투,1326,742,485,209,37,7,1,739,3,584
전북특별자치도,익산시,금마면,금마면제2투,734,435,311,100,18,2,0,431,4,299
전북특별자치도,익산시,왕궁면,관내사전투표,1825,1825,1596,133,66,10,5,1810,15,0
전북특별자치도,익산시,왕궁면,왕궁면제1투,1265,729,523,152,36,8,2,721,8,536
전북특별자치도,익산시,왕궁면,왕궁면제2투,517,278,210,48,13,3,1,275,3,239
전북특별자치도,익산시,왕궁면,왕궁면제3투,406,343,265,67,8,0,1,341,2,63
전북특별자치도,익산시,춘포면,관내사전투표,1236,1236,1113,63,29,10,1,1216,20,0
전북특별자치도,익산시,춘포면,춘포면제1투,555,289,234,41,11,2,0,288,1,266
전북특별자치도,익산시,춘포면,춘포면제2투,692,481,420,42,11,4,2,479,2,211
전북특별자치도,익산시,춘포면,춘포면제3투,825,561,442,87,26,3,0,558,3,264
전북특별자치도,익산시,삼기면,관내사전투표,1564,1564,1379,89,45,15,3,1531,33,0
전북특별자치도,익산시,삼기면,삼기면투표소,960,513,382,91,32,6,1,512,1,447
전북특별자치도,익산시,용동면,관내사전투표,599,599,505,64,23,3,1,596,3,0
전북특별자치도,익산시,용동면,용동면투표소,627,348,260,75,10,3,0,348,0,279
전북특별자치도,익산시,중앙동,관내사전투표,2178,2178,1893,184,67,20,3,2167,11,0
전북특별자치도,익산시,중앙동,중앙동제1투,804,420,281,93,36,4,2,416,4,384
전북특별자치도,익산시,중앙동,중앙동제2투,582,305,198,77,21,2,1,299,6,277
전북특별자치도,익산시,평화동,관내사전투표,1936,1936,1719,135,62,9,1,1926,10,0
전북특별자치도,익산시,평화동,평화동제1투,1086,646,467,135,41,1,0,644,2,440
전북특별자치도,익산시,평화동,평화동제2투,727,422,339,64,15,0,1,419,3,305
전북특별자치도,익산시,인화동,관내사전투표,2897,2897,2617,177,80,12,2,2888,9,0
전북특별자치도,익산시,인화동,인화동제1투,1196,581,390,138,38,5,1,572,9,615
전북특별자치도,익산시,인화동,인화동제2투,1258,674,492,144,24,8,1,669,5,584
전북특별자치도,익산시,동산동,관내사전투표,7042,7041,6425,340,211,38,7,7021,20,1
전북특별자치도,익산시,동산동,동산동제1투,1239,702,536,126,35,3,1,701,1,537
전북특별자치도,익산시,동산동,동산동제2투,866,491,379,80,26,6,0,491,0,375
전북특별자치도,익산시,동산동,동산동제3투,1711,957,712,166,61,6,4,949,8,754
전북특별자치도,익산시,동산동,동산동제4투,1683,992,762,156,58,6,3,985,7,691
전북특별자치도,익산시,동산동,동산동제5투,2636,1593,1263,238,64,12,3,1580,13,1043
전북특별자치도,익산시,마동,관내사전투표,5778,5778,5150,321,241,30,7,5749,29,0
전북특별자치도,익산시,마동,마동제1투,596,289,198,67,17,1,1,284,5,307
전북특별자치도,익산시,마동,마동제2투,3490,2401,1829,352,177,32,2,2392,9,1089
전북특별자치도,익산시,마동,마동제3투,2715,1711,1250,315,125,13,2,1705,6,1004
전북특별자치도,익산시,남중동,관내사전투표,4447,4447,3890,355,150,27,5,4427,20,0
전북특별자치도,익산시,남중동,남중동제1투,1047,518,348,140,26,2,0,516,2,529
전북특별자치도,익산시,남중동,남중동제2투,1225,743,501,180,50,10,0,741,2,482
전북특별자치도,익산시,남중동,남중동제3투,1411,809,589,149,54,11,1,804,5,602
전북특별자치도,익산시,남중동,남중동제4투,1166,714,522,166,23,1,0,712,2,452
전북특별자치도,익산시,모현동,관내사전투표,10826,10826,9629,659,430,57,5,10780,46,0
전북특별자치도,익산시,모현동,모현동제1투,1374,734,547,134,37,8,3,729,5,640
전북특별자치도,익산시,모현동,모현동제2투,1202,740,517,159,50,8,0,734,6,462
전북특별자치도,익산시,모현동,모현동제3투,1601,1044,779,189,60,8,4,1040,4,557
전북특별자치도,익산시,모현동,모현동제4투,1157,673,451,170,37,12,0,670,3,484
전북특별자치도,익산시,모현동,모현동제5투,1551,1003,727,194,62,15,0,998,5,548
전북특별자치도,익산시,모현동,모현동제6투,1931,1408,1105,201,80,16,1,1403,5,523
전북특별자치도,익산시,모현동,모현동제7투,1548,960,755,151,39,8,1,954,6,588
전북특별자치도,익산시,모현동,모현동제8투,1621,1251,968,185,74,14,2,1243,8,370
전북특별자치도,익산시,모현동,모현동제9투,1360,969,712,169,67,15,0,963,6,391
전북특별자치도,익산시,모현동,모현동제10투,1559,1211,987,150,56,14,0,1207,4,348
전북특별자치도,익산시,송학동,관내사전투표,5041,5041,4487,310,195,30,2,5024,17,0
전북특별자치도,익산시,송학동,송학동제1투,686,383,284,65,27,5,1,382,1,303
전북특별자치도,익산시,송학동,송학동제2투,921,620,459,122,33,2,0,616,4,301
전북특별자치도,익산시,송학동,송학동제3투,2570,1627,1245,217,142,13,1,1618,9,943
전북특별자치도,익산시,신동,관내사전투표,6217,6217,4870,557,649,51,12,6139,78,0
전북특별자치도,익산시,신동,신동제1투,1782,953,516,286,129,7,2,940,13,829
전북특별자치도,익산시,신동,신동제2투,1788,850,506,235,96,4,0,841,9,938
전북특별자치도,익산시,신동,신동제3투,1825,1266,899,254,93,15,0,1261,5,559
전북특별자치도,익산시,신동,신동제4투,1229,604,443,118,35,0,0,596,8,625
전북특별자치도,익산시,영등1동,관내사전투표,7064,7064,6287,439,274,43,2,7045,19,0
전북특별자치도,익산시,영등1동,영등1동제1투,1250,706,461,175,54,12,0,702,4,544
전북특별자치도,익산시,영등1동,영등1동제2투,2475,1489,1091,304,68,15,1,1479,10,986
전북특별자치도,익산시,영등1동,영등1동제3투,2214,1369,987,252,105,9,2,1355,14,845
전북특별자치도,익산시,영등1동,영등1동제4투,2229,1459,1068,274,89,16,0,1447,12,770
전북특별자치도,익산시,영등2동,관내사전투표,6732,6732,5862,397,365,51,6,6681,51,0
전북특별자치도,익산시,영등2동,영등2동제1투,1703,1113,826,175,90,13,2,1106,7,590
전북특별자치도,익산시,영등2동,영등2동제2투,1257,805,531,178,76,15,1,801,4,452
전북특별자치도,익산시,영등2동,영등2동제3투,1722,1098,802,180,95,11,2,1090,8,624
전북특별자치도,익산시,어양동,관내사전투표,7887,7887,6992,463,334,54,8,7851,36,0
전북특별자치도,익산시,어양동,어양동제1투,3108,1700,1274,284,110,18,1,1687,13,1408
전북특별자치도,익산시,어양동,어양동제2투,1509,907,608,232,61,4,0,905,2,602
전북특별자치도,익산시,어양동,어양동제3투,1631,1035,720,225,72,12,1,1030,5,596
전북특별자치도,익산시,어양동,어양동제4투,1472,1011,813,127,57,9,0,1006,5,461
전북특별자치도,익산시,어양동,어양동제5투,1328,896,676,143,61,9,1,890,6,432
전북특별자치도,익산시,팔봉동,관내사전투표,3232,3232,2811,198,113,25,5,3152,80,0
전북특별자치도,익산시,팔봉동,팔봉동제1투,1903,1088,787,234,48,6,5,1080,8,815
전북특별자치도,익산시,팔봉동,팔봉동제2투,580,344,268,62,13,1,0,344,0,236
전북특별자치도,익산시,삼성동,관내사전투표,8278,8278,7427,458,317,43,6,8251,27,0
전북특별자치도,익산시,삼성동,삼성동제1투,1662,1027,756,173,84,9,0,1022,5,635
전북특별자치도,익산시,삼성동,삼성동제2투,1232,694,539,111,29,8,0,687,7,538
전북특별자치도,익산시,삼성동,삼성동제3투,1728,987,665,237,69,8,0,979,8,741
전북특별자치도,익산시,삼성동,삼성동제4투,1943,1329,1037,206,67,14,2,1326,3,614
전북특별자치도,익산시,삼성동,삼성동제5투,1928,1267,975,195,75,8,3,1256,11,661
전북특별자치도,익산시,삼성동,삼성동제6투,1615,1063,819,161,71,10,1,1062,1,552
전북특별자치도,익산시,삼성동,삼성동제7투,626,397,334,44,10,3,2,393,4,229
전북특별자치도,익산시,삼성동,삼성동제8투,1940,1332,977,231,105,7,2,1322,10,608
전북특별자치도,정읍시,거소·선상투표,,572,539,381,60,42,7,3,493,46,33
전북특별자치도,정읍시,관외사전투표,,8124,8123,6371,754,828,60,16,8029,94,1
전북특별자치도,정읍시,재외투표,,327,265,220,22,17,5,0,264,1,62
전북특별자치도,정읍시,신태인읍,관내사전투표,2413,2413,2203,120,63,10,2,2398,15,0
전북특별자치도,정읍시,신태인읍,신태인읍제1투,812,436,342,71,17,3,1,434,2,376
전북특별자치도,정읍시,신태인읍,신태인읍제2투,670,359,284,60,3,3,2,352,7,311
전북특별자치도,정읍시,신태인읍,신태인읍제3투,534,314,263,41,3,1,2,310,4,220
전북특별자치도,정읍시,북면,관내사전투표,2677,2677,2452,125,71,16,4,2668,9,0
전북특별자치도,정읍시,북면,북면제1투,677,357,259,82,13,1,0,355,2,320
전북특별자치도,정읍시,북면,북면제2투,664,350,283,51,5,3,1,343,7,314
전북특별자치도,정읍시,입암면,관내사전투표,1265,1265,1153,68,30,4,2,1257,8,0
전북특별자치도,정읍시,입암면,입암면제1투,495,272,212,53,5,2,0,272,0,223
전북특별자치도,정읍시,입암면,입암면제2투,525,323,261,53,4,0,1,319,4,202
전북특별자치도,정읍시,소성면,관내사전투표,987,987,890,62,27,4,2,985,2,0
전북특별자치도,정읍시,소성면,소성면투표소,647,304,227,58,9,4,3,301,3,343
전북특별자치도,정읍시,고부면,관내사전투표,1218,1218,1106,70,24,11,2,1213,5,0
전북특별자치도,정읍시,고부면,고부면투표소,969,476,379,76,11,4,1,471,5,493
전북특별자치도,정읍시,영원면,관내사전투표,795,795,707,53,18,7,1,786,9,0
전북특별자치도,정읍시,영원면,영원면투표소,553,273,199,53,10,8,0,270,3,280
전북특별자치도,정읍시,덕천면,관내사전투표,860,860,785,37,23,8,0,853,7,0
전북특별자치도,정읍시,덕천면,덕천면제1투,325,179,148,19,5,6,0,178,1,146
전북특별자치도,정읍시,덕천면,덕천면제2투,308,185,147,25,10,1,1,184,1,123
전북특별자치도,정읍시,이평면,관내사전투표,908,908,839,44,15,3,1,902,6,0
전북특별자치도,정읍시,이평면,이평면투표소,648,317,245,51,14,2,3,315,2,331
전북특별자치도,정읍시,정우면,관내사전투표,898,898,806,51,22,6,4,889,9,0
전북특별자치도,정읍시,정우면,정우면투표소,859,434,329,81,13,4,2,429,5,425
전북특별자치도,정읍시,태인면,관내사전투표,1466,1466,1334,84,26,5,9,1458,8,0
전북특별자치도,정읍시,태인면,태인면제1투,686,385,299,65,15,1,1,381,4,301
전북특별자치도,정읍시,태인면,태인면제2투,511,279,238,34,6,0,0,278,1,232
전북특별자치도,정읍시,감곡면,관내사전투표,925,925,824,62,29,3,0,918,7,0
전북특별자치도,정읍시,감곡면,감곡면투표소,969,475,360,91,16,2,2,471,4,494
전북특별자치도,정읍시,옹동면,관내사전투표,617,617,573,34,5,2,1,615,2,0
전북특별자치도,정읍시,옹동면,옹동면투표소,541,290,218,56,10,3,2,289,1,251
전북특별자치도,정읍시,칠보면,관내사전투표,982,982,901,46,22,4,0,973,9,0
전북특별자치도,정읍시,칠보면,칠보면제1투,574,304,234,58,7,3,2,304,0,270
전북특별자치도,정읍시,칠보면,칠보면제2투,258,175,149,21,2,2,0,174,1,83
전북특별자치도,정읍시,산내면,관내사전투표,563,563,500,39,15,3,3,560,3,0
전북특별자치도,정읍시,산내면,산내면투표소,385,197,148,41,5,0,2,196,1,188
전북특별자치도,정읍시,산외면,관내사전투표,882,882,784,72,16,1,4,877,5,0
전북특별자치도,정읍시,산외면,산외면투표소,687,361,279,64,8,2,2,355,6,326
전북특별자치도,정읍시,수성동,관내사전투표,6459,6459,5864,273,231,50,1,6419,40,0
전북특별자치도,정읍시,수성동,수성동제1투,765,439,335,80,20,4,0,439,0,326
전북특별자치도,정읍시,수성동,수성동제2투,1068,740,596,100,34,5,3,738,2,328
전북특별자치도,정읍시,수성동,수성동제3투,771,439,349,70,15,1,2,437,2,332
전북특별자치도,정읍시,수성동,수성동제4투,1773,953,719,160,54,14,1,948,5,820
전북특별자치도,정읍시,수성동,수성동제5투,2175,1190,900,186,84,11,2,1183,7,985
전북특별자치도,정읍시,장명동,관내사전투표,1389,1389,1242,91,38,8,2,1381,8,0
전북특별자치도,정읍시,장명동,장명동투표소,1040,588,442,104,29,8,0,583,5,452
전북특별자치도,정읍시,내장상동,관내사전투표,7138,7138,6463,348,252,37,5,7105,33,0
전북특별자치도,정읍시,내장상동,내장상동제1투,2204,1438,1154,180,74,18,2,1428,10,766
전북특별자치도,정읍시,내장상동,내장상동제2투,1150,748,553,144,34,9,0,740,8,402
전북특별자치도,정읍시,내장상동,내장상동제3투,940,612,500,76,29,6,0,611,1,328
전북특별자치도,정읍시,내장상동,내장상동제4투,1019,569,437,96,27,5,0,565,4,450
전북특별자치도,정읍시,내장상동,내장상동제5투,804,509,403,82,12,6,2,505,4,295
전북특별자치도,정읍시,내장상동,내장상동제6투,1410,847,646,133,52,10,2,843,4,563
전북특별자치도,정읍시,시기동,관내사전투표,1881,1881,1688,120,50,14,3,1875,6,0
전북특별자치도,정읍시,시기동,시기동제1투,651,391,282,87,16,3,0,388,3,260
전북특별자치도,정읍시,시기동,시기동제2투,514,336,283,37,13,2,0,335,1,178
전북특별자치도,정읍시,초산동,관내사전투표,2723,2723,2477,133,80,17,2,2709,14,0
전북특별자치도,정읍시,초산동,초산동제1투,779,459,377,50,19,10,0,456,3,320
전북특별자치도,정읍시,초산동,초산동제2투,1087,633,478,98,43,9,0,628,5,454
전북특별자치도,정읍시,초산동,초산동제3투,1429,956,739,134,65,9,1,948,8,473
전북특별자치도,정읍시,연지동,관내사전투표,3551,3551,3152,211,142,25,6,3536,15,0
전북특별자치도,정읍시,연지동,연지동제1투,998,510,368,105,30,3,0,506,4,488
전북특별자치도,정읍시,연지동,연지동제2투,1170,762,584,118,44,8,0,754,8,408
전북특별자치도,정읍시,농소동,관내사전투표,1253,1253,1112,81,48,9,0,1250,3,0
전북특별자치도,정읍시,농소동,농소동제1투,550,275,215,44,11,2,1,273,2,275
전북특별자치도,정읍시,농소동,농소동제2투,891,526,434,68,21,2,0,525,1,365
전북특별자치도,정읍시,상교동,관내사전투표,1581,1581,1432,75,42,7,6,1562,19,0
전북특별자치도,정읍시,상교동,상교동제1투,916,447,331,78,29,3,0,441,6,469
전북특별자치도,정읍시,상교동,상교동제2투,546,280,210,55,11,2,1,279,1,266
전북특별자치도,남원시,거소·선상투표,,194,187,135,27,14,1,0,177,10,7
전북특별자치도,남원시,관외사전투표,,5788,5786,4479,579,606,58,10,5732,54,2
전북특별자치도,남원시,재외투표,,222,182,150,20,9,2,0,181,1,40
전북특별자치도,남원시,운봉읍,관내사전투표,1888,1888,1716,90,50,10,5,1871,17,0
전북특별자치도,남원시,운봉읍,운봉읍제1투,602,315,227,63,12,3,1,306,9,287
전북특별자치도,남원시,운봉읍,운봉읍제2투,640,325,223,80,9,7,1,320,5,315
전북특별자치도,남원시,주천면,관내사전투표,1073,1073,963,59,26,6,2,1056,17,0
전북특별자치도,남원시,주천면,주천면투표소,811,455,342,88,13,5,2,450,5,356
전북특별자치도,남원시,수지면,관내사전투표,457,457,408,19,15,3,2,447,10,0
전북특별자치도,남원시,수지면,수지면투표소,412,230,175,43,7,1,1,227,3,182
전북특별자치도,남원시,송동면,관내사전투표,824,824,756,30,21,6,5,818,6,0
전북특별자치도,남원시,송동면,송동면투표소,631,346,285,46,11,1,1,344,2,285
전북특별자치도,남원시,주생면,관내사전투표,828,828,764,40,13,3,2,822,6,0
전북특별자치도,남원시,주생면,주생면투표소,604,338,252,62,18,3,0,335,3,266
전북특별자치도,남원시,금지면,관내사전투표,1048,1048,945,60,20,10,2,1037,11,0
전북특별자치도,남원시,금지면,금지면투표소,792,467,370,70,13,4,2,459,8,325
전북특별자치도,남원시,대강면,관내사전투표,707,707,635,42,15,6,2,700,7,0
전북특별자치도,남원시,대강면,대강면투표소,518,262,197,52,4,5,2,260,2,256
전북특별자치도,남원시,대산면,관내사전투표,727,727,624,50,22,8,2,706,21,0
전북특별자치도,남원시,대산면,대산면투표소,542,284,221,51,9,1,0,282,2,258
전북특별자치도,남원시,사매면,관내사전투표,629,629,581,27,12,3,1,624,5,0
전북특별자치도,남원시,사매면,사매면투표소,540,269,219,32,11,2,2,266,3,271
전북특별자치도,남원시,덕과면,관내사전투표,389,389,360,19,6,1,0,386,3,0
전북특별자치도,남원시,덕과면,덕과면투표소,324,181,143,30,4,3,0,180,1,143
전북특별자치도,남원시,보절면,관내사전투표,637,637,580,37,11,2,6,636,1,0
전북특별자치도,남원시,보절면,보절면투표소,521,303,235,45,12,2,3,297,6,218
전북특별자치도,남원시,산동면,관내사전투표,833,833,746,47,15,11,2,821,12,0
전북특별자치도,남원시,산동면,산동면투표소,501,293,235,48,5,3,1,292,1,208
전북특별자치도,남원시,이백면,관내사전투표,975,975,884,52,17,6,2,961,14,0
전북특별자치도,남원시,이백면,이백면투표소,698,390,307,60,16,2,1,386,4,308
전북특별자치도,남원시,인월면,관내사전투표,1364,1364,1203,103,34,12,5,1357,7,0
전북특별자치도,남원시,인월면,인월면투표소,1018,582,433,116,24,5,1,579,3,436
전북특별자치도,남원시,아영면,관내사전투표,929,929,850,45,17,9,0,921,8,0
전북특별자치도,남원시,아영면,아영면투표소,633,345,272,59,8,3,1,343,2,288
전북특별자치도,남원시,산내면,관내사전투표,936,936,816,54,22,37,0,929,7,0
전북특별자치도,남원시,산내면,산내면투표소,662,374,275,78,8,10,0,371,3,288
전북특별자치도,남원시,동충동,관내사전투표,1805,1805,1583,132,55,17,2,1789,16,0
전북특별자치도,남원시,동충동,동충동투표소,1030,554,423,103,20,4,0,550,4,476
전북특별자치도,남원시,죽항동,관내사전투표,1667,1667,1482,109,55,8,6,1660,7,0
전북특별자치도,남원시,죽항동,죽항동투표소,989,469,324,117,21,4,0,466,3,520
전북특별자치도,남원시,노암동,관내사전투표,2505,2505,2259,147,74,8,3,2491,14,0
전북특별자치도,남원시,노암동,노암동제1투,477,257,199,46,9,3,0,257,0,220
전북특별자치도,남원시,노암동,노암동제2투,1467,856,660,130,43,11,2,846,10,611
전북특별자치도,남원시,금동,관내사전투표,2971,2971,2696,162,88,14,2,2962,9,0
전북특별자치도,남원시,금동,금동제1투,730,447,331,92,14,4,0,441,6,283
전북특별자치도,남원시,금동,금동제2투,1412,863,691,130,29,7,3,860,3,549
전북특별자치도,남원시,왕정동,관내사전투표,2419,2419,2205,129,62,9,2,2407,12,0
전북특별자치도,남원시,왕정동,왕정동제1투,970,564,423,101,26,6,1,557,7,406
전북특별자치도,남원시,왕정동,왕정동제2투,803,426,325,77,18,3,1,424,2,377
전북특별자치도,남원시,향교동,관내사전투표,3298,3298,2945,191,119,20,3,3278,20,0
전북특별자치도,남원시,향교동,향교동제1투,1368,707,536,133,32,2,1,704,3,661
전북특별자치도,남원시,향교동,향교동제2투,451,266,212,41,6,4,0,263,3,185
전북특별자치도,남원시,향교동,향교동제3투,508,240,171,52,10,4,1,238,2,268
전북특별자치도,남원시,도통동,관내사전투표,6276,6276,5674,322,210,43,4,6253,23,0
전북특별자치도,남원시,도통동,도통동제1투,1058,653,456,144,45,5,0,650,3,405
전북특별자치도,남원시,도통동,도통동제2투,894,492,351,100,28,6,1,486,6,402
전북특별자치도,남원시,도통동,도통동제3투,1670,949,752,136,48,7,0,943,6,721
전북특별자치도,남원시,도통동,도통동제4투,1192,683,509,108,52,4,1,674,9,509
전북특별자치도,김제시,거소·선상투표,,389,362,278,33,19,3,5,338,24,27
전북특별자치도,김제시,관외사전투표,,9141,9140,7409,851,745,60,14,9079,61,1
전북특별자치도,김제시,재외투표,,286,227,182,22,17,5,0,226,1,59
전북특별자치도,김제시,만경읍,관내사전투표,1354,1354,1187,107,34,8,3,1339,15,0
전북특별자치도,김제시,만경읍,만경읍투표소,917,518,381,109,16,4,3,513,5,399
전북특별자치도,김제시,죽산면,관내사전투표,1026,1026,947,46,18,5,2,1018,8,0
전북특별자치도,김제시,죽산면,죽산면투표소,852,452,339,88,15,6,0,448,4,400
전북특별자치도,김제시,백산면,관내사전투표,1629,1629,1475,85,53,3,2,1618,11,0
전북특별자치도,김제시,백산면,백산면투표소,1230,644,490,115,31,3,0,639,5,586
전북특별자치도,김제시,용지면,관내사전투표,1424,1424,1279,95,28,11,4,1417,7,0
전북특별자치도,김제시,용지면,용지면투표소,1140,577,409,129,23,8,2,571,6,563
전북특별자치도,김제시,백구면,관내사전투표,1463,1463,1340,80,25,10,1,1456,7,0
전북특별자치도,김제시,백구면,백구면제1투,745,426,337,69,17,1,1,425,1,319
전북특별자치도,김제시,백구면,백구면제2투,614,341,267,63,8,2,1,341,0,273
전북특별자치도,김제시,부량면,관내사전투표,635,635,576,31,19,4,2,632,3,0
전북특별자치도,김제시,부량면,부량면투표소,472,245,183,45,12,1,0,241,4,227
전북특별자치도,김제시,공덕면,관내사전투표,1089,1089,998,58,24,5,2,1087,2,0
전북특별자치도,김제시,공덕면,공덕면투표소,834,489,373,85,25,1,3,487,2,345
전북특별자치도,김제시,청하면,관내사전투표,811,811,720,57,23,4,3,807,4,0
전북특별자치도,김제시,청하면,청하면투표소,515,292,215,55,12,4,1,287,5,223
전북특별자치도,김제시,성덕면,관내사전투표,753,753,676,49,14,6,0,745,8,0
전북특별자치도,김제시,성덕면,성덕면투표소,534,276,202,66,3,3,1,275,1,258
전북특별자치도,김제시,진봉면,관내사전투표,901,901,813,50,25,4,2,894,7,0
전북특별자치도,김제시,진봉면,진봉면제1투,575,261,200,49,3,3,1,256,5,314
전북특별자치도,김제시,진봉면,진봉면제2투,272,173,148,18,4,0,1,171,2,99
전북특별자치도,김제시,금구면,관내사전투표,1972,1972,1786,113,46,13,3,1961,11,0
전북특별자치도,김제시,금구면,금구면제1투,953,527,377,119,22,5,0,523,4,426
전북특별자치도,김제시,금구면,금구면제2투,482,249,192,40,8,4,2,246,3,233
전북특별자치도,김제시,금구면,금구면제3투,393,237,186,31,10,4,2,233,4,156
전북특별자치도,김제시,봉남면,관내사전투표,899,899,814,57,15,7,4,897,2,0
전북특별자치도,김제시,봉남면,봉남면투표소,835,461,357,78,16,4,2,457,4,374
전북특별자치도,김제시,황산면,관내사전투표,1028,1028,927,59,21,5,2,1014,14,0
전북특별자치도,김제시,황산면,황산면투표소,720,402,320,59,14,4,0,397,5,318
전북특별자치도,김제시,금산면,관내사전투표,2017,2017,1864,98,32,9,6,2009,8,0
전북특별자치도,김제시,금산면,금산면투표소,1509,788,598,158,17,5,1,779,9,721
전북특별자치도,김제시,광활면,관내사전투표,601,601,551,23,17,3,1,595,6,0
전북특별자치도,김제시,광활면,광활면투표소,479,276,233,32,8,1,0,274,2,203
전북특별자치도,김제시,요촌동,관내사전투표,4076,4076,3663,234,138,13,4,4052,24,0
전북특별자치도,김제시,요촌동,요촌동제1투,1713,955,671,193,78,4,2,948,7,758
전북특별자치도,김제시,요촌동,요촌동제2투,1964,1110,791,240,55,11,1,1098,12,854
전북특별자치도,김제시,요촌동,요촌동제3투,425,267,196,64,6,0,1,267,0,158
전북특별자치도,김제시,신풍동,관내사전투표,4238,4238,3807,257,123,27,8,4222,16,0
전북특별자치도,김제시,신풍동,신풍동제1투,1715,968,684,210,53,13,1,961,7,747
전북특별자치도,김제시,신풍동,신풍동제2투,1000,514,382,95,25,5,0,507,7,486
전북특별자치도,김제시,신풍동,신풍동제3투,1215,728,535,129,49,7,0,720,8,487
전북특별자치도,김제시,신풍동,신풍동제4투,661,377,308,57,10,0,0,375,2,284
전북특별자치도,김제시,검산동,관내사전투표,4880,4880,4392,251,185,29,4,4861,19,0
전북특별자치도,김제시,검산동,검산동제1투,2445,1400,1026,243,98,14,3,1384,16,1045
전북특별자치도,김제시,검산동,검산동제2투,873,574,490,60,16,2,1,569,5,299
전북특별자치도,김제시,검산동,검산동제3투,1078,683,513,122,37,8,1,681,2,395
전북특별자치도,김제시,교월동,관내사전투표,3108,3108,2787,195,93,16,4,3095,13,0
전북특별자치도,김제시,교월동,교월동제1투,1284,668,508,123,26,5,1,663,5,616
전북특별자치도,김제시,교월동,교월동제2투,1039,613,489,90,23,5,3,610,3,426
전북특별자치도,완주군,거소·선상투표,,264,253,192,31,16,5,1,245,8,11
전북특별자치도,완주군,관외사전투표,,14374,14369,11754,1186,1179,138,8,14265,104,5
전북특별자치도,완주군,재외투표,,322,270,214,35,15,5,0,269,1,52
전북특별자치도,완주군,삼례읍,관내사전투표,6394,6394,5645,402,254,43,3,6347,47,0
전북특별자치도,완주군,삼례읍,삼례읍제1투,1678,906,653,173,56,14,1,897,9,772
전북특별자치도,완주군,삼례읍,삼례읍제2투,1934,1110,857,189,46,9,3,1104,6,824
전북특별자치도,완주군,삼례읍,삼례읍제3투,1421,860,672,119,45,12,0,848,12,561
전북특별자치도,완주군,삼례읍,삼례읍제4투,3868,2858,2068,461,274,35,4,2842,16,1010
전북특별자치도,완주군,봉동읍,관내사전투표,8194,8194,7289,475,326,61,6,8157,37,0
전북특별자치도,완주군,봉동읍,봉동읍제1투,1460,736,545,131,39,15,2,732,4,724
전북특별자치도,완주군,봉동읍,봉동읍제2투,2971,1794,1367,286,102,18,10,1783,11,1177
전북특별자치도,완주군,봉동읍,봉동읍제3투,3100,2154,1609,349,153,24,6,2141,13,946
전북특별자치도,완주군,봉동읍,봉동읍제4투,2550,1789,1369,258,132,18,2,1779,10,761
전북특별자치도,완주군,용진읍,관내사전투표,3102,3102,2778,156,120,31,5,3090,12,0
전북특별자치도,완주군,용진읍,용진읍제1투,412,247,196,36,12,2,0,246,1,165
전북특별자치도,완주군,용진읍,용진읍제2투,610,382,302,68,8,1,0,379,3,228
전북특별자치도,완주군,용진읍,용진읍제3투,1891,1264,935,208,93,20,0,1256,8,627
전북특별자치도,완주군,용진읍,용진읍제4투,1124,664,503,116,38,4,0,661,3,460
전북특별자치도,완주군,상관면,관내사전투표,1594,1594,1449,93,35,6,1,1584,10,0
전북특별자치도,완주군,상관면,상관면제1투,1069,562,416,119,15,10,1,561,1,507
전북특별자치도,완주군,상관면,상관면제2투,334,182,129,41,6,2,1,179,3,152
전북특별자치도,완주군,이서면,관내사전투표,3528,3527,3173,180,119,28,5,3505,22,1
전북특별자치도,완주군,이서면,이서면제1투,1564,910,662,172,55,13,0,902,8,654
전북특별자치도,완주군,이서면,이서면제2투,1832,1233,917,218,73,17,1,1226,7,599
전북특별자치도,완주군,이서면,이서면제3투,2573,1935,1411,333,152,24,3,1923,12,638
전북특별자치도,완주군,소양면,관내사전투표,2357,2357,2107,133,56,24,6,2326,31,0
전북특별자치도,완주군,소양면,소양면제1투,942,568,411,122,21,6,3,563,5,374
전북특별자치도,완주군,소양면,소양면제2투,677,354,257,72,15,5,1,350,4,323
전북특별자치도,완주군,소양면,소양면제3투,486,293,215,67,8,0,0,290,3,193
전북특별자치도,완주군,구이면,관내사전투표,2087,2087,1894,128,42,12,1,2077,10,0
전북특별자치도,완주군,구이면,구이면제1투,877,569,366,159,33,7,0,565,4,308
전북특별자치도,완주군,구이면,구이면제2투,671,429,348,67,8,3,1,427,2,242
전북특별자치도,완주군,구이면,구이면제3투,573,362,276,71,8,3,0,358,4,211
전북특별자치도,완주군,고산면,관내사전투표,2509,2509,2225,144,60,30,13,2472,37,0
전북특별자치도,완주군,고산면,고산면제1투,944,498,380,81,16,10,1,488,10,446
전북특별자치도,완주군,고산면,고산면제2투,456,297,242,38,8,3,1,292,5,159
전북특별자치도,완주군,비봉면,관내사전투표,905,905,792,67,27,8,1,895,10,0
전북특별자치도,완주군,비봉면,비봉면투표소,608,345,283,47,9,5,1,345,0,263
전북특별자치도,완주군,운주면,관내사전투표,760,760,613,107,23,8,2,753,7,0
전북특별자치도,완주군,운주면,운주면투표소,672,395,244,130,16,1,2,393,2,277
전북특별자치도,완주군,화산면,관내사전투표,878,878,782,58,28,4,2,874,4,0
전북특별자치도,완주군,화산면,화산면투표소,898,501,356,118,15,4,3,496,5,397
전북특별자치도,완주군,동상면,관내사전투표,325,325,285,27,10,2,0,324,1,0
전북특별자치도,완주군,동상면,동상면투표소,269,119,86,26,3,2,0,117,2,150
전북특별자치도,완주군,경천면,관내사전투표,579,579,506,48,10,6,3,573,6,0
전북특별자치도,완주군,경천면,경천면투표소,311,174,114,47,4,3,1,169,5,137
전북특별자치도,진안군,거소·선상투표,,84,76,62,7,3,0,0,72,4,8
전북특별자치도,진안군,관외사전투표,,3686,3685,2992,339,298,36,4,3669,16,1
전북특별자치도,진안군,재외투표,,105,83,70,7,5,1,0,83,0,22
전북특별자치도,진안군,진안읍,관내사전투표,4125,4124,3638,286,131,33,9,4097,27,1
전북특별자치도,진안군,진안읍,진안읍제1투,911,511,353,119,29,5,3,509,2,400
전북특별자치도,진안군,진안읍,진안읍제2투,1223,726,532,148,35,6,1,722,4,497
전북특별자치도,진안군,진안읍,진안읍제3투,1210,647,483,129,27,1,2,642,5,563
전북특별자치도,진안군,용담면,관내사전투표,417,417,350,52,8,0,4,414,3,0
전북특별자치도,진안군,용담면,용담면투표소,280,167,100,62,2,1,0,165,2,113
전북특별자치도,진안군,안천면,관내사전투표,488,488,413,43,22,2,1,481,7,0
전북특별자치도,진안군,안천면,안천면투표소,364,217,138,69,7,0,0,214,3,147
전북특별자치도,진안군,동향면,관내사전투표,648,648,587,37,12,6,2,644,4,0
전북특별자치도,진안군,동향면,동향면투표소,383,228,177,40,5,1,2,225,3,155
전북특별자치도,진안군,상전면,관내사전투표,341,341,311,19,6,2,2,340,1,0
전북특별자치도,진안군,상전면,상전면투표소,234,138,102,31,3,1,0,137,1,96
전북특별자치도,진안군,백운면,관내사전투표,828,828,738,44,22,9,1,814,14,0
전북특별자치도,진안군,백운면,백운면투표소,570,316,235,63,11,4,1,314,2,254
전북특별자치도,진안군,성수면,관내사전투표,632,632,568,37,15,7,2,629,3,0
전북특별자치도,진안군,성수면,성수면투표소,574,331,257,65,4,3,0,329,2,243
전북특별자치도,진안군,마령면,관내사전투표,687,687,619,50,9,5,1,684,3,0
전북특별자치도,진안군,마령면,마령면투표소,595,336,257,67,10,1,0,335,1,259
전북특별자치도,진안군,부귀면,관내사전투표,1057,1057,949,73,25,4,1,1052,5,0
전북특별자치도,진안군,부귀면,부귀면투표소,849,478,351,103,15,4,1,474,4,371
전북특별자치도,진안군,정천면,관내사전투표,438,438,402,25,4,5,2,438,0,0
전북특별자치도,진안군,정천면,정천면투표소,336,205,165,31,3,1,1,201,4,131
전북특별자치도,진안군,주천면,관내사전투표,688,688,572,80,21,7,3,683,5,0
전북특별자치도,진안군,주천면,주천면투표소,483,278,180,81,10,1,2,274,4,205
전북특별자치도,무주군,거소·선상투표,,111,104,74,9,13,1,3,100,4,7
전북특별자치도,무주군,관외사전투표,,2263,2262,1625,396,196,20,4,2241,21,1
전북특별자치도,무주군,재외투표,,109,89,74,9,5,1,0,89,0,20
전북특별자치도,무주군,무주읍,관내사전투표,4300,4300,3606,412,202,37,12,4269,31,0
전북특별자치도,무주군,무주읍,무주읍제1투,1937,1168,770,323,59,8,2,1162,6,769
전북특별자치도,무주군,무주읍,무주읍제2투,1152,629,409,185,26,7,1,628,1,523
전북특별자치도,무주군,무풍면,관내사전투표,882,882,704,140,31,4,1,880,2,0
전북특별자치도,무주군,무풍면,무풍면투표소,863,512,314,165,23,3,1,506,6,351
전북특별자치도,무주군,설천면,관내사전투표,1411,1411,1148,178,62,10,3,1401,10,0
전북특별자치도,무주군,설천면,설천면제1투,837,462,271,165,18,4,1,459,3,375
전북특별자치도,무주군,설천면,설천면제2투,656,462,335,108,11,2,1,457,5,194
전북특별자치도,무주군,적상면,관내사전투표,1005,1005,855,101,24,7,2,989,16,0
전북특별자치도,무주군,적상면,적상면투표소,1042,651,419,202,14,3,4,642,9,391
전북특별자치도,무주군,안성면,관내사전투표,1902,1902,1675,156,41,19,4,1895,7,0
전북특별자치도,무주군,안성면,안성면투표소,1384,702,479,170,35,5,4,693,9,682
전북특별자치도,무주군,부남면,관내사전투표,569,569,468,67,19,3,4,561,8,0
전북특별자치도,무주군,부남면,부남면투표소,476,273,169,90,6,1,0,266,7,203
전북특별자치도,장수군,거소·선상투표,,55,51,43,1,7,0,0,51,0,4
전북특별자치도,장수군,관외사전투표,,2250,2249,1781,248,166,30,4,2229,20,1
전북특별자치도,장수군,재외투표,,91,68,55,7,4,1,0,67,1,23
전북특별자치도,장수군,장수읍,관내사전투표,2972,2972,2602,192,116,28,7,2945,27,0
전북특별자치도,장수군,장수읍,장수읍제1투,1693,1009,771,177,44,10,1,1003,6,684
전북특별자치도,장수군,장수읍,장수읍제2투,686,453,342,90,9,4,2,447,6,233
전북특별자치도,장수군,산서면,관내사전투표,917,917,827,61,12,10,1,911,6,0
전북특별자치도,장수군,산서면,산서면투표소,579,319,256,44,11,5,0,316,3,260
전북특별자치도,장수군,번암면,관내사전투표,970,970,866,75,15,2,5,963,7,0
전북특별자치도,장수군,번암면,번암면투표소,758,427,326,87,8,2,2,425,2,331
전북특별자치도,장수군,장계면,관내사전투표,2002,2002,1766,155,59,10,4,1994,8,0
전북특별자치도,장수군,장계면,장계면투표소,1290,710,536,135,27,6,2,706,4,580
전북특별자치도,장수군,천천면,관내사전투표,856,856,755,71,13,9,3,851,5,0
전북특별자치도,장수군,천천면,천천면투표소,742,397,271,109,10,3,2,395,2,345
전북특별자치도,장수군,계남면,관내사전투표,870,870,796,50,12,7,0,865,5,0
전북특별자치도,장수군,계남면,계남면투표소,657,366,277,68,15,1,2,363,3,291
전북특별자치도,장수군,계북면,관내사전투표,702,702,614,50,25,7,1,697,5,0
전북특별자치도,장수군,계북면,계북면투표소,498,267,201,41,14,3,2,261,6,231
전북특별자치도,임실군,거소·선상투표,,86,83,68,8,3,2,0,81,2,3
전북특별자치도,임실군,관외사전투표,,3844,3841,3201,342,240,29,4,3816,25,3
전북특별자치도,임실군,재외투표,,96,78,63,9,6,0,0,78,0,18
전북특별자치도,임실군,임실읍,관내사전투표,3037,3037,2654,215,117,26,5,3017,20,0
전북특별자치도,임실군,임실읍,임실읍제1투,1280,753,538,162,39,3,3,745,8,527
전북특별자치도,임실군,임실읍,임실읍제2투,1003,584,427,114,32,6,0,579,5,419
전북특별자치도,임실군,청웅면,관내사전투표,573,573,519,36,6,5,2,568,5,0
전북특별자치도,임실군,청웅면,청웅면투표소,414,221,172,36,5,7,0,220,1,193
전북특별자치도,임실군,운암면,관내사전투표,265,265,238,18,6,1,0,263,2,0
전북특별자치도,임실군,운암면,운암면제1투,161,96,72,19,1,1,0,93,3,65
전북특별자치도,임실군,운암면,운암면제2투,172,132,123,8,0,0,1,132,0,40
전북특별자치도,임실군,운암면,운암면제3투,317,216,153,44,12,4,0,213,3,101
전북특별자치도,임실군,신평면,관내사전투표,460,460,413,29,7,4,3,456,4,0
전북특별자치도,임실군,신평면,신평면투표소,478,266,205,49,3,1,0,258,8,212
전북특별자치도,임실군,성수면,관내사전투표,573,573,511,37,13,4,5,570,3,0
전북특별자치도,임실군,성수면,성수면투표소,581,343,274,51,11,2,1,339,4,238
전북특별자치도,임실군,오수면,관내사전투표,1690,1690,1557,81,24,11,3,1676,14,0
전북특별자치도,임실군,오수면,오수면투표소,1145,612,479,108,20,2,1,610,2,533
전북특별자치도,임실군,신덕면,관내사전투표,397,397,364,20,7,3,1,395,2,0
전북특별자치도,임실군,신덕면,신덕면투표소,425,222,184,30,6,1,1,222,0,203
전북특별자치도,임실군,삼계면,관내사전투표,485,485,438,25,13,3,2,481,4,0
전북특별자치도,임실군,삼계면,삼계면투표소,512,269,214,38,7,3,3,265,4,243
전북특별자치도,임실군,관촌면,관내사전투표,1653,1653,1489,101,42,9,2,1643,10,0
전북특별자치도,임실군,관촌면,관촌면투표소,989,537,408,96,23,4,1,532,5,452
전북특별자치도,임실군,강진면,관내사전투표,705,705,640,43,15,1,2,701,4,0
전북특별자치도,임실군,강진면,강진면투표소,475,251,194,36,14,3,1,248,3,224
전북특별자치도,임실군,덕치면,관내사전투표,386,386,354,25,1,0,1,381,5,0
전북특별자치도,임실군,덕치면,덕치면투표소,358,192,155,22,8,1,2,188,4,166
전북특별자치도,임실군,지사면,관내사전투표,426,426,399,16,4,2,0,421,5,0
전북특별자치도,임실군,지사면,지사면투표소,356,207,172,31,1,0,2,206,1,149
전북특별자치도,순창군,거소·선상투표,,125,122,89,16,6,1,0,112,10,3
전북특별자치도,순창군,관외사전투표,,3634,3634,3001,318,267,19,2,3607,27,0
전북특별자치도,순창군,재외투표,,129,106,85,12,5,4,0,106,0,23
전북특별자치도,순창군,순창읍,관내사전투표,4388,4388,3929,266,132,36,4,4367,21,0
전북특별자치도,순창군,순창읍,순창읍제1투,763,430,325,76,22,3,1,427,3,333
전북특별자치도,순창군,순창읍,순창읍제2투,1165,659,488,137,26,3,0,654,5,506
전북특별자치도,순창군,순창읍,순창읍제3투,923,543,414,97,20,5,1,537,6,380
전북특별자치도,순창군,인계면,관내사전투표,867,867,779,52,20,5,2,858,9,0
전북특별자치도,순창군,인계면,인계면투표소,352,198,150,36,4,0,3,193,5,154
전북특별자치도,순창군,동계면,관내사전투표,953,953,843,66,25,6,4,944,9,0
전북특별자치도,순창군,동계면,동계면투표소,501,270,207,45,9,5,0,266,4,231
전북특별자치도,순창군,적성면,관내사전투표,692,692,604,45,24,6,2,681,11,0
전북특별자치도,순창군,적성면,적성면투표소,275,137,97,29,5,1,1,133,4,138
전북특별자치도,순창군,유등면,관내사전투표,644,644,587,32,11,7,0,637,7,0
전북특별자치도,순창군,유등면,유등면투표소,259,138,112,24,1,0,0,137,1,121
전북특별자치도,순창군,풍산면,관내사전투표,699,699,622,38,20,8,2,690,9,0
전북특별자치도,순창군,풍산면,풍산면투표소,455,225,164,43,9,5,2,223,2,230
전북특별자치도,순창군,금과면,관내사전투표,914,914,814,64,17,11,2,908,6,0
전북특별자치도,순창군,금과면,금과면투표소,442,214,167,29,8,2,2,208,6,228
전북특별자치도,순창군,팔덕면,관내사전투표,926,926,832,59,22,5,1,919,7,0
전북특별자치도,순창군,팔덕면,팔덕면투표소,322,163,126,23,10,2,0,161,2,159
전북특별자치도,순창군,복흥면,관내사전투표,1017,1017,939,63,8,2,2,1014,3,0
전북특별자치도,순창군,복흥면,복흥면제1투,334,161,134,19,7,1,0,161,0,173
전북특별자치도,순창군,복흥면,복흥면제2투,221,147,119,20,5,1,0,145,2,74
전북특별자치도,순창군,쌍치면,관내사전투표,946,946,842,72,17,3,0,934,12,0
전북특별자치도,순창군,쌍치면,쌍치면투표소,521,313,230,62,13,5,2,312,1,208
전북특별자치도,순창군,구림면,관내사전투표,1092,1092,986,64,23,10,2,1085,7,0
전북특별자치도,순창군,구림면,구림면제1투,402,198,140,47,9,1,0,197,1,204
전북특별자치도,순창군,구림면,구림면제2투,223,134,97,30,5,0,0,132,2,89
전북특별자치도,고창군,거소·선상투표,,236,221,180,20,9,3,2,214,7,15
전북특별자치도,고창군,관외사전투표,,4570,4570,3682,428,368,40,7,4525,45,0
전북특별자치도,고창군,재외투표,,179,153,126,15,12,0,0,153,0,26
전북특별자치도,고창군,고창읍,관내사전투표,7129,7128,6311,479,255,45,2,7092,36,1
전북특별자치도,고창군,고창읍,고창읍제1투,787,447,327,91,22,2,0,442,5,340
전북특별자치도,고창군,고창읍,고창읍제2투,960,598,469,89,31,3,1,593,5,362
전북특별자치도,고창군,고창읍,고창읍제3투,976,605,486,92,22,1,0,601,4,371
전북특별자치도,고창군,고창읍,고창읍제4투,738,428,334,66,14,10,0,424,4,310
전북특별자치도,고창군,고창읍,고창읍제5투,974,593,304,262,18,2,1,587,6,381
전북특별자치도,고창군,고창읍,고창읍제6투,983,653,540,76,25,4,1,646,7,330
전북특별자치도,고창군,고창읍,고창읍제7투,1658,1074,882,132,35,14,3,1066,8,584
전북특별자치도,고창군,고수면,관내사전투표,1576,1576,1423,81,51,6,7,1568,8,0
전북특별자치도,고창군,고수면,고수면투표소,831,445,356,74,8,2,1,441,4,386
전북특별자치도,고창군,아산면,관내사전투표,1524,1524,1383,83,38,11,1,1516,8,0
전북특별자치도,고창군,아산면,아산면제1투,538,286,210,61,8,3,1,283,3,252
전북특별자치도,고창군,아산면,아산면제2투,316,203,149,38,7,4,2,200,3,113
전북특별자치도,고창군,무장면,관내사전투표,1328,1328,1190,88,22,8,8,1316,12,0
전북특별자치도,고창군,무장면,무장면투표소,892,490,386,70,18,7,3,484,6,402
전북특별자치도,고창군,공음면,관내사전투표,1162,1162,1052,70,21,3,3,1149,13,0
전북특별자치도,고창군,공음면,공음면투표소,754,370,277,62,19,4,1,363,7,384
전북특별자치도,고창군,상하면,관내사전투표,1213,1213,1105,59,21,9,5,1199,14,0
전북특별자치도,고창군,상하면,상하면투표소,619,344,279,41,13,3,3,339,5,275
전북특별자치도,고창군,해리면,관내사전투표,1337,1337,1211,74,26,4,11,1326,11,0
전북특별자치도,고창군,해리면,해리면제1투,479,231,178,43,9,1,0,231,0,248
전북특별자치도,고창군,해리면,해리면제2투,350,198,158,33,7,0,0,198,0,152
전북특별자치도,고창군,성송면,관내사전투표,805,805,741,39,16,6,1,803,2,0
전북특별자치도,고창군,성송면,성송면투표소,573,308,239,55,9,2,0,305,3,265
전북특별자치도,고창군,대산면,관내사전투표,1458,1458,1337,62,27,8,5,1439,19,0
전북특별자치도,고창군,대산면,대산면제1투,595,314,265,35,10,0,2,312,2,281
전북특별자치도,고창군,대산면,대산면제2투,478,293,256,25,6,1,2,290,3,185
전북특별자치도,고창군,심원면,관내사전투표,1078,1078,997,55,15,3,4,1074,4,0
전북특별자치도,고창군,심원면,심원면투표소,863,481,379,74,25,0,0,478,3,382
전북특별자치도,고창군,흥덕면,관내사전투표,1487,1487,1332,100,32,10,5,1479,8,0
전북특별자치도,고창군,흥덕면,흥덕면투표소,1046,573,471,76,14,3,2,566,7,473
전북특별자치도,고창군,성내면,관내사전투표,822,822,733,62,15,1,4,815,7,0
전북특별자치도,고창군,성내면,성내면투표소,601,300,216,69,8,2,2,297,3,301
전북특별자치도,고창군,신림면,관내사전투표,1041,1041,966,46,20,3,0,1035,6,0
전북특별자치도,고창군,신림면,신림면투표소,641,327,268,43,9,3,1,324,3,314
전북특별자치도,고창군,부안면,관내사전투표,1218,1218,1093,79,21,9,10,1212,6,0
전북특별자치도,고창군,부안면,부안면제1투,481,257,194,40,15,3,1,253,4,224
전북특별자치도,고창군,부안면,부안면제2투,427,247,206,28,3,3,4,244,3,180
전북특별자치도,부안군,거소·선상투표,,171,164,125,18,13,0,2,158,6,7
전북특별자치도,부안군,관외사전투표,,4791,4790,3853,498,365,36,5,4757,33,1
전북특별자치도,부안군,재외투표,,144,119,99,10,9,1,0,119,0,25
전북특별자치도,부안군,부안읍,관내사전투표,7056,7056,6267,492,232,28,5,7024,32,0
전북특별자치도,부안군,부안읍,부안읍제1투,921,464,343,102,15,1,2,463,1,457
전북특별자치도,부안군,부안읍,부안읍제2투,1141,649,481,134,26,5,0,646,3,492
전북특별자치도,부안군,부안읍,부안읍제3투,833,388,277,93,12,4,1,387,1,445
전북특별자치도,부안군,부안읍,부안읍제4투,1813,1088,854,166,54,10,0,1084,4,725
전북특별자치도,부안군,부안읍,부안읍제5투,1499,817,633,128,46,6,2,815,2,682
전북특별자치도,부안군,부안읍,부안읍제6투,475,280,221,40,12,4,1,278,2,195
전북특별자치도,부안군,주산면,관내사전투표,901,901,806,65,13,6,1,891,10,0
전북특별자치도,부안군,주산면,주산면투표소,644,332,261,59,7,3,0,330,2,312
전북특별자치도,부안군,동진면,관내사전투표,985,985,875,80,19,5,0,979,6,0
전북특별자치도,부안군,동진면,동진면투표소,915,460,361,71,17,2,4,455,5,455
전북특별자치도,부안군,행안면,관내사전투표,2461,2461,2234,125,57,20,5,2441,20,0
전북특별자치도,부안군,행안면,행안면투표소,795,422,324,91,5,1,1,422,0,373
전북특별자치도,부안군,계화면,관내사전투표,1055,1055,977,46,19,1,3,1046,9,0
전북특별자치도,부안군,계화면,계화면제1투,773,418,341,52,15,3,2,413,5,355
전북특별자치도,부안군,계화면,계화면제2투,351,244,220,19,4,0,0,243,1,107
전북특별자치도,부안군,계화면,계화면제3투,260,184,163,17,0,0,2,182,2,76
전북특별자치도,부안군,보안면,관내사전투표,944,944,830,81,25,3,2,941,3,0
전북특별자치도,부안군,보안면,보안면투표소,796,411,321,69,12,6,0,408,3,385
전북특별자치도,부안군,변산면,관내사전투표,1512,1512,1347,102,48,5,3,1505,7,0
전북특별자치도,부안군,변산면,변산면제1투,654,333,247,74,8,3,1,333,0,321
전북특별자치도,부안군,변산면,변산면제2투,1156,774,641,101,24,3,3,772,2,382
전북특별자치도,부안군,진서면,관내사전투표,1040,1040,953,58,16,8,4,1039,1,0
전북특별자치도,부안군,진서면,진서면투표소,789,413,305,91,10,3,1,410,3,376
전북특별자치도,부안군,백산면,관내사전투표,1181,1181,1042,97,23,8,4,1174,7,0
전북특별자치도,부안군,백산면,백산면투표소,837,427,318,88,13,1,2,422,5,410
전북특별자치도,부안군,상서면,관내사전투표,875,875,780,59,29,3,1,872,3,0
전북특별자치도,부안군,상서면,상서면투표소,683,318,248,55,10,1,1,315,3,365
전북특별자치도,부안군,하서면,관내사전투표,1160,1160,1049,73,24,7,2,1155,5,0
전북특별자치도,부안군,하서면,하서면투표소,878,452,364,69,9,5,2,449,3,426
전북특별자치도,부안군,줄포면,관내사전투표,1219,1219,1105,80,21,3,2,1211,8,0
전북특별자치도,부안군,줄포면,줄포면투표소,900,474,375,80,12,5,0,472,2,426
전북특별자치도,부안군,위도면,관내사전투표,421,421,378,21,11,3,2,415,6,0
전북특별자치도,부안군,위도면,위도면제1투,258,128,96,27,4,0,0,127,1,130
전북특별자치도,부안군,위도면,위도면제2투,100,73,69,4,0,0,0,73,0,27
전라남도,장성군,거소·선상투표,,93,92,71,11,8,0,0,90,2,1
전라남도,장성군,관외사전투표,,6493,6493,5367,512,511,57,5,6452,41,0
전라남도,장성군,재외투표,,123,94,81,6,5,1,0,93,1,29
전라남도,장성군,장성읍,관내사전투표,5817,5817,5302,273,168,43,6,5792,25,0
전라남도,장성군,장성읍,장성읍제1투,923,488,361,89,24,9,1,484,4,435
전라남도,장성군,장성읍,장성읍제2투,1270,705,543,117,37,5,0,702,3,565
전라남도,장성군,장성읍,장성읍제3투,1247,675,544,93,29,4,1,671,4,572
전라남도,장성군,장성읍,장성읍제4투,1128,693,566,91,23,5,0,685,8,435
전라남도,장성군,진원면,관내사전투표,1248,1248,1153,59,25,5,0,1242,6,0
전라남도,장성군,진원면,진원면제1투,680,404,313,68,15,3,0,399,5,276
전라남도,장성군,진원면,진원면제2투,402,262,224,25,4,5,1,259,3,140
전라남도,장성군,남면,관내사전투표,1520,1520,1411,63,30,5,3,1512,8,0
전라남도,장성군,남면,남면투표소,1125,604,477,89,22,8,1,597,7,521
전라남도,장성군,동화면,관내사전투표,966,966,870,56,27,5,4,962,4,0
전라남도,장성군,동화면,동화면투표소,641,365,291,55,10,3,2,361,4,276
전라남도,장성군,삼서면,관내사전투표,1496,1496,1280,106,86,6,4,1482,14,0
전라남도,장성군,삼서면,삼서면투표소,869,469,382,69,14,0,1,466,3,400
전라남도,장성군,삼계면,관내사전투표,2006,2006,1785,128,69,13,2,1997,9,0
전라남도,장성군,삼계면,삼계면투표소,1588,832,531,220,68,6,1,826,6,756
전라남도,장성군,황룡면,관내사전투표,1724,1724,1605,72,31,7,2,1717,7,0
전라남도,장성군,황룡면,황룡면투표소,1260,673,545,97,18,9,0,669,4,587
전라남도,장성군,서삼면,관내사전투표,610,610,551,35,19,1,1,607,3,0
전라남도,장성군,서삼면,서삼면투표소,445,244,180,44,14,3,1,242,2,201
전라남도,장성군,북일면,관내사전투표,647,647,611,20,8,4,3,646,1,0
전라남도,장성군,북일면,북일면투표소,412,215,185,25,1,2,1,214,1,197
전라남도,장성군,북이면,관내사전투표,1317,1317,1201,81,20,3,4,1309,8,0
전라남도,장성군,북이면,북이면투표소,808,390,311,64,11,0,1,387,3,418
전라남도,장성군,북하면,관내사전투표,895,895,821,38,18,7,3,887,8,0
전라남도,장성군,북하면,북하면투표소,575,299,212,72,11,1,0,296,3,276
전라남도,곡성군,거소·선상투표,,75,74,54,10,6,0,1,71,3,1
전라남도,곡성군,관외사전투표,,3706,3705,3068,317,247,39,9,3680,25,1
전라남도,곡성군,재외투표,,109,73,51,15,7,0,0,73,0,36
전라남도,곡성군,곡성읍,관내사전투표,3596,3596,3186,191,117,29,7,3530,66,0
전라남도,곡성군,곡성읍,곡성읍제1투,1190,718,555,119,28,7,4,713,5,472
전라남도,곡성군,곡성읍,곡성읍제2투,830,424,321,73,20,7,1,422,2,406
전라남도,곡성군,곡성읍,곡성읍제3투,500,306,264,30,5,3,1,303,3,194
전라남도,곡성군,오곡면,관내사전투표,775,775,705,44,13,10,1,773,2,0
전라남도,곡성군,오곡면,오곡면투표소,572,355,264,79,6,3,2,354,1,217
전라남도,곡성군,삼기면,관내사전투표,664,664,604,33,10,6,3,656,8,0
전라남도,곡성군,삼기면,삼기면투표소,552,270,217,40,3,3,2,265,5,282
전라남도,곡성군,석곡면,관내사전투표,1320,1320,1200,77,18,10,1,1306,14,0
전라남도,곡성군,석곡면,석곡면투표소,651,329,244,68,11,3,0,326,3,322
전라남도,곡성군,목사동면,관내사전투표,519,519,458,35,14,4,2,513,6,0
전라남도,곡성군,목사동면,목사동면투표소,383,161,115,34,7,2,1,159,2,222
전라남도,곡성군,죽곡면,관내사전투표,776,776,697,52,11,4,2,766,10,0
전라남도,곡성군,죽곡면,죽곡면투표소,573,286,193,77,8,4,0,282,4,287
전라남도,곡성군,고달면,관내사전투표,433,433,396,17,10,4,2,429,4,0
전라남도,곡성군,고달면,고달면투표소,416,255,209,34,9,2,0,254,1,161
전라남도,곡성군,옥과면,관내사전투표,1990,1990,1801,93,67,13,5,1979,11,0
전라남도,곡성군,옥과면,옥과면제1투,872,463,358,72,25,4,0,459,4,409
전라남도,곡성군,옥과면,옥과면제2투,429,255,201,44,7,3,0,255,0,174
전라남도,곡성군,입면,관내사전투표,982,982,889,60,18,6,3,976,6,0
전라남도,곡성군,입면,입면투표소,628,305,234,41,20,7,0,302,3,323
전라남도,곡성군,겸면,관내사전투표,672,672,611,35,11,7,4,668,4,0
전라남도,곡성군,겸면,겸면투표소,480,225,153,48,10,7,2,220,5,255
전라남도,곡성군,오산면,관내사전투표,523,523,475,30,10,4,2,521,2,0
전라남도,곡성군,오산면,오산면투표소,426,206,154,38,6,4,1,203,3,220
전라남도,구례군,거소·선상투표,,65,57,48,4,4,0,0,56,1,8
전라남도,구례군,관외사전투표,,2701,2699,2169,271,219,26,2,2687,12,2
전라남도,구례군,재외투표,,96,70,56,9,3,2,0,70,0,26
전라남도,구례군,구례읍,관내사전투표,4235,4235,3797,272,122,20,3,4214,21,0
전라남도,구례군,구례읍,구례읍제1투,1150,687,540,117,19,6,0,682,5,463
전라남도,구례군,구례읍,구례읍제2투,769,401,305,68,20,5,0,398,3,368
전라남도,구례군,구례읍,구례읍제3투,473,296,230,47,12,4,0,293,3,177
전라남도,구례군,구례읍,구례읍제4투,893,549,414,110,17,6,0,547,2,344
전라남도,구례군,문척면,관내사전투표,832,832,755,50,16,2,3,826,6,0
전라남도,구례군,문척면,문척면투표소,396,226,161,50,11,3,0,225,1,170
전라남도,구례군,간전면,관내사전투표,746,746,678,41,14,4,1,738,8,0
전라남도,구례군,간전면,간전면투표소,365,223,160,48,8,2,1,219,4,142
전라남도,구례군,토지면,관내사전투표,1160,1160,1042,74,20,5,2,1143,17,0
전라남도,구례군,토지면,토지면투표소,703,414,312,80,15,3,1,411,3,289
전라남도,구례군,마산면,관내사전투표,1452,1452,1305,86,29,10,6,1436,16,0
전라남도,구례군,마산면,마산면투표소,718,412,283,112,5,7,1,408,4,306
전라남도,구례군,광의면,관내사전투표,994,994,914,51,15,5,1,986,8,0
전라남도,구례군,광의면,광의면제1투,458,256,202,41,8,2,1,254,2,202
전라남도,구례군,광의면,광의면제2투,286,166,121,33,8,2,0,164,2,120
전라남도,구례군,용방면,관내사전투표,826,826,747,51,16,6,4,824,2,0
전라남도,구례군,용방면,용방면투표소,411,253,178,60,7,3,1,249,4,158
전라남도,구례군,산동면,관내사전투표,1243,1243,1140,66,22,5,4,1237,6,0
전라남도,구례군,산동면,산동면제1투,419,248,189,47,8,2,1,247,1,171
전라남도,구례군,산동면,산동면제2투,372,225,155,64,4,0,0,223,2,147
전라남도,구례군,산동면,산동면제3투,212,151,118,27,5,0,0,150,1,61
전라남도,고흥군,거소·선상투표,,223,216,161,36,11,4,1,213,3,7
전라남도,고흥군,관외사전투표,,5302,5301,4318,531,366,38,7,5260,41,1
전라남도,고흥군,재외투표,,189,133,106,18,7,0,0,131,2,56
전라남도,고흥군,고흥읍,관내사전투표,5121,5121,4618,253,194,30,2,5097,24,0
전라남도,고흥군,고흥읍,고흥읍제1투,323,243,222,16,2,1,1,242,1,80
전라남도,고흥군,고흥읍,고흥읍제2투,708,436,350,55,20,6,0,431,5,272
전라남도,고흥군,고흥읍,고흥읍제3투,912,559,437,95,22,2,2,558,1,353
전라남도,고흥군,고흥읍,고흥읍제4투,2092,1190,896,233,46,7,3,1185,5,902
전라남도,고흥군,도양읍,관내사전투표,4770,4770,4369,238,108,23,8,4746,24,0
전라남도,고흥군,도양읍,도양읍제1투,864,535,428,77,19,3,3,530,5,329
전라남도,고흥군,도양읍,도양읍제2투,1059,536,438,75,12,4,2,531,5,523
전라남도,고흥군,도양읍,도양읍제3투,1446,800,673,97,22,1,1,794,6,646
전라남도,고흥군,도양읍,도양읍제4투,353,239,108,118,5,2,2,235,4,114
전라남도,고흥군,풍양면,관내사전투표,1572,1572,1441,67,29,15,7,1559,13,0
전라남도,고흥군,풍양면,풍양면제1투,647,384,289,71,12,1,4,377,7,263
전라남도,고흥군,풍양면,풍양면제2투,445,327,294,19,5,1,4,323,4,118
전라남도,고흥군,도덕면,관내사전투표,1191,1191,1095,43,28,5,5,1176,15,0
전라남도,고흥군,도덕면,도덕면제1투,562,342,277,55,6,0,2,340,2,220
전라남도,고흥군,도덕면,도덕면제2투,483,321,266,40,5,4,1,316,5,162
전라남도,고흥군,금산면,관내사전투표,2066,2066,1936,92,17,2,5,2052,14,0
전라남도,고흥군,금산면,금산면제1투,680,301,245,46,6,1,1,299,2,379
전라남도,고흥군,금산면,금산면제2투,593,344,297,41,2,1,1,342,2,249
전라남도,고흥군,도화면,관내사전투표,2168,2168,1998,102,37,3,6,2146,22,0
전라남도,고흥군,도화면,도화면투표소,1044,510,375,115,8,6,0,504,6,534
전라남도,고흥군,포두면,관내사전투표,2058,2058,1911,96,31,9,3,2050,8,0
전라남도,고흥군,포두면,포두면제1투,311,226,196,19,6,3,0,224,2,85
전라남도,고흥군,포두면,포두면제2투,270,173,147,20,3,0,0,170,3,97
전라남도,고흥군,포두면,포두면제3투,672,339,254,65,9,3,2,333,6,333
전라남도,고흥군,포두면,포두면제4투,538,379,329,37,6,3,2,377,2,159
전라남도,고흥군,봉래면,관내사전투표,960,960,853,68,22,6,2,951,9,0
전라남도,고흥군,봉래면,봉래면투표소,560,288,219,53,13,0,1,286,2,272
전라남도,고흥군,동일면,관내사전투표,791,791,735,33,11,2,2,783,8,0
전라남도,고흥군,동일면,동일면투표소,407,200,130,54,7,4,2,197,3,207
전라남도,고흥군,점암면,관내사전투표,1275,1275,1144,77,22,11,6,1260,15,0
전라남도,고흥군,점암면,점암면투표소,767,405,317,70,9,1,4,401,4,362
전라남도,고흥군,영남면,관내사전투표,591,591,551,26,7,1,3,588,3,0
전라남도,고흥군,영남면,영남면투표소,374,193,158,27,5,0,0,190,3,181
전라남도,고흥군,과역면,관내사전투표,1976,1976,1780,130,32,10,7,1959,17,0
전라남도,고흥군,과역면,과역면제1투,600,326,239,73,7,4,0,323,3,274
전라남도,고흥군,과역면,과역면제2투,324,168,139,23,2,1,1,166,2,156
전라남도,고흥군,남양면,관내사전투표,875,875,787,51,15,4,2,859,16,0
전라남도,고흥군,남양면,남양면제1투,390,200,147,42,3,3,0,195,5,190
전라남도,고흥군,남양면,남양면제2투,389,267,230,23,5,3,2,263,4,122
전라남도,고흥군,동강면,관내사전투표,1570,1570,1417,90,30,20,4,1561,9,0
전라남도,고흥군,동강면,동강면투표소,984,526,431,80,11,2,0,524,2,458
전라남도,고흥군,대서면,관내사전투표,1070,1070,979,59,14,5,4,1061,9,0
전라남도,고흥군,대서면,대서면투표소,645,340,265,52,15,3,0,335,5,305
전라남도,고흥군,두원면,관내사전투표,1454,1454,1330,76,19,6,7,1438,16,0
전라남도,고흥군,두원면,두원면제1투,482,238,164,63,6,0,2,235,3,244
전라남도,고흥군,두원면,두원면제2투,418,254,219,28,5,2,0,254,0,164
전라남도,보성군,거소·선상투표,,164,159,115,15,9,4,4,147,12,5
전라남도,보성군,관외사전투표,,4432,4430,3697,380,282,33,6,4398,32,2
전라남도,보성군,재외투표,,176,124,88,22,6,3,0,119,5,52
전라남도,보성군,보성읍,관내사전투표,3795,3795,3406,227,113,26,3,3775,20,0
전라남도,보성군,보성읍,보성읍제1투,385,213,155,43,10,3,1,212,1,172
전라남도,보성군,보성읍,보성읍제2투,723,394,300,72,14,3,2,391,3,329
전라남도,보성군,보성읍,보성읍제3투,723,449,348,73,20,3,1,445,4,274
전라남도,보성군,보성읍,보성읍제4투,191,116,87,21,5,2,0,115,1,75
전라남도,보성군,보성읍,보성읍제5투,601,346,263,67,8,5,0,343,3,255
전라남도,보성군,벌교읍,관내사전투표,4032,4032,3703,212,77,21,5,4018,14,0
전라남도,보성군,벌교읍,벌교읍제1투,314,166,125,32,6,3,0,166,0,148
전라남도,보성군,벌교읍,벌교읍제2투,468,261,210,43,6,0,0,259,2,207
전라남도,보성군,벌교읍,벌교읍제3투,647,396,325,53,11,1,1,391,5,251
전라남도,보성군,벌교읍,벌교읍제4투,501,287,230,39,8,5,2,284,3,214
전라남도,보성군,벌교읍,벌교읍제5투,384,263,216,38,4,2,1,261,2,121
전라남도,보성군,벌교읍,벌교읍제6투,392,235,196,30,6,1,0,233,2,157
전라남도,보성군,벌교읍,벌교읍제7투,171,107,88,18,0,0,0,106,1,64
전라남도,보성군,벌교읍,벌교읍제8투,1145,693,533,123,27,4,0,687,6,452
전라남도,보성군,벌교읍,벌교읍제9투,332,211,185,24,0,1,1,211,0,121
전라남도,보성군,벌교읍,벌교읍제10투,152,108,106,0,1,0,0,107,1,44
전라남도,보성군,노동면,관내사전투표,569,569,520,22,10,10,2,564,5,0
전라남도,보성군,노동면,노동면투표소,300,167,130,25,8,1,1,165,2,133
전라남도,보성군,미력면,관내사전투표,630,630,577,31,17,3,0,628,2,0
전라남도,보성군,미력면,미력면투표소,431,255,208,34,7,3,2,254,1,176
전라남도,보성군,겸백면,관내사전투표,448,448,419,19,5,0,0,443,5,0
전라남도,보성군,겸백면,겸백면투표소,369,216,182,27,6,0,0,215,1,153
전라남도,보성군,율어면,관내사전투표,523,523,469,33,9,5,3,519,4,0
전라남도,보성군,율어면,율어면투표소,317,185,148,27,4,4,0,183,2,132
전라남도,보성군,복내면,관내사전투표,793,793,724,44,14,5,2,789,4,0
전라남도,보성군,복내면,복내면투표소,382,192,141,34,9,3,1,188,4,190
전라남도,보성군,문덕면,관내사전투표,424,424,396,15,8,0,1,420,4,0
전라남도,보성군,문덕면,문덕면투표소,213,114,85,21,5,1,0,112,2,99
전라남도,보성군,조성면,관내사전투표,1688,1688,1540,89,32,6,9,1676,12,0
전라남도,보성군,조성면,조성면제1투,715,353,282,46,14,2,2,346,7,362
전라남도,보성군,조성면,조성면제2투,417,240,209,27,0,0,1,237,3,177
전라남도,보성군,득량면,관내사전투표,1546,1546,1383,100,29,11,5,1528,18,0
전라남도,보성군,득량면,득량면제1투,398,189,152,29,4,1,1,187,2,209
전라남도,보성군,득량면,득량면제2투,632,387,316,53,9,5,0,383,4,245
전라남도,보성군,득량면,득량면제3투,314,183,154,23,4,1,0,182,1,131
전라남도,보성군,회천면,관내사전투표,1194,1194,1093,60,24,6,4,1187,7,0
전라남도,보성군,회천면,회천면제1투,307,144,109,30,3,2,0,144,0,163
전라남도,보성군,회천면,회천면제2투,413,286,250,27,5,4,0,286,0,127
전라남도,보성군,회천면,회천면제3투,398,265,224,24,6,5,1,260,5,133
전라남도,보성군,웅치면,관내사전투표,602,602,562,21,13,0,2,598,4,0
전라남도,보성군,웅치면,웅치면투표소,321,173,141,22,6,0,1,170,3,148
전라남도,화순군,거소·선상투표,,156,144,110,12,12,3,2,139,5,12
전라남도,화순군,관외사전투표,,8631,8629,7379,513,615,72,5,8584,45,2
전라남도,화순군,재외투표,,178,136,112,14,5,2,0,133,3,42
전라남도,화순군,화순읍,관내사전투표,10793,10791,9901,440,328,66,9,10744,47,2
전라남도,화순군,화순읍,화순읍제1투,1921,1342,1088,160,73,8,2,1331,11,579
전라남도,화순군,화순읍,화순읍제2투,534,337,286,29,13,3,1,332,5,197
전라남도,화순군,화순읍,화순읍제3투,2794,1823,1492,203,95,16,4,1810,13,971
전라남도,화순군,화순읍,화순읍제4투,1841,1083,820,165,73,13,2,1073,10,758
전라남도,화순군,화순읍,화순읍제5투,2164,1278,1008,150,91,17,0,1266,12,886
전라남도,화순군,화순읍,화순읍제6투,1816,1302,1099,113,69,10,2,1293,9,514
전라남도,화순군,화순읍,화순읍제7투,2808,2064,1685,242,91,26,3,2047,17,744
전라남도,화순군,화순읍,화순읍제8투,411,296,265,21,6,1,1,294,2,115
전라남도,화순군,화순읍,화순읍제9투,1971,1349,1145,141,43,12,3,1344,5,622
전라남도,화순군,한천면,관내사전투표,472,472,431,18,14,4,0,467,5,0
전라남도,화순군,한천면,한천면투표소,392,196,148,43,5,0,0,196,0,196
전라남도,화순군,춘양면,관내사전투표,887,887,826,39,12,3,2,882,5,0
전라남도,화순군,춘양면,춘양면투표소,536,235,196,29,7,1,1,234,1,301
전라남도,화순군,청풍면,관내사전투표,437,437,399,19,10,1,3,432,5,0
전라남도,화순군,청풍면,청풍면투표소,308,162,139,11,7,1,1,159,3,146
전라남도,화순군,이양면,관내사전투표,849,849,773,33,18,7,1,832,17,0
전라남도,화순군,이양면,이양면투표소,578,272,236,26,3,2,1,268,4,306
전라남도,화순군,능주면,관내사전투표,1958,1958,1791,84,51,14,3,1943,15,0
전라남도,화순군,능주면,능주면투표소,1033,586,475,76,26,4,2,583,3,447
전라남도,화순군,도곡면,관내사전투표,1423,1423,1318,67,25,7,1,1418,5,0
전라남도,화순군,도곡면,도곡면투표소,863,477,384,65,15,4,1,469,8,386
전라남도,화순군,도암면,관내사전투표,616,616,564,29,8,5,1,607,9,0
전라남도,화순군,도암면,도암면투표소,422,210,172,31,4,1,0,208,2,212
전라남도,화순군,이서면,관내사전투표,404,404,364,26,9,2,0,401,3,0
전라남도,화순군,이서면,이서면투표소,259,122,106,13,2,1,0,122,0,137
전라남도,화순군,백아면,관내사전투표,621,621,575,22,13,4,4,618,3,0
전라남도,화순군,백아면,백아면투표소,433,217,188,17,5,1,3,214,3,216
전라남도,화순군,동복면,관내사전투표,659,659,610,19,21,3,2,655,4,0
전라남도,화순군,동복면,동복면투표소,532,316,261,41,3,5,1,311,5,216
전라남도,화순군,사평면,관내사전투표,1222,1222,1134,55,18,3,5,1215,7,0
전라남도,화순군,사평면,사평면투표소,566,257,215,33,5,2,1,256,1,309
전라남도,화순군,동면,관내사전투표,1832,1832,1685,78,34,8,7,1812,20,0
전라남도,화순군,동면,동면투표소,986,535,430,82,12,2,2,528,7,451
전라남도,장흥군,거소·선상투표,,181,172,144,14,7,1,0,166,6,9
전라남도,장흥군,관외사전투표,,3378,3378,2772,280,261,34,6,3353,25,0
전라남도,장흥군,재외투표,,137,101,82,13,6,0,0,101,0,36
전라남도,장흥군,장흥읍,관내사전투표,6049,6049,5493,308,177,32,14,6024,25,0
전라남도,장흥군,장흥읍,장흥읍제1투,936,493,397,72,14,3,1,487,6,443
전라남도,장흥군,장흥읍,장흥읍제2투,340,172,133,29,4,0,3,169,3,168
전라남도,장흥군,장흥읍,장흥읍제3투,1309,790,630,118,31,7,1,787,3,519
전라남도,장흥군,장흥읍,장흥읍제4투,1208,719,560,112,35,8,0,715,4,489
전라남도,장흥군,장흥읍,장흥읍제5투,508,290,224,48,12,4,1,289,1,218
전라남도,장흥군,장흥읍,장흥읍제6투,313,186,154,22,8,1,1,186,0,127
전라남도,장흥군,관산읍,관내사전투표,2273,2273,2135,72,39,9,4,2259,14,0
전라남도,장흥군,관산읍,관산읍제1투,541,257,211,30,9,6,1,257,0,284
전라남도,장흥군,관산읍,관산읍제2투,407,192,171,19,1,1,0,192,0,215
전라남도,장흥군,관산읍,관산읍제3투,448,284,249,27,5,2,0,283,1,164
전라남도,장흥군,대덕읍,관내사전투표,1508,1508,1359,82,32,9,12,1494,14,0
전라남도,장흥군,대덕읍,대덕읍제1투,774,392,288,82,10,4,2,386,6,382
전라남도,장흥군,대덕읍,대덕읍제2투,259,186,158,20,5,2,1,186,0,73
전라남도,장흥군,용산면,관내사전투표,1103,1103,1019,45,21,7,3,1095,8,0
전라남도,장흥군,용산면,용산면투표소,619,317,243,60,7,4,0,314,3,302
전라남도,장흥군,안양면,관내사전투표,1376,1376,1259,60,24,9,3,1355,21,0
전라남도,장흥군,안양면,안양면제1투,387,182,132,39,6,2,1,180,2,205
전라남도,장흥군,안양면,안양면제2투,418,265,235,19,6,0,0,260,5,153
전라남도,장흥군,장동면,관내사전투표,553,553,511,26,11,2,0,550,3,0
전라남도,장흥군,장동면,장동면투표소,379,219,139,62,6,6,2,215,4,160
전라남도,장흥군,장평면,관내사전투표,1043,1043,964,44,15,5,5,1033,10,0
전라남도,장흥군,장평면,장평면투표소,589,303,240,48,9,2,1,300,3,286
전라남도,장흥군,유치면,관내사전투표,486,486,428,37,6,3,3,477,9,0
전라남도,장흥군,유치면,유치면투표소,254,118,78,32,4,2,0,116,2,136
전라남도,장흥군,부산면,관내사전투표,891,891,823,40,14,8,4,889,2,0
전라남도,장흥군,부산면,부산면투표소,426,215,166,36,5,3,2,212,3,211
전라남도,장흥군,회진면,관내사전투표,1397,1397,1283,70,22,5,6,1386,11,0
전라남도,장흥군,회진면,회진면투표소,663,343,276,55,7,1,3,342,1,320
전라남도,강진군,거소·선상투표,,159,149,123,11,5,1,1,141,8,10
전라남도,강진군,관외사전투표,,3259,3258,2659,296,233,35,5,3228,30,1
전라남도,강진군,재외투표,,132,87,64,16,5,2,0,87,0,45
전라남도,강진군,강진읍,관내사전투표,5528,5528,4928,363,161,39,9,5500,28,0
전라남도,강진군,강진읍,강진읍제1투,641,342,259,64,13,4,1,341,1,299
전라남도,강진군,강진읍,강진읍제2투,982,590,460,98,23,7,0,588,2,392
전라남도,강진군,강진읍,강진읍제3투,729,435,324,92,13,1,2,432,3,294
전라남도,강진군,강진읍,강진읍제4투,410,244,192,39,8,2,0,241,3,166
전라남도,강진군,강진읍,강진읍제5투,411,245,211,25,4,0,2,242,3,166
전라남도,강진군,강진읍,강진읍제6투,1257,796,612,122,50,4,3,791,5,461
전라남도,강진군,군동면,관내사전투표,1653,1653,1453,113,62,11,0,1639,14,0
전라남도,강진군,군동면,군동면제1투,333,153,99,41,9,0,0,149,4,180
전라남도,강진군,군동면,군동면제2투,734,444,342,74,19,3,1,439,5,290
전라남도,강진군,군동면,군동면제3투,259,149,127,14,7,1,0,149,0,110
전라남도,강진군,칠량면,관내사전투표,1070,1070,956,75,17,7,6,1061,9,0
전라남도,강진군,칠량면,칠량면투표소,666,362,285,57,11,1,2,356,6,304
전라남도,강진군,대구면,관내사전투표,530,530,463,43,14,5,1,526,4,0
전라남도,강진군,대구면,대구면투표소,301,168,130,29,5,1,0,165,3,133
전라남도,강진군,마량면,관내사전투표,917,917,838,49,14,3,0,904,13,0
전라남도,강진군,마량면,마량면투표소,490,265,203,49,11,0,0,263,2,225
전라남도,강진군,도암면,관내사전투표,1017,1017,893,78,21,5,7,1004,13,0
전라남도,강진군,도암면,도암면제1투,479,283,210,54,10,3,0,277,6,196
전라남도,강진군,도암면,도암면제2투,286,197,167,18,6,2,1,194,3,89
전라남도,강진군,신전면,관내사전투표,840,840,761,46,13,9,3,832,8,0
전라남도,강진군,신전면,신전면제1투,317,178,129,38,7,0,0,174,4,139
전라남도,강진군,신전면,신전면제2투,234,158,142,12,2,2,0,158,0,76
전라남도,강진군,성전면,관내사전투표,1362,1362,1226,71,36,10,3,1346,16,0
전라남도,강진군,성전면,성전면투표소,808,412,322,66,15,6,1,410,2,396
전라남도,강진군,작천면,관내사전투표,866,866,784,53,16,5,2,860,6,0
전라남도,강진군,작천면,작천면투표소,509,264,199,49,8,5,1,262,2,245
전라남도,강진군,병영면,관내사전투표,812,812,734,50,15,2,2,803,9,0
전라남도,강진군,병영면,병영면투표소,473,241,190,42,4,4,0,240,1,232
전라남도,강진군,옴천면,관내사전투표,284,284,252,18,8,2,1,281,3,0
전라남도,강진군,옴천면,옴천면투표소,176,89,72,13,4,0,0,89,0,87
전라남도,완도군,거소·선상투표,,1022,972,887,34,21,4,3,949,23,50
전라남도,완도군,관외사전투표,,3980,3980,3299,335,295,20,2,3951,29,0
전라남도,완도군,재외투표,,116,87,74,7,2,3,0,86,1,29
전라남도,완도군,완도읍,관내사전투표,7246,7246,6659,309,217,32,3,7220,26,0
전라남도,완도군,완도읍,완도읍제1투,1350,695,550,100,30,7,0,687,8,655
전라남도,완도군,완도읍,완도읍제2투,1418,872,727,93,33,8,2,863,9,546
전라남도,완도군,완도읍,완도읍제3투,613,380,317,49,10,0,2,378,2,233
전라남도,완도군,완도읍,완도읍제4투,1535,900,733,124,32,6,0,895,5,635
전라남도,완도군,완도읍,완도읍제5투,570,343,285,39,10,3,0,337,6,227
전라남도,완도군,완도읍,완도읍제6투,576,373,322,34,12,2,1,371,2,203
전라남도,완도군,금일읍,관내사전투표,1318,1318,1244,33,27,2,3,1309,9,0
전라남도,완도군,금일읍,금일읍제1투,216,130,111,16,3,0,0,130,0,86
전라남도,완도군,금일읍,금일읍제2투,370,277,248,20,4,3,1,276,1,93
전라남도,완도군,금일읍,금일읍제3투,471,349,322,17,4,2,2,347,2,122
전라남도,완도군,노화읍,관내사전투표,2097,2097,1966,48,42,10,7,2073,24,0
전라남도,완도군,노화읍,노화읍제1투,673,369,309,37,14,2,1,363,6,304
전라남도,완도군,노화읍,노화읍제2투,396,231,204,16,3,1,4,228,3,165
전라남도,완도군,노화읍,노화읍제3투,402,321,299,11,1,2,2,315,6,81
전라남도,완도군,군외면,관내사전투표,1342,1342,1226,70,30,6,1,1333,9,0
전라남도,완도군,군외면,군외면제1투,502,265,196,57,6,3,1,263,2,237
전라남도,완도군,군외면,군외면제2투,472,306,244,32,13,5,5,299,7,166
전라남도,완도군,신지면,관내사전투표,1580,1580,1455,70,40,3,1,1569,11,0
전라남도,완도군,신지면,신지면제1투,510,273,222,27,15,3,1,268,5,237
전라남도,완도군,신지면,신지면제2투,476,274,227,34,5,0,1,267,7,202
전라남도,완도군,고금면,관내사전투표,2106,2106,1971,77,33,6,6,2093,13,0
전라남도,완도군,고금면,고금면제1투,570,290,233,42,9,3,1,288,2,280
전라남도,완도군,고금면,고금면제2투,235,150,126,20,1,0,2,149,1,85
전라남도,완도군,고금면,고금면제3투,240,149,126,11,6,2,1,146,3,91
전라남도,완도군,약산면,관내사전투표,935,935,873,33,9,3,8,926,9,0
전라남도,완도군,약산면,약산면제1투,439,246,192,42,4,1,2,241,5,193
전라남도,완도군,약산면,약산면제2투,324,255,219,24,6,2,2,253,2,69
전라남도,완도군,청산면,관내사전투표,1024,1024,934,45,25,9,3,1016,8,0
전라남도,완도군,청산면,청산면제1투,317,145,113,24,5,1,0,143,2,172
전라남도,완도군,청산면,청산면제2투,146,98,74,21,1,0,0,96,2,48
전라남도,완도군,청산면,청산면제3투,136,106,101,3,1,0,0,105,1,30
전라남도,완도군,소안면,관내사전투표,1156,1156,1082,37,21,2,5,1147,9,0
전라남도,완도군,소안면,소안면제1투,293,143,116,21,3,1,0,141,2,150
전라남도,완도군,소안면,소안면제2투,276,197,165,22,4,3,1,195,2,79
전라남도,완도군,금당면,관내사전투표,516,516,472,19,10,2,4,507,9,0
전라남도,완도군,금당면,금당면투표소,155,75,63,9,1,0,1,74,1,80
전라남도,완도군,보길면,관내사전투표,1255,1255,1174,40,27,5,1,1247,8,0
전라남도,완도군,보길면,보길면제1투,272,154,123,17,8,3,1,152,2,118
전라남도,완도군,보길면,보길면제2투,363,246,217,14,8,1,1,241,5,117
전라남도,완도군,생일면,관내사전투표,356,356,325,10,7,1,4,347,9,0
전라남도,완도군,생일면,생일면투표소,156,72,63,9,0,0,0,72,0,84
전라남도,해남군,거소·선상투표,,1207,999,858,65,26,6,3,958,41,208
전라남도,해남군,관외사전투표,,5836,5832,4792,465,472,51,4,5784,48,4
전라남도,해남군,재외투표,,160,110,95,7,7,1,0,110,0,50
전라남도,해남군,해남읍,관내사전투표,8189,8189,7417,393,288,45,6,8149,40,0
전라남도,해남군,해남읍,해남읍제1투,913,539,468,54,9,2,2,535,4,374
전라남도,해남군,해남읍,해남읍제2투,1189,732,572,118,29,9,0,728,4,457
전라남도,해남군,해남읍,해남읍제3투,1679,960,801,108,34,10,2,955,5,719
전라남도,해남군,해남읍,해남읍제4투,1757,953,757,124,54,6,3,944,9,804
전라남도,해남군,해남읍,해남읍제5투,632,300,238,41,16,4,0,299,1,332
전라남도,해남군,해남읍,해남읍제6투,827,463,396,46,16,1,0,459,4,364
전라남도,해남군,해남읍,해남읍제7투,523,336,289,29,13,1,0,332,4,187
전라남도,해남군,삼산면,관내사전투표,1746,1746,1606,97,21,10,2,1736,10,0
전라남도,해남군,삼산면,삼산면제1투,498,316,253,46,15,1,0,315,1,182
전라남도,해남군,삼산면,삼산면제2투,369,251,216,30,2,0,1,249,2,118
전라남도,해남군,화산면,관내사전투표,1452,1452,1298,105,32,4,1,1440,12,0
전라남도,해남군,화산면,화산면제1투,365,216,151,54,8,0,1,214,2,149
전라남도,해남군,화산면,화산면제2투,296,202,170,21,6,3,2,202,0,94
전라남도,해남군,화산면,화산면제3투,331,227,185,36,3,1,0,225,2,104
전라남도,해남군,현산면,관내사전투표,1407,1407,1257,85,35,14,5,1396,11,0
전라남도,해남군,현산면,현산면제1투,468,274,236,29,5,2,0,272,2,194
전라남도,해남군,현산면,현산면제2투,492,355,280,51,12,2,2,347,8,137
전라남도,해남군,송지면,관내사전투표,2641,2640,2397,146,64,11,0,2618,22,1
전라남도,해남군,송지면,송지면제1투,992,530,434,78,8,3,1,524,6,462
전라남도,해남군,송지면,송지면제2투,414,239,204,19,8,1,3,235,4,175
전라남도,해남군,송지면,송지면제3투,394,278,252,15,6,0,2,275,3,116
전라남도,해남군,북평면,관내사전투표,1443,1443,1323,72,26,7,4,1432,11,0
전라남도,해남군,북평면,북평면제1투,452,243,199,31,9,3,0,242,1,209
전라남도,해남군,북평면,북평면제2투,294,211,186,19,3,1,1,210,1,83
전라남도,해남군,북일면,관내사전투표,920,920,843,40,16,6,5,910,10,0
전라남도,해남군,북일면,북일면제1투,332,219,187,23,5,3,0,218,1,113
전라남도,해남군,북일면,북일면제2투,253,170,149,13,7,0,1,170,0,83
전라남도,해남군,옥천면,관내사전투표,2320,2319,2088,127,59,18,7,2299,20,1
전라남도,해남군,옥천면,옥천면제1투,499,309,256,42,7,2,1,308,1,190
전라남도,해남군,옥천면,옥천면제2투,364,249,190,40,10,4,3,247,2,115
전라남도,해남군,계곡면,관내사전투표,974,974,909,41,11,7,1,969,5,0
전라남도,해남군,계곡면,계곡면제1투,358,214,174,32,5,1,1,213,1,144
전라남도,해남군,계곡면,계곡면제2투,247,132,103,25,2,0,1,131,1,115
전라남도,해남군,마산면,관내사전투표,1092,1092,1008,46,20,6,3,1083,9,0
전라남도,해남군,마산면,마산면제1투,371,233,198,25,6,2,0,231,2,138
전라남도,해남군,마산면,마산면제2투,393,269,229,27,6,2,1,265,4,124
전라남도,해남군,황산면,관내사전투표,2045,2045,1880,95,52,5,4,2036,9,0
전라남도,해남군,황산면,황산면제1투,715,401,330,48,12,5,1,396,5,314
전라남도,해남군,황산면,황산면제2투,447,289,240,31,9,1,3,284,5,158
전라남도,해남군,황산면,황산면제3투,354,238,198,29,6,0,1,234,4,116
전라남도,해남군,산이면,관내사전투표,1301,1301,1206,50,28,7,3,1294,7,0
전라남도,해남군,산이면,산이면제1투,689,391,340,33,12,2,2,389,2,298
전라남도,해남군,산이면,산이면제2투,443,263,230,29,3,0,0,262,1,180
전라남도,해남군,문내면,관내사전투표,1761,1761,1624,90,20,9,3,1746,15,0
전라남도,해남군,문내면,문내면제1투,812,408,336,48,11,6,1,402,6,404
전라남도,해남군,문내면,문내면제2투,342,238,201,26,7,0,0,234,4,104
전라남도,해남군,화원면,관내사전투표,1674,1674,1545,87,22,6,5,1665,9,0
전라남도,해남군,화원면,화원면제1투,687,356,295,46,8,2,3,354,2,331
전라남도,해남군,화원면,화원면제2투,252,145,115,19,5,1,4,144,1,107
전라남도,진도군,거소·선상투표,,167,157,132,11,10,0,0,153,4,10
전라남도,진도군,관외사전투표,,2903,2901,2354,239,246,24,9,2872,29,2
전라남도,진도군,재외투표,,107,66,50,8,5,2,0,65,1,41
전라남도,진도군,진도읍,관내사전투표,4847,4847,4320,298,162,28,3,4811,36,0
전라남도,진도군,진도읍,진도읍제1투,1406,793,624,104,54,4,1,787,6,613
전라남도,진도군,진도읍,진도읍제2투,1169,598,438,121,28,6,3,596,2,571
전라남도,진도군,진도읍,진도읍제3투,476,339,302,27,6,1,0,336,3,137
전라남도,진도군,군내면,관내사전투표,1551,1551,1418,74,38,6,3,1539,12,0
전라남도,진도군,군내면,군내면제1투,194,113,88,19,4,0,1,112,1,81
전라남도,진도군,군내면,군내면제2투,377,215,163,40,7,1,0,211,4,162
전라남도,진도군,군내면,군내면제3투,335,208,174,25,1,3,1,204,4,127
전라남도,진도군,고군면,관내사전투표,1460,1460,1346,73,26,5,2,1452,8,0
전라남도,진도군,고군면,고군면제1투,353,174,137,30,5,1,0,173,1,179
전라남도,진도군,고군면,고군면제2투,393,255,208,35,8,1,0,252,3,138
전라남도,진도군,고군면,고군면제3투,358,240,208,25,5,1,1,240,0,118
전라남도,진도군,의신면,관내사전투표,1583,1582,1446,77,34,6,7,1570,12,1
전라남도,진도군,의신면,의신면제1투,439,211,160,34,8,2,2,206,5,228
전라남도,진도군,의신면,의신면제2투,262,170,142,19,3,3,2,169,1,92
전라남도,진도군,의신면,의신면제3투,453,242,196,36,5,4,0,241,1,211
전라남도,진도군,임회면,관내사전투표,1485,1485,1360,63,37,8,3,1471,14,0
전라남도,진도군,임회면,임회면제1투,410,205,153,30,11,4,0,198,7,205
전라남도,진도군,임회면,임회면제2투,376,245,202,33,4,1,3,243,2,131
전라남도,진도군,임회면,임회면제3투,382,227,174,42,4,1,1,222,5,155
전라남도,진도군,지산면,관내사전투표,1351,1351,1241,61,29,3,5,1339,12,0
전라남도,진도군,지산면,지산면제1투,340,171,135,23,7,1,0,166,5,169
전라남도,진도군,지산면,지산면제2투,369,241,203,27,6,0,1,237,4,128
전라남도,진도군,지산면,지산면제3투,241,161,133,21,3,1,2,160,1,80
전라남도,진도군,조도면,관내사전투표,790,790,708,49,16,2,5,780,10,0
전라남도,진도군,조도면,조도면제1투,422,210,166,37,5,1,0,209,1,212
전라남도,진도군,조도면,조도면제2투,74,52,47,2,0,1,1,51,1,22
전라남도,진도군,조도면,조도면제3투,67,54,48,5,0,0,0,53,1,13
전라남도,진도군,조도면,조도면제4투,145,114,106,6,1,0,1,114,0,31
전라남도,진도군,조도면,조도면제5투,74,63,57,3,0,0,0,60,3,11
전라남도,진도군,조도면,조도면제6투,108,53,51,0,0,1,0,52,1,55
전라남도,진도군,조도면,조도면제7투,167,130,123,5,2,0,0,130,0,37
전라남도,무안군,거소·선상투표,,639,613,453,68,40,9,9,579,34,26
전라남도,무안군,관외사전투표,,14960,14959,12615,922,1184,119,14,14854,105,1
전라남도,무안군,재외투표,,233,187,157,15,13,1,0,186,1,46
전라남도,무안군,무안읍,관내사전투표,5421,5421,4876,256,219,29,9,5389,32,0
전라남도,무안군,무안읍,무안읍제1투,1150,598,468,88,30,2,2,590,8,552
전라남도,무안군,무안읍,무안읍제2투,1426,865,662,142,48,5,4,861,4,561
전라남도,무안군,무안읍,무안읍제3투,289,190,167,17,4,0,0,188,2,99
전라남도,무안군,무안읍,무안읍제4투,689,366,292,52,12,3,3,362,4,323
전라남도,무안군,일로읍,관내사전투표,3803,3803,3543,144,78,15,5,3785,18,0
전라남도,무안군,일로읍,일로읍제1투,349,215,189,15,4,4,1,213,2,134
전라남도,무안군,일로읍,일로읍제2투,249,158,133,19,4,1,1,158,0,91
전라남도,무안군,일로읍,일로읍제3투,914,505,422,56,19,4,1,502,3,409
전라남도,무안군,일로읍,일로읍제4투,175,111,98,8,4,0,0,110,1,64
전라남도,무안군,일로읍,일로읍제5투,455,261,228,22,5,3,3,261,0,194
전라남도,무안군,일로읍,일로읍제6투,1853,1398,1068,202,96,24,2,1392,6,455
전라남도,무안군,일로읍,일로읍제7투,1511,1172,970,119,56,23,1,1169,3,339
전라남도,무안군,일로읍,일로읍제8투,1301,966,771,130,45,16,0,962,4,335
전라남도,무안군,삼향읍,관내사전투표,10140,10139,9051,444,525,80,4,10104,35,1
전라남도,무안군,삼향읍,삼향읍제1투,357,239,191,40,5,2,0,238,1,118
전라남도,무안군,삼향읍,삼향읍제2투,559,355,288,43,12,8,0,351,4,204
전라남도,무안군,삼향읍,삼향읍제3투,804,445,363,61,18,0,0,442,3,359
전라남도,무안군,삼향읍,삼향읍제4투,457,294,257,23,10,1,2,293,1,163
전라남도,무안군,삼향읍,삼향읍제5투,1591,1038,792,146,81,12,0,1031,7,553
전라남도,무안군,삼향읍,삼향읍제6투,1831,1241,961,170,92,7,0,1230,11,590
전라남도,무안군,삼향읍,삼향읍제7투,2212,1400,1021,217,119,25,2,1384,16,812
전라남도,무안군,삼향읍,삼향읍제8투,1678,1172,939,138,76,14,0,1167,5,506
전라남도,무안군,삼향읍,삼향읍제9투,1807,1317,1069,131,85,25,2,1312,5,490
전라남도,무안군,삼향읍,삼향읍제10투,1774,1241,970,181,71,15,1,1238,3,533
전라남도,무안군,삼향읍,삼향읍제11투,926,644,445,122,63,7,0,637,7,282
전라남도,무안군,몽탄면,관내사전투표,1132,1132,1033,50,27,8,5,1123,9,0
전라남도,무안군,몽탄면,몽탄면제1투,339,212,180,27,4,0,1,212,0,127
전라남도,무안군,몽탄면,몽탄면제2투,162,92,74,10,7,0,0,91,1,70
전라남도,무안군,몽탄면,몽탄면제3투,159,75,51,15,4,4,0,74,1,84
전라남도,무안군,몽탄면,몽탄면제4투,232,155,131,18,2,2,1,154,1,77
전라남도,무안군,청계면,관내사전투표,2688,2688,2255,158,200,26,5,2644,44,0
전라남도,무안군,청계면,청계면제1투,379,228,199,19,4,2,1,225,3,151
전라남도,무안군,청계면,청계면제2투,922,495,350,98,35,6,1,490,5,427
전라남도,무안군,청계면,청계면제3투,486,309,257,35,4,4,3,303,6,177
전라남도,무안군,청계면,청계면제4투,438,323,284,23,6,1,4,318,5,115
전라남도,무안군,청계면,청계면제5투,466,304,252,42,6,2,1,303,1,162
전라남도,무안군,현경면,관내사전투표,1517,1517,1425,58,23,9,0,1515,2,0
전라남도,무안군,현경면,현경면제1투,206,148,129,15,2,0,0,146,2,58
전라남도,무안군,현경면,현경면제2투,529,285,249,22,9,2,0,282,3,244
전라남도,무안군,현경면,현경면제3투,378,233,205,22,1,1,1,230,3,145
전라남도,무안군,현경면,현경면제4투,379,210,174,21,10,2,2,209,1,169
전라남도,무안군,현경면,현경면제5투,341,233,189,36,5,1,0,231,2,108
전라남도,무안군,망운면,관내사전투표,889,889,828,40,12,3,0,883,6,0
전라남도,무안군,망운면,망운면제1투,407,202,162,35,3,2,0,202,0,205
전라남도,무안군,망운면,망운면제2투,210,133,115,14,4,0,0,133,0,77
전라남도,무안군,해제면,관내사전투표,2292,2292,2141,91,35,7,6,2280,12,0
전라남도,무안군,해제면,해제면제1투,388,173,145,18,5,1,2,171,2,215
전라남도,무안군,해제면,해제면제2투,476,233,185,35,9,1,1,231,2,243
전라남도,무안군,해제면,해제면제3투,297,159,131,22,1,0,1,155,4,138
전라남도,무안군,해제면,해제면제4투,387,189,152,30,3,1,0,186,3,198
전라남도,무안군,운남면,관내사전투표,1097,1097,998,62,26,6,1,1093,4,0
전라남도,무안군,운남면,운남면제1투,279,147,116,24,5,2,0,147,0,132
전라남도,무안군,운남면,운남면제2투,512,311,242,59,7,3,0,311,0,201
전라남도,무안군,운남면,운남면제3투,188,127,110,13,2,1,0,126,1,61
전라남도,영광군,거소·선상투표,,131,118,93,11,8,0,1,113,5,13
전라남도,영광군,관외사전투표,,6675,6673,5363,549,653,56,6,6627,46,2
전라남도,영광군,재외투표,,151,122,98,11,13,0,0,122,0,29
전라남도,영광군,영광읍,관내사전투표,7144,7144,6509,326,243,34,8,7120,24,0
전라남도,영광군,영광읍,영광읍제1투,693,329,258,46,21,2,1,328,1,364
전라남도,영광군,영광읍,영광읍제2투,1702,1043,821,157,49,9,0,1036,7,659
전라남도,영광군,영광읍,영광읍제3투,1238,691,553,99,29,6,1,688,3,547
전라남도,영광군,영광읍,영광읍제4투,1066,530,411,68,38,6,4,527,3,536
전라남도,영광군,영광읍,영광읍제5투,540,333,281,33,10,1,5,330,3,207
전라남도,영광군,영광읍,영광읍제6투,207,154,137,9,5,0,2,153,1,53
전라남도,영광군,영광읍,영광읍제7투,271,174,143,18,12,1,0,174,0,97
전라남도,영광군,영광읍,영광읍제8투,1419,756,575,117,52,6,2,752,4,663
전라남도,영광군,영광읍,영광읍제9투,762,472,405,45,14,3,2,469,3,290
전라남도,영광군,백수읍,관내사전투표,1691,1691,1558,80,34,2,8,1682,9,0
전라남도,영광군,백수읍,백수읍제1투,257,132,102,19,7,1,1,130,2,125
전라남도,영광군,백수읍,백수읍제2투,525,313,250,52,3,1,2,308,5,212
전라남도,영광군,백수읍,백수읍제3투,404,231,210,16,5,0,0,231,0,173
전라남도,영광군,백수읍,백수읍제4투,402,224,200,16,6,0,0,222,2,178
전라남도,영광군,홍농읍,관내사전투표,2622,2622,2208,215,149,16,6,2594,28,0
전라남도,영광군,홍농읍,홍농읍제1투,438,207,153,41,9,1,2,206,1,231
전라남도,영광군,홍농읍,홍농읍제2투,162,87,74,12,1,0,0,87,0,75
전라남도,영광군,홍농읍,홍농읍제3투,213,125,105,12,5,0,2,124,1,88
전라남도,영광군,홍농읍,홍농읍제4투,367,220,198,20,1,1,0,220,0,147
전라남도,영광군,홍농읍,홍농읍제5투,1083,689,341,243,94,5,1,684,5,394
전라남도,영광군,대마면,관내사전투표,831,831,721,49,42,7,3,822,9,0
전라남도,영광군,대마면,대마면제1투,351,191,149,29,6,4,0,188,3,160
전라남도,영광군,대마면,대마면제2투,187,122,112,7,0,1,2,122,0,65
전라남도,영광군,묘량면,관내사전투표,845,845,765,41,23,3,4,836,9,0
전라남도,영광군,묘량면,묘량면제1투,285,151,106,36,9,0,0,151,0,134
전라남도,영광군,묘량면,묘량면제2투,270,188,167,16,2,2,1,188,0,82
전라남도,영광군,불갑면,관내사전투표,809,809,741,50,9,6,1,807,2,0
전라남도,영광군,불갑면,불갑면제1투,260,136,108,22,3,1,1,135,1,124
전라남도,영광군,불갑면,불갑면제2투,148,96,81,10,2,0,2,95,1,52
전라남도,영광군,군서면,관내사전투표,1712,1712,1541,87,42,11,11,1692,20,0
전라남도,영광군,군서면,군서면제1투,352,189,152,21,14,0,0,187,2,163
전라남도,영광군,군서면,군서면제2투,453,284,233,38,7,0,1,279,5,169
전라남도,영광군,군남면,관내사전투표,1146,1146,1058,44,26,1,8,1137,9,0
전라남도,영광군,군남면,군남면제1투,325,150,112,31,2,2,1,148,2,175
전라남도,영광군,군남면,군남면제2투,209,118,97,9,4,1,4,115,3,91
전라남도,영광군,군남면,군남면제3투,235,120,98,14,5,0,3,120,0,115
전라남도,영광군,염산면,관내사전투표,1753,1753,1624,74,33,4,7,1742,11,0
전라남도,영광군,염산면,염산면제1투,508,239,178,45,10,3,0,236,3,269
전라남도,영광군,염산면,염산면제2투,339,202,173,25,1,0,0,199,3,137
전라남도,영광군,염산면,염산면제3투,275,167,154,7,2,1,0,164,3,108
전라남도,영광군,염산면,염산면제4투,226,117,99,15,3,0,0,117,0,109
전라남도,영광군,법성면,관내사전투표,2280,2280,2041,128,81,11,5,2266,14,0
전라남도,영광군,법성면,법성면제1투,796,403,321,66,11,0,1,399,4,393
전라남도,영광군,법성면,법성면제2투,236,126,107,16,2,1,0,126,0,110
전라남도,영광군,법성면,법성면제3투,236,121,105,10,3,2,0,120,1,115
전라남도,영광군,법성면,법성면제4투,401,225,188,22,9,3,1,223,2,176
전라남도,영광군,법성면,법성면제5투,216,141,110,24,5,1,0,140,1,75
전라남도,영광군,낙월면,관내사전투표,86,86,78,5,2,0,0,85,1,0
전라남도,영광군,낙월면,낙월면제1투,71,17,13,2,2,0,0,17,0,54
전라남도,영광군,낙월면,낙월면제2투,81,56,53,2,1,0,0,56,0,25
전라남도,영광군,낙월면,낙월면제3투,117,101,87,12,1,0,1,101,0,16
전라남도,함평군,거소·선상투표,,180,167,140,11,11,1,0,163,4,13
전라남도,함평군,관외사전투표,,4268,4267,3675,288,240,20,8,4231,36,1
전라남도,함평군,재외투표,,94,64,49,10,3,2,0,64,0,30
전라남도,함평군,함평읍,관내사전투표,3807,3808,3452,172,113,20,11,3768,40,-1
전라남도,함평군,함평읍,함평읍제1투,542,337,266,45,20,1,1,333,4,205
전라남도,함평군,함평읍,함평읍제2투,481,251,202,34,8,3,0,247,4,230
전라남도,함평군,함평읍,함평읍제3투,287,169,139,21,2,4,1,167,2,118
전라남도,함평군,함평읍,함평읍제4투,960,530,421,73,29,3,1,527,3,430
전라남도,함평군,함평읍,함평읍제5투,461,296,247,28,13,5,1,294,2,165
전라남도,함평군,손불면,관내사전투표,1369,1369,1261,52,31,6,5,1355,14,0
전라남도,함평군,손불면,손불면제1투,597,310,242,49,10,3,0,304,6,287
전라남도,함평군,손불면,손불면제2투,389,231,198,26,4,1,0,229,2,158
전라남도,함평군,신광면,관내사전투표,755,755,699,32,12,3,5,751,4,0
전라남도,함평군,신광면,신광면제1투,381,230,193,20,7,4,5,229,1,151
전라남도,함평군,신광면,신광면제2투,154,102,87,10,2,1,0,100,2,52
전라남도,함평군,학교면,관내사전투표,1292,1292,1202,52,16,5,8,1283,9,0
전라남도,함평군,학교면,학교면제1투,266,142,122,14,4,0,0,140,2,124
전라남도,함평군,학교면,학교면제2투,254,188,170,11,4,1,0,186,2,66
전라남도,함평군,학교면,학교면제3투,127,84,74,4,5,1,0,84,0,43
전라남도,함평군,학교면,학교면제4투,568,286,222,45,14,3,0,284,2,282
전라남도,함평군,엄다면,관내사전투표,815,815,757,33,16,1,1,808,7,0
전라남도,함평군,엄다면,엄다면투표소,534,322,249,52,12,3,2,318,4,212
전라남도,함평군,대동면,관내사전투표,1273,1273,1147,77,33,7,2,1266,7,0
전라남도,함평군,대동면,대동면제1투,634,333,263,51,13,2,2,331,2,301
전라남도,함평군,대동면,대동면제2투,448,291,243,35,6,0,1,285,6,157
전라남도,함평군,나산면,관내사전투표,1124,1123,1012,57,20,6,5,1100,23,1
전라남도,함평군,나산면,나산면제1투,631,340,261,70,5,2,0,338,2,291
전라남도,함평군,나산면,나산면제2투,214,131,117,10,2,2,0,131,0,83
전라남도,함평군,해보면,관내사전투표,1190,1190,1107,43,22,4,5,1181,9,0
전라남도,함평군,해보면,해보면제1투,360,186,158,22,3,1,0,184,2,174
전라남도,함평군,해보면,해보면제2투,397,208,172,26,4,3,1,206,2,189
전라남도,함평군,월야면,관내사전투표,1475,1475,1399,46,21,2,2,1470,5,0
전라남도,함평군,월야면,월야면제1투,513,284,244,30,3,2,1,280,4,229
전라남도,함평군,월야면,월야면제2투,183,110,103,4,1,1,1,110,0,73
전라남도,함평군,월야면,월야면제3투,455,275,235,31,4,2,1,273,2,180
전라남도,신안군,거소·선상투표,,156,149,125,12,11,0,0,148,1,7
전라남도,신안군,관외사전투표,,8380,8378,7217,639,402,62,4,8324,54,2
전라남도,신안군,재외투표,,128,94,76,14,2,2,0,94,0,34
전라남도,신안군,지도읍,관내사전투표,1957,1957,1789,100,42,6,6,1943,14,0
전라남도,신안군,지도읍,지도읍제1투,752,342,278,50,8,1,0,337,5,410
전라남도,신안군,지도읍,지도읍제2투,47,30,27,2,1,0,0,30,0,17
전라남도,신안군,지도읍,지도읍제3투,260,143,124,13,5,0,0,142,1,117
전라남도,신안군,지도읍,지도읍제4투,313,164,131,27,5,1,0,164,0,149
전라남도,신안군,지도읍,지도읍제5투,130,98,81,9,1,2,1,94,4,32
전라남도,신안군,압해읍,관내사전투표,2643,2643,2408,123,66,12,7,2616,27,0
전라남도,신안군,압해읍,압해읍제1투,477,212,178,22,8,3,0,211,1,265
전라남도,신안군,압해읍,압해읍제2투,296,138,117,20,1,0,0,138,0,158
전라남도,신안군,압해읍,압해읍제3투,413,224,185,34,4,0,0,223,1,189
전라남도,신안군,압해읍,압해읍제4투,582,345,290,41,9,3,1,344,1,237
전라남도,신안군,압해읍,압해읍제5투,124,97,87,9,1,0,0,97,0,27
전라남도,신안군,압해읍,압해읍제6투,139,102,94,6,1,0,0,101,1,37
전라남도,신안군,증도면,관내사전투표,709,709,655,26,16,2,0,699,10,0
전라남도,신안군,증도면,증도면제1투,188,73,56,13,2,1,0,72,1,115
전라남도,신안군,증도면,증도면제2투,198,88,70,14,2,0,1,87,1,110
전라남도,신안군,증도면,증도면제3투,198,152,134,12,3,1,0,150,2,46
전라남도,신안군,임자면,관내사전투표,1180,1180,1070,64,26,6,2,1168,12,0
전라남도,신안군,임자면,임자면제1투,661,305,238,50,11,1,2,302,3,356
전라남도,신안군,임자면,임자면제2투,174,110,100,5,3,1,0,109,1,64
전라남도,신안군,임자면,임자면제3투,65,34,34,0,0,0,0,34,0,31
전라남도,신안군,임자면,임자면제4투,154,74,60,7,1,2,1,71,3,80
전라남도,신안군,자은면,관내사전투표,948,948,856,60,15,2,4,937,11,0
전라남도,신안군,자은면,자은면제1투,547,247,203,35,4,2,1,245,2,300
전라남도,신안군,자은면,자은면제2투,247,162,137,17,3,1,3,161,1,85
전라남도,신안군,비금면,관내사전투표,1387,1387,1285,49,30,9,4,1377,10,0
전라남도,신안군,비금면,비금면제1투,440,196,158,31,4,3,0,196,0,244
전라남도,신안군,비금면,비금면제2투,283,171,148,15,6,0,0,169,2,112
전라남도,신안군,비금면,비금면제3투,237,112,102,9,1,0,0,112,0,125
전라남도,신안군,비금면,비금면제4투,72,52,44,6,1,0,1,52,0,20
전라남도,신안군,도초면,관내사전투표,1169,1169,1068,61,11,8,8,1156,13,0
전라남도,신안군,도초면,도초면제1투,334,151,118,27,6,0,0,151,0,183
전라남도,신안군,도초면,도초면제2투,177,86,73,9,2,0,1,85,1,91
전라남도,신안군,도초면,도초면제3투,125,83,71,11,0,0,0,82,1,42
전라남도,신안군,흑산면,관내사전투표,772,772,677,49,30,7,2,765,7,0
전라남도,신안군,흑산면,흑산면제1투,356,110,88,16,3,0,0,107,3,246
전라남도,신안군,흑산면,흑산면제2투,92,51,43,7,0,1,0,51,0,41
전라남도,신안군,흑산면,흑산면제3투,100,63,58,3,2,0,0,63,0,37
전라남도,신안군,흑산면,흑산면제4투,104,78,69,8,1,0,0,78,0,26
전라남도,신안군,흑산면,흑산면제5투,220,161,150,7,2,2,0,161,0,59
전라남도,신안군,흑산면,흑산면제6투,89,59,58,0,0,0,1,59,0,30
전라남도,신안군,흑산면,흑산면제7투,223,140,120,12,6,0,1,139,1,83
전라남도,신안군,흑산면,흑산면제8투,28,21,17,2,1,0,0,20,1,7
전라남도,신안군,흑산면,흑산면제9투,41,30,26,3,0,0,0,29,1,11
전라남도,신안군,하의면,관내사전투표,599,599,548,22,15,2,5,592,7,0
전라남도,신안군,하의면,하의면제1투,236,113,96,14,3,0,0,113,0,123
전라남도,신안군,하의면,하의면제2투,225,122,105,12,4,1,0,122,0,103
전라남도,신안군,하의면,하의면제3투,64,54,54,0,0,0,0,54,0,10
전라남도,신안군,신의면,관내사전투표,614,614,562,25,16,4,1,608,6,0
전라남도,신안군,신의면,신의면투표소,345,141,119,13,3,4,0,139,2,204
전라남도,신안군,장산면,관내사전투표,647,647,582,37,12,5,4,640,7,0
전라남도,신안군,장산면,장산면제1투,231,120,95,20,3,1,0,119,1,111
전라남도,신안군,장산면,장산면제2투,143,64,52,9,1,1,0,63,1,79
전라남도,신안군,안좌면,관내사전투표,1130,1130,1004,73,25,11,2,1115,15,0
전라남도,신안군,안좌면,안좌면제1투,448,184,139,37,4,2,1,183,1,264
전라남도,신안군,안좌면,안좌면제2투,112,70,55,8,3,1,2,69,1,42
전라남도,신안군,안좌면,안좌면제3투,272,144,111,27,3,2,1,144,0,128
전라남도,신안군,안좌면,안좌면제4투,222,116,93,16,5,2,0,116,0,106
전라남도,신안군,팔금면,관내사전투표,460,460,423,23,8,3,0,457,3,0
전라남도,신안군,팔금면,팔금면투표소,263,118,92,20,1,3,0,116,2,145
전라남도,신안군,암태면,관내사전투표,913,913,814,61,18,9,2,904,9,0
전라남도,신안군,암태면,암태면제1투,338,163,125,33,4,0,0,162,1,175
전라남도,신안군,암태면,암태면제2투,163,106,96,8,0,0,0,104,2,57
전라남도,신안군,암태면,암태면제3투,92,73,72,1,0,0,0,73,0,19
경상북도,포항시북구,거소·선상투표,,392,363,87,200,63,1,2,353,10,29
경상북도,포항시북구,관외사전투표,,19111,19108,6989,8848,2836,222,18,18913,195,3
경상북도,포항시북구,재외투표,,891,685,393,199,76,14,0,682,3,206
경상북도,포항시북구,흥해읍,관내사전투표,6973,6973,2860,3415,584,66,3,6928,45,0
경상북도,포항시북구,흥해읍,흥해읍제1투,1357,871,94,754,18,3,0,869,2,486
경상북도,포항시북구,흥해읍,흥해읍제2투,1245,892,120,736,27,6,0,889,3,353
경상북도,포항시북구,흥해읍,흥해읍제3투,1194,905,100,765,25,6,4,900,5,289
경상북도,포항시북구,흥해읍,흥해읍제4투,1299,883,95,757,23,2,0,877,6,416
경상북도,포항시북구,흥해읍,흥해읍제5투,1451,1021,161,795,46,11,1,1014,7,430
경상북도,포항시북구,흥해읍,흥해읍제6투,1969,1352,149,1113,61,13,1,1337,15,617
경상북도,포항시북구,흥해읍,흥해읍제7투,706,493,42,438,11,1,0,492,1,213
경상북도,포항시북구,흥해읍,흥해읍제8투,3446,2407,543,1637,189,28,1,2398,9,1039
경상북도,포항시북구,흥해읍,흥해읍제9투,1846,1277,244,938,72,15,2,1271,6,569
경상북도,포항시북구,흥해읍,흥해읍제10투,2900,2042,328,1561,127,15,1,2032,10,858
경상북도,포항시북구,흥해읍,흥해읍제11투,2550,1949,519,1283,116,21,5,1944,5,601
경상북도,포항시북구,흥해읍,흥해읍제12투,3902,2982,827,1823,294,23,0,2967,15,920
경상북도,포항시북구,흥해읍,흥해읍제13투,4238,3192,981,1884,264,46,2,3177,15,1046
경상북도,포항시북구,흥해읍,흥해읍제14투,3147,2613,754,1528,283,33,4,2602,11,534
경상북도,포항시북구,흥해읍,흥해읍제15투,4151,3247,792,2051,346,36,5,3230,17,904
경상북도,포항시북구,신광면,관내사전투표,558,558,165,356,23,7,2,553,5,0
경상북도,포항시북구,신광면,신광면제1투,834,598,60,520,14,1,0,595,3,236
경상북도,포항시북구,신광면,신광면제2투,474,348,36,297,11,0,1,345,3,126
경상북도,포항시북구,신광면,신광면제3투,589,421,38,373,9,0,0,420,1,168
경상북도,포항시북구,청하면,관내사전투표,1307,1307,400,790,63,23,2,1278,29,0
경상북도,포항시북구,청하면,청하면제1투,1475,981,112,820,38,4,1,975,6,494
경상북도,포항시북구,청하면,청하면제2투,970,673,59,589,11,1,1,661,12,297
경상북도,포항시북구,청하면,청하면제3투,422,299,35,248,10,1,0,294,5,123
경상북도,포항시북구,송라면,관내사전투표,805,805,198,549,26,5,5,783,22,0
경상북도,포항시북구,송라면,송라면투표소,1375,909,76,802,22,4,1,905,4,466
경상북도,포항시북구,기계면,관내사전투표,1581,1581,391,1105,55,10,0,1561,20,0
경상북도,포항시북구,기계면,기계면제1투,1857,1299,141,1104,32,6,3,1286,13,558
경상북도,포항시북구,기계면,기계면제2투,567,367,25,334,6,2,0,367,0,200
경상북도,포항시북구,기계면,기계면제3투,471,341,29,301,2,0,1,333,8,130
경상북도,포항시북구,죽장면,관내사전투표,655,655,127,484,31,3,2,647,8,0
경상북도,포항시북구,죽장면,죽장면제1투,1203,812,53,737,9,4,0,803,9,391
경상북도,포항시북구,죽장면,죽장면제2투,449,348,35,299,9,1,2,346,2,101
경상북도,포항시북구,기북면,관내사전투표,404,404,87,284,26,6,0,403,1,0
경상북도,포항시북구,기북면,기북면투표소,783,566,67,478,12,3,1,561,5,217
경상북도,포항시북구,중앙동,관내사전투표,2983,2983,1079,1619,235,26,3,2962,21,0
경상북도,포항시북구,중앙동,중앙동제1투,1111,597,67,503,27,0,0,597,0,514
경상북도,포항시북구,중앙동,중앙동제2투,596,406,43,342,16,1,1,403,3,190
경상북도,포항시북구,중앙동,중앙동제3투,1228,813,107,665,33,4,1,810,3,415
경상북도,포항시북구,중앙동,중앙동제4투,1970,1347,241,1010,72,13,1,1337,10,623
경상북도,포항시북구,중앙동,중앙동제5투,1613,1051,157,842,43,6,1,1049,2,562
경상북도,포항시북구,중앙동,중앙동제6투,1141,723,88,590,39,4,1,722,1,418
경상북도,포항시북구,중앙동,중앙동제7투,1782,1398,221,1084,78,8,1,1392,6,384
경상북도,포항시북구,양학동,관내사전투표,3269,3269,1364,1641,208,36,2,3251,18,0
경상북도,포항시북구,양학동,양학동제1투,2826,2149,434,1569,121,17,0,2141,8,677
경상북도,포항시북구,양학동,양학동제2투,2180,1497,290,1108,72,15,1,1486,11,683
경상북도,포항시북구,양학동,양학동제3투,2683,1882,426,1288,140,16,2,1872,10,801
경상북도,포항시북구,양학동,양학동제4투,1974,1572,321,1145,82,16,2,1566,6,402
경상북도,포항시북구,죽도동,관내사전투표,3284,3284,1087,1959,204,23,4,3277,7,0
경상북도,포항시북구,죽도동,죽도동제1투,1814,1292,163,1090,30,2,2,1287,5,522
경상북도,포항시북구,죽도동,죽도동제2투,3355,1979,285,1581,91,12,1,1970,9,1376
경상북도,포항시북구,죽도동,죽도동제3투,2600,1725,219,1416,72,8,1,1716,9,875
경상북도,포항시북구,죽도동,죽도동제4투,2157,1516,255,1185,63,7,0,1510,6,641
경상북도,포항시북구,죽도동,죽도동제5투,3058,2048,328,1598,94,15,1,2036,12,1010
경상북도,포항시북구,용흥동,관내사전투표,2330,2330,971,1175,145,31,1,2323,7,0
경상북도,포항시북구,용흥동,용흥동제1투,1992,1585,246,1272,51,9,1,1579,6,407
경상북도,포항시북구,용흥동,용흥동제2투,1985,1422,262,1098,45,11,0,1416,6,563
경상북도,포항시북구,용흥동,용흥동제3투,1542,1056,158,852,39,2,0,1051,5,486
경상북도,포항시북구,용흥동,용흥동제4투,1775,1363,232,1050,74,5,0,1361,2,412
경상북도,포항시북구,용흥동,용흥동제5투,2191,1631,323,1194,93,17,0,1627,4,560
경상북도,포항시북구,용흥동,용흥동제6투,1635,1187,219,891,65,5,1,1181,6,448
경상북도,포항시북구,용흥동,용흥동제7투,2042,1475,270,1106,76,16,1,1469,6,567
경상북도,포항시북구,우창동,관내사전투표,4872,4872,2145,2268,384,44,2,4843,29,0
경상북도,포항시북구,우창동,우창동제1투,2145,1554,278,1201,56,11,0,1546,8,591
경상북도,포항시북구,우창동,우창동제2투,1849,1347,226,1051,51,9,0,1337,10,502
경상북도,포항시북구,우창동,우창동제3투,2481,1866,380,1343,108,23,1,1855,11,615
경상북도,포항시북구,우창동,우창동제4투,1623,1152,210,879,51,6,1,1147,5,471
경상북도,포항시북구,우창동,우창동제5투,1270,941,160,727,41,8,0,936,5,329
경상북도,포항시북구,우창동,우창동제6투,1555,1042,152,839,35,3,2,1031,11,513
경상북도,포항시북구,우창동,우창동제7투,2157,1511,292,1125,79,11,0,1507,4,646
경상북도,포항시북구,우창동,우창동제8투,2730,2009,519,1294,166,22,1,2002,7,721
경상북도,포항시북구,우창동,우창동제9투,3116,2358,654,1474,194,23,1,2346,12,758
경상북도,포항시북구,두호동,관내사전투표,4685,4685,1946,2332,334,38,6,4656,29,0
경상북도,포항시북구,두호동,두호동제1투,2591,1734,242,1412,59,10,3,1726,8,857
경상북도,포항시북구,두호동,두호동제2투,2233,1715,342,1261,89,19,0,1711,4,518
경상북도,포항시북구,두호동,두호동제3투,2665,2149,417,1561,141,20,0,2139,10,516
경상북도,포항시북구,두호동,두호동제4투,3379,2589,536,1846,165,25,5,2577,12,790
경상북도,포항시북구,두호동,두호동제5투,2544,1971,412,1419,116,13,1,1961,10,573
경상북도,포항시북구,장량동,관내사전투표,7857,7857,3830,3168,731,72,7,7808,49,0
경상북도,포항시북구,장량동,장량동제1투,1589,1204,218,903,69,6,2,1198,6,385
경상북도,포항시북구,장량동,장량동제2투,2071,1525,248,1201,58,10,1,1518,7,546
경상북도,포항시북구,장량동,장량동제3투,1499,1144,315,743,76,8,0,1142,2,355
경상북도,포항시북구,장량동,장량동제4투,2608,1992,466,1395,105,16,3,1985,7,616
경상북도,포항시북구,장량동,장량동제5투,3005,2003,403,1435,145,11,2,1996,7,1002
경상북도,포항시북구,장량동,장량동제6투,2847,2282,531,1571,147,13,3,2265,17,565
경상북도,포항시북구,장량동,장량동제7투,3433,2123,452,1463,172,22,1,2110,13,1310
경상북도,포항시북구,장량동,장량동제8투,3382,2583,718,1644,171,34,0,2567,16,799
경상북도,포항시북구,장량동,장량동제9투,3301,2325,540,1586,156,20,2,2304,21,976
경상북도,포항시북구,장량동,장량동제10투,2704,2202,607,1407,157,19,1,2191,11,502
경상북도,포항시북구,장량동,장량동제11투,3067,2088,478,1404,175,18,0,2075,13,979
경상북도,포항시북구,장량동,장량동제12투,3821,2919,848,1818,210,32,1,2909,10,902
경상북도,포항시북구,장량동,장량동제13투,2013,1547,385,1033,111,11,0,1540,7,466
경상북도,포항시북구,장량동,장량동제14투,2755,2057,568,1294,154,23,1,2040,17,698
경상북도,포항시북구,장량동,장량동제15투,2392,1954,558,1207,164,15,2,1946,8,438
경상북도,포항시북구,환여동,관내사전투표,1826,1826,800,845,140,27,1,1813,13,0
경상북도,포항시북구,환여동,환여동제1투,602,416,45,351,16,1,0,413,3,186
경상북도,포항시북구,환여동,환여동제2투,907,615,80,512,20,2,0,614,1,292
경상북도,포항시북구,환여동,환여동제3투,2657,2026,463,1397,125,24,3,2012,14,631
경상북도,포항시북구,환여동,환여동제4투,925,748,192,506,37,9,0,744,4,177
경상북도,포항시남구,거소·선상투표,,319,307,67,170,47,5,3,292,15,12
경상북도,포항시남구,관외사전투표,,12297,12294,4324,5899,1764,136,23,12146,148,3
경상북도,포항시남구,재외투표,,656,524,307,149,56,9,0,521,3,132
경상북도,포항시남구,구룡포읍,관내사전투표,1660,1660,354,1227,54,8,3,1646,14,0
경상북도,포항시남구,구룡포읍,구룡포읍제1투,1945,1259,115,1106,19,9,0,1249,10,686
경상북도,포항시남구,구룡포읍,구룡포읍제2투,940,588,61,505,8,6,1,581,7,352
경상북도,포항시남구,구룡포읍,구룡포읍제3투,514,349,26,307,10,1,1,345,4,165
경상북도,포항시남구,구룡포읍,구룡포읍제4투,974,577,64,490,17,2,0,573,4,397
경상북도,포항시남구,연일읍,관내사전투표,4215,4215,1725,2120,303,34,4,4186,29,0
경상북도,포항시남구,연일읍,연일읍제1투,1509,984,162,775,31,7,1,976,8,525
경상북도,포항시남구,연일읍,연일읍제2투,2182,1503,290,1105,88,13,1,1497,6,679
경상북도,포항시남구,연일읍,연일읍제3투,1410,962,160,737,45,7,3,952,10,448
경상북도,포항시남구,연일읍,연일읍제4투,2783,1946,466,1369,78,18,1,1932,14,837
경상북도,포항시남구,연일읍,연일읍제5투,2293,1720,407,1190,96,14,0,1707,13,573
경상북도,포항시남구,연일읍,연일읍제6투,2687,2125,540,1382,175,19,0,2116,9,562
경상북도,포항시남구,연일읍,연일읍제7투,2681,2135,594,1381,131,22,0,2128,7,546
경상북도,포항시남구,연일읍,연일읍제8투,589,422,65,335,15,3,0,418,4,167
경상북도,포항시남구,연일읍,연일읍제9투,882,642,65,549,19,4,0,637,5,240
경상북도,포항시남구,오천읍,관내사전투표,8430,8430,3890,3698,693,68,13,8362,68,0
경상북도,포항시남구,오천읍,오천읍제1투,3032,1893,513,1202,143,19,1,1878,15,1139
경상북도,포항시남구,오천읍,오천읍제2투,1903,1247,200,966,68,7,1,1242,5,656
경상북도,포항시남구,오천읍,오천읍제3투,1002,711,131,546,23,4,0,704,7,291
경상북도,포항시남구,오천읍,오천읍제4투,884,586,112,442,27,4,0,585,1,298
경상북도,포항시남구,오천읍,오천읍제5투,1803,1199,210,920,50,10,0,1190,9,604
경상북도,포항시남구,오천읍,오천읍제6투,1041,694,145,514,26,7,0,692,2,347
경상북도,포항시남구,오천읍,오천읍제7투,1944,1317,215,1025,53,10,2,1305,12,627
경상북도,포항시남구,오천읍,오천읍제8투,2713,1896,444,1289,129,24,1,1887,9,817
경상북도,포항시남구,오천읍,오천읍제9투,2479,1465,386,948,100,19,3,1456,9,1014
경상북도,포항시남구,오천읍,오천읍제10투,2668,1881,706,999,139,22,1,1867,14,787
경상북도,포항시남구,오천읍,오천읍제11투,1972,1130,310,709,85,16,2,1122,8,842
경상북도,포항시남구,오천읍,오천읍제12투,1794,1013,201,716,81,7,2,1007,6,781
경상북도,포항시남구,오천읍,오천읍제13투,2249,1490,361,1009,98,11,3,1482,8,759
경상북도,포항시남구,오천읍,오천읍제14투,2857,1732,469,1140,103,11,2,1725,7,1125
경상북도,포항시남구,오천읍,오천읍제15투,2484,1780,527,1094,126,18,3,1768,12,704
경상북도,포항시남구,오천읍,오천읍제16투,2352,1143,257,733,137,4,3,1134,9,1209
경상북도,포항시남구,오천읍,오천읍제17투,2402,1805,485,1083,205,21,2,1796,9,597
경상북도,포항시남구,대송면,관내사전투표,921,921,304,568,40,3,1,916,5,0
경상북도,포항시남구,대송면,대송면제1투,818,586,61,497,18,2,0,578,8,232
경상북도,포항시남구,대송면,대송면제2투,749,529,61,439,20,5,1,526,3,220
경상북도,포항시남구,대송면,대송면제3투,558,396,58,318,17,1,0,394,2,162
경상북도,포항시남구,동해면,관내사전투표,2275,2275,728,1328,162,11,4,2233,42,0
경상북도,포항시남구,동해면,동해면제1투,1548,1035,176,802,43,8,1,1030,5,513
경상북도,포항시남구,동해면,동해면제2투,314,228,13,210,3,1,0,227,1,86
경상북도,포항시남구,동해면,동해면제3투,542,384,77,286,16,3,0,382,2,158
경상북도,포항시남구,동해면,동해면제4투,1477,968,123,802,35,4,0,964,4,509
경상북도,포항시남구,동해면,동해면제5투,1766,1232,227,924,62,9,3,1225,7,534
경상북도,포항시남구,장기면,관내사전투표,753,753,151,550,36,6,2,745,8,0
경상북도,포항시남구,장기면,장기면제1투,858,517,53,445,11,1,2,512,5,341
경상북도,포항시남구,장기면,장기면제2투,962,638,56,554,20,0,2,632,6,324
경상북도,포항시남구,장기면,장기면제3투,693,459,40,404,10,0,0,454,5,234
경상북도,포항시남구,호미곶면,관내사전투표,533,533,86,422,14,2,0,524,9,0
경상북도,포항시남구,호미곶면,호미곶면투표소,964,641,54,565,11,4,0,634,7,323
경상북도,포항시남구,상대동,관내사전투표,3770,3770,1306,2124,286,26,1,3743,27,0
경상북도,포항시남구,상대동,상대동제1투,1956,1292,203,1018,59,5,0,1285,7,664
경상북도,포항시남구,상대동,상대동제2투,2268,1458,235,1135,73,9,1,1453,5,810
경상북도,포항시남구,상대동,상대동제3투,1795,1247,169,998,58,16,1,1242,5,548
경상북도,포항시남구,상대동,상대동제4투,1848,1223,215,900,94,11,0,1220,3,625
경상북도,포항시남구,상대동,상대동제5투,1899,1214,166,957,78,8,1,1210,4,685
경상북도,포항시남구,상대동,상대동제6투,1874,1269,207,985,50,15,2,1259,10,605
경상북도,포항시남구,상대동,상대동제7투,1602,1132,137,928,53,4,2,1124,8,470
경상북도,포항시남구,상대동,상대동제8투,2409,1689,225,1388,59,11,1,1684,5,720
경상북도,포항시남구,해도동,관내사전투표,2826,2826,867,1809,112,16,2,2806,20,0
경상북도,포항시남구,해도동,해도동제1투,1733,1081,136,897,37,7,2,1079,2,652
경상북도,포항시남구,해도동,해도동제2투,982,685,86,579,11,4,0,680,5,297
경상북도,포항시남구,해도동,해도동제3투,1704,1146,145,951,40,6,0,1142,4,558
경상북도,포항시남구,해도동,해도동제4투,1319,965,109,821,24,8,0,962,3,354
경상북도,포항시남구,해도동,해도동제5투,840,542,78,441,15,4,1,539,3,298
경상북도,포항시남구,해도동,해도동제6투,2168,1481,235,1194,39,7,2,1477,4,687
경상북도,포항시남구,해도동,해도동제7투,1315,889,149,676,49,8,0,882,7,426
경상북도,포항시남구,해도동,해도동제8투,1351,884,142,697,35,8,0,882,2,467
경상북도,포항시남구,송도동,관내사전투표,2156,2156,568,1480,87,6,3,2144,12,0
경상북도,포항시남구,송도동,송도동제1투,1292,862,109,710,34,4,0,857,5,430
경상북도,포항시남구,송도동,송도동제2투,1303,876,116,719,34,3,1,873,3,427
경상북도,포항시남구,송도동,송도동제3투,1624,1105,146,924,24,4,0,1098,7,519
경상북도,포항시남구,송도동,송도동제4투,2045,1500,180,1253,48,9,3,1493,7,545
경상북도,포항시남구,송도동,송도동제5투,1330,916,101,783,24,6,0,914,2,414
경상북도,포항시남구,청림동,관내사전투표,1138,1138,366,598,148,12,1,1125,13,0
경상북도,포항시남구,청림동,청림동제1투,695,489,71,352,59,3,0,485,4,206
경상북도,포항시남구,청림동,청림동제2투,1581,1028,207,762,44,6,0,1019,9,553
경상북도,포항시남구,청림동,청림동제3투,807,571,96,433,33,7,0,569,2,236
경상북도,포항시남구,제철동,관내사전투표,1311,1311,572,532,175,23,0,1302,9,0
경상북도,포항시남구,제철동,제철동투표소,1414,947,168,697,63,10,1,939,8,467
경상북도,포항시남구,효곡동,관내사전투표,5662,5662,2774,1934,820,87,4,5619,43,0
경상북도,포항시남구,효곡동,효곡동제1투,1995,1431,272,1022,119,10,1,1424,7,564
경상북도,포항시남구,효곡동,효곡동제2투,1914,1458,404,901,126,18,0,1449,9,456
경상북도,포항시남구,효곡동,효곡동제3투,2076,1682,466,1057,129,18,1,1671,11,394
경상북도,포항시남구,효곡동,효곡동제4투,2327,1893,544,1188,133,21,0,1886,7,434
경상북도,포항시남구,효곡동,효곡동제5투,2201,1769,527,1048,156,29,2,1762,7,432
경상북도,포항시남구,효곡동,효곡동제6투,1944,1592,487,932,144,18,1,1582,10,352
경상북도,포항시남구,효곡동,효곡동제7투,2894,2230,561,1394,243,25,0,2223,7,664
경상북도,포항시남구,대이동,관내사전투표,3710,3710,1713,1544,376,43,3,3679,31,0
경상북도,포항시남구,대이동,대이동제1투,1276,938,219,637,72,6,0,934,4,338
경상북도,포항시남구,대이동,대이동제2투,1938,1427,286,1013,107,12,0,1418,9,511
경상북도,포항시남구,대이동,대이동제3투,1341,976,228,658,73,13,0,972,4,365
경상북도,포항시남구,대이동,대이동제4투,1740,1137,229,796,99,5,2,1131,6,603
경상북도,포항시남구,대이동,대이동제5투,2435,1846,459,1230,129,18,1,1837,9,589
경상북도,포항시남구,대이동,대이동제6투,2726,2013,531,1301,151,16,0,1999,14,713
경상북도,포항시남구,대이동,대이동제7투,2353,1953,500,1188,227,26,2,1943,10,400
경상북도,울릉군,거소·선상투표,,29,29,3,17,6,0,0,26,3,0
경상북도,울릉군,관외사전투표,,1373,1373,470,757,129,7,1,1364,9,0
경상북도,울릉군,재외투표,,15,11,8,3,0,0,0,11,0,4
경상북도,울릉군,울릉읍,관내사전투표,1405,1405,562,715,108,6,0,1391,14,0
경상북도,울릉군,울릉읍,울릉읍제1투,1267,785,137,594,40,4,2,777,8,482
경상북도,울릉군,울릉읍,울릉읍제2투,1646,1081,177,851,41,5,0,1074,7,565
경상북도,울릉군,울릉읍,울릉읍제3투,463,274,56,198,19,0,0,273,1,189
경상북도,울릉군,서면,관내사전투표,382,382,119,229,31,1,0,380,2,0
경상북도,울릉군,서면,서면제1투,488,343,45,275,19,1,1,341,2,145
경상북도,울릉군,서면,서면제2투,286,204,31,165,3,0,1,200,4,82
경상북도,울릉군,북면,관내사전투표,396,396,140,217,34,4,0,395,1,0
경상북도,울릉군,북면,북면제1투,368,226,40,170,12,1,0,223,3,142
경상북도,울릉군,북면,북면제2투,294,207,26,160,12,1,0,199,8,87
경상북도,경주시,거소·선상투표,,461,440,96,236,56,6,6,400,40,21
경상북도,경주시,관외사전투표,,14111,14108,5182,6639,1949,176,21,13967,141,3
경상북도,경주시,재외투표,,995,730,420,202,89,12,1,724,6,265
경상북도,경주시,감포읍,관내사전투표,1341,1341,321,949,49,9,1,1329,12,0
경상북도,경주시,감포읍,감포읍제1투,1790,996,114,845,24,3,1,987,9,794
경상북도,경주시,감포읍,감포읍제2투,1125,697,94,578,13,0,2,687,10,428
경상북도,경주시,안강읍,관내사전투표,4847,4846,1548,2945,247,66,3,4809,37,1
경상북도,경주시,안강읍,안강읍제1투,1741,1107,110,941,31,18,0,1100,7,634
경상북도,경주시,안강읍,안강읍제2투,2543,1695,218,1416,45,10,0,1689,6,848
경상북도,경주시,안강읍,안강읍제3투,892,599,75,501,13,5,2,596,3,293
경상북도,경주시,안강읍,안강읍제4투,3152,2197,393,1685,81,20,0,2179,18,955
경상북도,경주시,안강읍,안강읍제5투,2311,1520,264,1124,103,24,1,1516,4,791
경상북도,경주시,안강읍,안강읍제6투,2474,1768,390,1244,97,24,3,1758,10,706
경상북도,경주시,안강읍,안강읍제7투,1087,793,115,643,25,9,0,792,1,294
경상북도,경주시,건천읍,관내사전투표,2834,2834,895,1721,170,22,5,2813,21,0
경상북도,경주시,건천읍,건천읍제1투,2258,1488,187,1248,38,4,3,1480,8,770
경상북도,경주시,건천읍,건천읍제2투,1589,980,124,814,30,8,0,976,4,609
경상북도,경주시,건천읍,건천읍제3투,3655,2522,496,1820,160,29,5,2510,12,1133
경상북도,경주시,외동읍,관내사전투표,3397,3397,1459,1660,211,45,4,3379,18,0
경상북도,경주시,외동읍,외동읍제1투,1699,1049,206,789,40,10,1,1046,3,650
경상북도,경주시,외동읍,외동읍제2투,1966,1361,336,936,61,22,0,1355,6,605
경상북도,경주시,외동읍,외동읍제3투,1017,647,130,488,19,3,3,643,4,370
경상북도,경주시,외동읍,외동읍제4투,1278,832,128,665,30,4,0,827,5,446
경상북도,경주시,외동읍,외동읍제5투,1463,995,147,792,32,12,0,983,12,468
경상북도,경주시,외동읍,외동읍제6투,2251,1375,327,937,86,12,2,1364,11,876
경상북도,경주시,외동읍,외동읍제7투,2298,1643,614,854,141,22,1,1632,11,655
경상북도,경주시,외동읍,외동읍제8투,1869,1437,515,785,110,16,2,1428,9,432
경상북도,경주시,문무대왕면,관내사전투표,1263,1263,347,781,108,8,2,1246,17,0
경상북도,경주시,문무대왕면,문무대왕면투표소,2204,1434,155,1192,72,6,1,1426,8,770
경상북도,경주시,양남면,관내사전투표,1710,1710,624,944,100,23,0,1691,19,0
경상북도,경주시,양남면,양남면제1투,1946,1248,177,1028,29,6,2,1242,6,698
경상북도,경주시,양남면,양남면제2투,1476,1025,204,726,79,7,1,1017,8,451
경상북도,경주시,내남면,관내사전투표,1382,1382,431,860,63,12,1,1367,15,0
경상북도,경주시,내남면,내남면투표소,2610,1754,234,1439,58,14,1,1746,8,856
경상북도,경주시,산내면,관내사전투표,931,931,250,618,44,6,0,918,13,0
경상북도,경주시,산내면,산내면투표소,1676,1056,124,891,21,12,0,1048,8,620
경상북도,경주시,서면,관내사전투표,870,870,258,550,39,11,3,861,9,0
경상북도,경주시,서면,서면투표소,1828,1255,139,1082,22,3,1,1247,8,573
경상북도,경주시,현곡면,관내사전투표,3497,3497,1586,1553,259,73,6,3477,20,0
경상북도,경주시,현곡면,현곡면제1투,1238,888,199,627,44,15,1,886,2,350
경상북도,경주시,현곡면,현곡면제2투,2648,2099,544,1374,124,35,1,2078,21,549
경상북도,경주시,현곡면,현곡면제3투,2552,1870,422,1306,105,21,1,1855,15,682
경상북도,경주시,현곡면,현곡면제4투,2618,1926,338,1435,117,21,2,1913,13,692
경상북도,경주시,현곡면,현곡면제5투,3141,2606,745,1537,241,66,4,2593,13,535
경상북도,경주시,강동면,관내사전투표,1456,1456,477,877,74,15,0,1443,13,0
경상북도,경주시,강동면,강동면투표소,3578,2398,331,1949,88,19,2,2389,9,1180
경상북도,경주시,천북면,관내사전투표,1804,1804,653,999,112,22,1,1787,17,0
경상북도,경주시,천북면,천북면제1투,2490,1678,236,1319,96,20,0,1671,7,812
경상북도,경주시,천북면,천북면제2투,807,575,92,456,18,6,0,572,3,232
경상북도,경주시,중부동,관내사전투표,1543,1543,514,884,108,21,2,1529,14,0
경상북도,경주시,중부동,중부동제1투,1543,1023,151,830,29,7,0,1017,6,520
경상북도,경주시,중부동,중부동제2투,1495,1076,118,915,27,7,0,1067,9,419
경상북도,경주시,황오동,관내사전투표,2124,2124,653,1300,126,27,3,2109,15,0
경상북도,경주시,황오동,황오동제1투,2013,1392,160,1165,51,7,1,1384,8,621
경상북도,경주시,황오동,황오동제2투,1635,1134,145,946,29,10,1,1131,3,501
경상북도,경주시,성건동,관내사전투표,2960,2960,1089,1628,184,35,2,2938,22,0
경상북도,경주시,성건동,성건동제1투,1837,1260,153,1047,46,9,0,1255,5,577
경상북도,경주시,성건동,성건동제2투,2100,1487,170,1237,52,11,1,1471,16,613
경상북도,경주시,성건동,성건동제3투,1920,1348,161,1115,52,14,2,1344,4,572
경상북도,경주시,성건동,성건동제4투,2677,1729,293,1288,126,14,2,1723,6,948
경상북도,경주시,황남동,관내사전투표,1274,1274,435,739,70,18,0,1262,12,0
경상북도,경주시,황남동,황남동투표소,2410,1587,174,1356,39,10,1,1580,7,823
경상북도,경주시,월성동,관내사전투표,1146,1146,419,616,86,16,0,1137,9,0
경상북도,경주시,월성동,월성동제1투,1207,825,98,693,23,4,0,818,7,382
경상북도,경주시,월성동,월성동제2투,2101,1559,289,1186,58,17,0,1550,9,542
경상북도,경주시,선도동,관내사전투표,3360,3360,1515,1515,246,60,4,3340,20,0
경상북도,경주시,선도동,선도동제1투,2329,1544,242,1202,80,13,0,1537,7,785
경상북도,경주시,선도동,선도동제2투,3204,2229,465,1596,121,32,0,2214,15,975
경상북도,경주시,선도동,선도동제3투,2206,1480,264,1108,86,14,2,1474,6,726
경상북도,경주시,용강동,관내사전투표,2991,2991,1445,1200,248,76,3,2972,19,0
경상북도,경주시,용강동,용강동제1투,4150,2912,589,2091,175,38,2,2895,17,1238
경상북도,경주시,용강동,용강동제2투,4645,3541,1124,2032,300,67,4,3527,14,1104
경상북도,경주시,용강동,용강동제3투,2198,1670,321,1243,67,21,1,1653,17,528
경상북도,경주시,용강동,용강동제4투,2530,1918,420,1354,103,28,0,1905,13,612
경상북도,경주시,황성동,관내사전투표,6722,6722,3238,2796,513,138,5,6690,32,0
경상북도,경주시,황성동,황성동제1투,3494,2516,520,1804,143,39,0,2506,10,978
경상북도,경주시,황성동,황성동제2투,2141,1614,314,1184,83,25,0,1606,8,527
경상북도,경주시,황성동,황성동제3투,2585,1870,420,1268,133,33,2,1856,14,715
경상북도,경주시,황성동,황성동제4투,2482,1787,398,1223,103,44,1,1769,18,695
경상북도,경주시,황성동,황성동제5투,2432,1759,358,1249,113,30,1,1751,8,673
경상북도,경주시,황성동,황성동제6투,1784,1283,225,957,70,24,0,1276,7,501
경상북도,경주시,동천동,관내사전투표,4672,4672,1723,2471,350,86,4,4634,38,0
경상북도,경주시,동천동,동천동제1투,1653,1115,128,924,49,10,0,1111,4,538
경상북도,경주시,동천동,동천동제2투,2169,1663,283,1265,81,25,1,1655,8,506
경상북도,경주시,동천동,동천동제3투,2309,1593,264,1246,64,11,2,1587,6,716
경상북도,경주시,동천동,동천동제4투,2047,1396,252,1055,70,9,1,1387,9,651
경상북도,경주시,동천동,동천동제5투,2392,1703,269,1332,74,21,0,1696,7,689
경상북도,경주시,동천동,동천동제6투,2183,1578,295,1188,75,13,1,1572,6,605
경상북도,경주시,불국동,관내사전투표,3190,3190,1182,1779,178,31,0,3170,20,0
경상북도,경주시,불국동,불국동제1투,2621,1627,269,1272,68,13,1,1623,4,994
경상북도,경주시,불국동,불국동제2투,2716,1885,295,1475,74,20,7,1871,14,831
경상북도,경주시,보덕동,관내사전투표,1056,1056,364,576,88,20,0,1048,8,0
경상북도,경주시,보덕동,보덕동투표소,905,610,80,494,29,2,2,607,3,295
경상북도,김천시,거소·선상투표,,299,284,70,161,28,7,5,271,13,15
경상북도,김천시,관외사전투표,,7779,7777,2705,3795,1102,81,15,7698,79,2
경상북도,김천시,재외투표,,622,401,202,143,48,6,0,399,2,221
경상북도,김천시,아포읍,관내사전투표,2024,2024,606,1306,90,5,0,2007,17,0
경상북도,김천시,아포읍,아포읍제1투,966,636,53,555,19,3,1,631,5,330
경상북도,김천시,아포읍,아포읍제2투,881,602,38,549,14,1,0,602,0,279
경상북도,김천시,아포읍,아포읍제3투,2887,1923,278,1523,99,14,1,1915,8,964
경상북도,김천시,농소면,관내사전투표,1046,1046,382,581,63,15,1,1042,4,0
경상북도,김천시,농소면,농소면제1투,979,667,80,561,21,1,0,663,4,312
경상북도,김천시,농소면,농소면제2투,841,605,113,469,15,3,0,600,5,236
경상북도,김천시,남면,관내사전투표,827,827,284,475,58,4,0,821,6,0
경상북도,김천시,남면,남면제1투,991,638,72,539,21,1,0,633,5,353
경상북도,김천시,남면,남면제2투,761,528,63,448,8,3,0,522,6,233
경상북도,김천시,개령면,관내사전투표,683,683,151,478,41,5,2,677,6,0
경상북도,김천시,개령면,개령면투표소,1383,1000,90,878,23,6,0,997,3,383
경상북도,김천시,감문면,관내사전투표,969,969,170,753,34,5,0,962,7,0
경상북도,김천시,감문면,감문면제1투,959,593,83,482,19,3,0,587,6,366
경상북도,김천시,감문면,감문면제2투,779,570,40,502,21,4,1,568,2,209
경상북도,김천시,어모면,관내사전투표,1390,1390,398,859,109,12,1,1379,11,0
경상북도,김천시,어모면,어모면제1투,1323,884,111,732,31,4,0,878,6,439
경상북도,김천시,어모면,어모면제2투,1018,624,53,543,18,1,1,616,8,394
경상북도,김천시,봉산면,관내사전투표,1221,1221,396,734,68,10,3,1211,10,0
경상북도,김천시,봉산면,봉산면제1투,951,668,79,563,18,2,0,662,6,283
경상북도,김천시,봉산면,봉산면제2투,768,565,67,472,21,0,0,560,5,203
경상북도,김천시,대항면,관내사전투표,842,842,218,583,31,3,0,835,7,0
경상북도,김천시,대항면,대항면제1투,1085,709,82,594,24,3,0,703,6,376
경상북도,김천시,대항면,대항면제2투,908,696,93,568,26,4,1,692,4,212
경상북도,김천시,감천면,관내사전투표,681,681,186,452,29,4,2,673,8,0
경상북도,김천시,감천면,감천면투표소,1059,739,67,645,21,4,1,738,1,320
경상북도,김천시,조마면,관내사전투표,797,797,165,585,28,8,0,786,11,0
경상북도,김천시,조마면,조마면투표소,961,604,39,539,22,2,0,602,2,357
경상북도,김천시,구성면,관내사전투표,798,798,170,594,29,1,0,794,4,0
경상북도,김천시,구성면,구성면제1투,809,552,60,478,9,0,2,549,3,257
경상북도,김천시,구성면,구성면제2투,646,427,35,379,5,1,1,421,6,219
경상북도,김천시,지례면,관내사전투표,512,512,138,340,27,3,0,508,4,0
경상북도,김천시,지례면,지례면제1투,605,429,47,361,12,3,2,425,4,176
경상북도,김천시,지례면,지례면제2투,234,174,25,139,4,2,0,170,4,60
경상북도,김천시,부항면,관내사전투표,383,383,77,289,10,3,0,379,4,0
경상북도,김천시,부항면,부항면투표소,587,368,35,307,19,2,0,363,5,219
경상북도,김천시,대덕면,관내사전투표,564,564,125,405,24,9,0,563,1,0
경상북도,김천시,대덕면,대덕면투표소,1059,660,73,564,15,3,3,658,2,399
경상북도,김천시,증산면,관내사전투표,375,375,80,265,19,4,1,369,6,0
경상북도,김천시,증산면,증산면투표소,442,307,39,257,7,0,1,304,3,135
경상북도,김천시,자산동,관내사전투표,1927,1927,541,1258,106,11,0,1916,11,0
경상북도,김천시,자산동,자산동제1투,954,655,63,565,22,2,1,653,2,299
경상북도,김천시,자산동,자산동제2투,1413,935,132,757,37,4,1,931,4,478
경상북도,김천시,자산동,자산동제3투,1482,1045,114,875,34,6,2,1031,14,437
경상북도,김천시,평화남산동,관내사전투표,1633,1633,482,1028,101,9,2,1622,11,0
경상북도,김천시,평화남산동,평화남산동제1투,1942,1292,124,1102,46,6,1,1279,13,650
경상북도,김천시,평화남산동,평화남산동제2투,1305,834,106,699,21,2,0,828,6,471
경상북도,김천시,평화남산동,평화남산동제3투,1342,902,128,716,49,4,3,900,2,440
경상북도,김천시,양금동,관내사전투표,1022,1022,274,700,36,4,0,1014,8,0
경상북도,김천시,양금동,양금동제1투,984,757,66,656,21,3,1,747,10,227
경상북도,김천시,양금동,양금동제2투,1272,880,95,748,26,4,0,873,7,392
경상북도,김천시,대신동,관내사전투표,4658,4658,1745,2401,417,57,4,4624,34,0
경상북도,김천시,대신동,대신동제1투,2511,1512,244,1144,108,10,0,1506,6,999
경상북도,김천시,대신동,대신동제2투,1630,1155,251,818,69,9,2,1149,6,475
경상북도,김천시,대신동,대신동제3투,2598,1848,383,1333,102,13,3,1834,14,750
경상북도,김천시,대신동,대신동제4투,1814,1392,287,990,91,10,0,1378,14,422
경상북도,김천시,대신동,대신동제5투,1238,801,122,636,40,2,0,800,1,437
경상북도,김천시,대신동,대신동제6투,3396,2193,476,1543,141,18,4,2182,11,1203
경상북도,김천시,대곡동,관내사전투표,4775,4775,1672,2739,304,31,6,4752,23,0
경상북도,김천시,대곡동,대곡동제1투,1710,1123,191,874,51,1,1,1118,5,587
경상북도,김천시,대곡동,대곡동제2투,1199,760,95,633,31,1,0,760,0,439
경상북도,김천시,대곡동,대곡동제3투,4055,2988,625,2109,220,17,4,2975,13,1067
경상북도,김천시,대곡동,대곡동제4투,2297,1489,195,1197,84,4,0,1480,9,808
경상북도,김천시,대곡동,대곡동제5투,1755,1078,159,841,58,5,3,1066,12,677
경상북도,김천시,지좌동,관내사전투표,2145,2145,729,1257,131,11,1,2129,16,0
경상북도,김천시,지좌동,지좌동제1투,3112,2000,345,1501,122,18,1,1987,13,1112
경상북도,김천시,지좌동,지좌동제2투,1492,912,106,754,39,7,0,906,6,580
경상북도,김천시,지좌동,지좌동제3투,1418,939,164,705,64,6,0,939,0,479
경상북도,김천시,율곡동,관내사전투표,5449,5449,3045,1676,604,78,5,5408,41,0
경상북도,김천시,율곡동,율곡동제1투,2553,1833,522,1133,164,8,1,1828,5,720
경상북도,김천시,율곡동,율곡동제2투,2362,1697,531,947,176,27,3,1684,13,665
경상북도,김천시,율곡동,율곡동제3투,2270,1626,546,922,143,9,2,1622,4,644
경상북도,김천시,율곡동,율곡동제4투,2366,1608,447,932,201,20,0,1600,8,758
경상북도,안동시,거소·선상투표,,336,321,124,152,28,2,3,309,12,15
경상북도,안동시,관외사전투표,,9654,9653,3956,4011,1458,110,14,9549,104,1
경상북도,안동시,재외투표,,500,363,225,86,46,4,0,361,2,137
경상북도,안동시,풍산읍,관내사전투표,1790,1790,722,924,108,14,1,1769,21,0
경상북도,안동시,풍산읍,풍산읍제1투,2089,1332,291,941,77,9,3,1321,11,757
경상북도,안동시,풍산읍,풍산읍제2투,593,423,66,338,14,0,0,418,5,170
경상북도,안동시,풍산읍,풍산읍제3투,832,524,100,399,13,2,1,515,9,308
경상북도,안동시,풍산읍,풍산읍제4투,1174,801,141,616,30,3,1,791,10,373
경상북도,안동시,와룡면,관내사전투표,1041,1041,393,591,40,6,0,1030,11,0
경상북도,안동시,와룡면,와룡면제1투,1397,913,157,723,21,5,0,906,7,484
경상북도,안동시,와룡면,와룡면제2투,793,521,92,412,11,0,0,515,6,272
경상북도,안동시,북후면,관내사전투표,950,950,312,528,49,7,1,897,53,0
경상북도,안동시,북후면,북후면투표소,1686,1033,187,802,25,4,0,1018,15,653
경상북도,안동시,서후면,관내사전투표,739,739,271,414,39,3,2,729,10,0
경상북도,안동시,서후면,서후면제1투,1567,980,157,761,48,3,2,971,9,587
경상북도,안동시,서후면,서후면제2투,882,606,119,447,31,4,0,601,5,276
경상북도,안동시,풍천면,관내사전투표,1122,1122,438,579,91,8,1,1117,5,0
경상북도,안동시,풍천면,풍천면제1투,1787,1129,215,827,75,6,1,1124,5,658
경상북도,안동시,풍천면,풍천면제2투,691,436,57,356,19,0,0,432,4,255
경상북도,안동시,풍천면,풍천면제3투,342,256,35,215,5,0,0,255,1,86
경상북도,안동시,풍천면,풍천면제4투,1224,920,315,471,118,10,0,914,6,304
경상북도,안동시,일직면,관내사전투표,867,867,229,595,34,3,1,862,5,0
경상북도,안동시,일직면,일직면제1투,621,395,59,328,5,0,0,392,3,226
경상북도,안동시,일직면,일직면제2투,713,464,61,391,6,1,1,460,4,249
경상북도,안동시,남후면,관내사전투표,739,739,258,422,49,7,0,736,3,0
경상북도,안동시,남후면,남후면투표소,924,578,89,466,9,6,0,570,8,346
경상북도,안동시,남선면,관내사전투표,441,441,196,197,36,7,2,438,3,0
경상북도,안동시,남선면,남선면제1투,788,569,92,450,19,3,0,564,5,219
경상북도,안동시,남선면,남선면제2투,541,417,103,295,11,4,1,414,3,124
경상북도,안동시,임하면,관내사전투표,865,865,308,482,32,16,3,841,24,0
경상북도,안동시,임하면,임하면제1투,1127,662,106,520,24,5,0,655,7,465
경상북도,안동시,임하면,임하면제2투,370,271,30,233,6,0,0,269,2,99
경상북도,안동시,길안면,관내사전투표,793,793,295,454,32,6,1,788,5,0
경상북도,안동시,길안면,길안면제1투,1261,821,105,696,16,1,0,818,3,440
경상북도,안동시,길안면,길안면제2투,365,257,24,216,11,3,0,254,3,108
경상북도,안동시,임동면,관내사전투표,504,504,164,314,18,2,0,498,6,0
경상북도,안동시,임동면,임동면투표소,895,592,85,491,8,1,1,586,6,303
경상북도,안동시,예안면,관내사전투표,605,605,283,296,21,1,1,602,3,0
경상북도,안동시,예안면,예안면제1투,595,377,103,261,6,0,0,370,7,218
경상북도,안동시,예안면,예안면제2투,305,216,97,111,5,1,0,214,2,89
경상북도,안동시,도산면,관내사전투표,462,462,209,228,20,3,0,460,2,0
경상북도,안동시,도산면,도산면제1투,576,371,67,298,3,2,0,370,1,205
경상북도,안동시,도산면,도산면제2투,294,229,51,172,1,1,0,225,4,65
경상북도,안동시,녹전면,관내사전투표,355,355,125,213,7,2,2,349,6,0
경상북도,안동시,녹전면,녹전면제1투,684,486,86,376,11,4,1,478,8,198
경상북도,안동시,녹전면,녹전면제2투,393,276,37,232,1,1,2,273,3,117
경상북도,안동시,중구동,관내사전투표,2018,2018,869,937,171,22,1,2000,18,0
경상북도,안동시,중구동,중구동제1투,1023,687,112,525,35,7,1,680,7,336
경상북도,안동시,중구동,중구동제2투,805,571,94,447,21,1,0,563,8,234
경상북도,안동시,중구동,중구동제3투,1201,815,150,623,28,8,0,809,6,386
경상북도,안동시,명륜동,관내사전투표,1380,1380,611,667,84,7,1,1370,10,0
경상북도,안동시,명륜동,명륜동제1투,1938,1347,269,1004,53,8,2,1336,11,591
경상북도,안동시,명륜동,명륜동제2투,825,531,93,414,19,3,1,530,1,294
경상북도,안동시,용상동,관내사전투표,5271,5271,2353,2396,410,61,4,5224,47,0
경상북도,안동시,용상동,용상동제1투,1477,998,246,671,68,7,0,992,6,479
경상북도,안동시,용상동,용상동제2투,2049,1393,390,880,104,8,1,1383,10,656
경상북도,안동시,용상동,용상동제3투,1882,1284,272,919,75,10,1,1277,7,598
경상북도,안동시,용상동,용상동제4투,868,543,119,401,13,5,0,538,5,325
경상북도,안동시,용상동,용상동제5투,1035,629,108,481,35,2,1,627,2,406
경상북도,안동시,용상동,용상동제6투,1848,1376,379,913,64,11,0,1367,9,472
경상북도,안동시,용상동,용상동제7투,1971,1470,408,945,90,15,3,1461,9,501
경상북도,안동시,용상동,용상동제8투,2481,1724,334,1049,298,23,2,1706,18,757
경상북도,안동시,서구동,관내사전투표,1869,1868,855,861,123,13,1,1853,15,1
경상북도,안동시,서구동,서구동제1투,1729,1226,300,828,80,11,0,1219,7,503
경상북도,안동시,서구동,서구동제2투,1417,973,138,792,34,3,1,968,5,444
경상북도,안동시,서구동,서구동제3투,955,667,135,493,26,2,4,660,7,288
경상북도,안동시,서구동,서구동제4투,831,591,106,465,17,3,0,591,0,240
경상북도,안동시,태화동,관내사전투표,2309,2309,893,1262,119,16,0,2290,19,0
경상북도,안동시,태화동,태화동제1투,878,564,84,464,10,0,0,558,6,314
경상북도,안동시,태화동,태화동제2투,1309,836,137,648,41,6,1,833,3,473
경상북도,안동시,태화동,태화동제3투,1223,802,142,631,21,6,0,800,2,421
경상북도,안동시,태화동,태화동제4투,1217,817,112,665,32,4,1,814,3,400
경상북도,안동시,태화동,태화동제5투,2190,1478,332,1040,89,6,0,1467,11,712
경상북도,안동시,평화동,관내사전투표,1545,1545,678,758,89,8,0,1533,12,0
경상북도,안동시,평화동,평화동제1투,1233,894,174,676,33,5,0,888,6,339
경상북도,안동시,평화동,평화동제2투,887,584,112,444,22,4,0,582,2,303
경상북도,안동시,평화동,평화동제3투,1480,1061,199,816,35,5,0,1055,6,419
경상북도,안동시,안기동,관내사전투표,1603,1603,692,797,87,17,2,1595,8,0
경상북도,안동시,안기동,안기동제1투,880,625,139,447,25,9,1,621,4,255
경상북도,안동시,안기동,안기동제2투,1060,712,119,559,26,1,1,706,6,348
경상북도,안동시,안기동,안기동제3투,1415,1040,215,776,36,7,1,1035,5,375
경상북도,안동시,옥동,관내사전투표,4341,4341,1990,1859,412,40,7,4308,33,0
경상북도,안동시,옥동,옥동제1투,2004,1287,262,931,81,11,1,1286,1,717
경상북도,안동시,옥동,옥동제2투,2067,1492,490,859,120,13,0,1482,10,575
경상북도,안동시,옥동,옥동제3투,1571,1181,247,881,37,10,0,1175,6,390
경상북도,안동시,옥동,옥동제4투,1431,957,225,673,41,3,2,944,13,474
경상북도,안동시,옥동,옥동제5투,1468,1038,288,685,48,12,1,1034,4,430
경상북도,안동시,옥동,옥동제6투,1303,906,293,558,40,10,1,902,4,397
경상북도,안동시,옥동,옥동제7투,1068,666,167,463,27,2,0,659,7,402
경상북도,안동시,송하동,관내사전투표,4045,4045,1936,1776,276,35,1,4024,21,0
경상북도,안동시,송하동,송하동제1투,1479,946,223,648,55,9,3,938,8,533
경상북도,안동시,송하동,송하동제2투,1742,1128,297,757,61,4,1,1120,8,614
경상북도,안동시,송하동,송하동제3투,1093,725,130,555,25,6,0,716,9,368
경상북도,안동시,송하동,송하동제4투,2097,1550,423,995,109,9,0,1536,14,547
경상북도,안동시,송하동,송하동제5투,1486,1036,252,724,46,8,0,1030,6,450
경상북도,안동시,강남동,관내사전투표,2655,2653,1410,977,214,31,2,2634,19,2
경상북도,안동시,강남동,강남동제1투,1416,950,211,667,54,6,0,938,12,466
경상북도,안동시,강남동,강남동제2투,2153,1506,383,1007,87,19,1,1497,9,647
경상북도,안동시,강남동,강남동제3투,1538,1111,328,700,67,9,1,1105,6,427
경상북도,구미시,거소·선상투표,,533,502,113,264,90,9,1,477,25,31
경상북도,구미시,관외사전투표,,20133,20130,6735,9416,3478,217,45,19891,239,3
경상북도,구미시,재외투표,,1065,776,457,215,94,9,0,775,1,289
경상북도,구미시,선산읍,관내사전투표,3434,3434,962,2199,225,18,3,3407,27,0
경상북도,구미시,선산읍,선산읍제1투,1412,994,101,847,33,7,2,990,4,418
경상북도,구미시,선산읍,선산읍제2투,1291,845,112,694,29,4,0,839,6,446
경상북도,구미시,선산읍,선산읍제3투,1734,1194,88,1062,29,4,1,1184,10,540
경상북도,구미시,선산읍,선산읍제4투,590,456,53,379,15,2,1,450,6,134
경상북도,구미시,선산읍,선산읍제5투,3321,2234,329,1784,94,11,4,2222,12,1087
경상북도,구미시,고아읍,관내사전투표,2426,2426,781,1445,171,10,2,2409,17,0
경상북도,구미시,고아읍,고아읍제1투,1430,977,100,832,30,4,1,967,10,453
경상북도,구미시,고아읍,고아읍제2투,1892,1253,162,1023,48,10,2,1245,8,639
경상북도,구미시,고아읍,고아읍제3투,4114,3015,645,2116,210,25,0,2996,19,1099
경상북도,구미시,고아읍,고아읍제4투,2876,2122,404,1543,137,18,4,2106,16,754
경상북도,구미시,고아읍,고아읍제5투,974,722,60,632,22,2,1,717,5,252
경상북도,구미시,고아읍,고아읍제6투,1888,1374,174,1124,57,13,2,1370,4,514
경상북도,구미시,고아읍,고아읍제7투,3511,2631,637,1795,165,17,3,2617,14,880
경상북도,구미시,고아읍,고아읍제8투,3005,2334,542,1604,154,22,0,2322,12,671
경상북도,구미시,고아읍,고아읍제9투,3695,2973,744,1980,208,24,5,2961,12,722
경상북도,구미시,산동읍,관내사전투표,4825,4825,2565,1569,610,35,2,4781,44,0
경상북도,구미시,산동읍,산동읍제1투,1697,1130,119,955,42,1,3,1120,10,567
경상북도,구미시,산동읍,산동읍제2투,3825,2860,1029,1517,267,21,1,2835,25,965
경상북도,구미시,산동읍,산동읍제3투,2846,2174,683,1225,241,13,1,2163,11,672
경상북도,구미시,산동읍,산동읍제4투,3943,2856,890,1550,366,31,5,2842,14,1087
경상북도,구미시,산동읍,산동읍제5투,2852,1799,509,1021,233,12,4,1779,20,1053
경상북도,구미시,무을면,관내사전투표,570,570,137,405,20,2,1,565,5,0
경상북도,구미시,무을면,무을면투표소,1007,691,37,632,18,0,2,689,2,316
경상북도,구미시,옥성면,관내사전투표,404,404,87,294,19,1,1,402,2,0
경상북도,구미시,옥성면,옥성면투표소,984,710,62,627,11,2,0,702,8,274
경상북도,구미시,도개면,관내사전투표,671,671,161,454,41,2,3,661,10,0
경상북도,구미시,도개면,도개면투표소,1251,838,64,754,15,2,0,835,3,413
경상북도,구미시,해평면,관내사전투표,1179,1179,299,818,53,5,0,1175,4,0
경상북도,구미시,해평면,해평면투표소,2190,1471,122,1296,36,7,2,1463,8,719
경상북도,구미시,장천면,관내사전투표,1000,1000,327,602,53,6,1,989,11,0
경상북도,구미시,장천면,장천면투표소,1719,1258,115,1107,23,5,0,1250,8,461
경상북도,구미시,송정동,관내사전투표,4547,4547,1738,2269,449,38,4,4498,49,0
경상북도,구미시,송정동,송정동제1투,2510,1705,291,1279,116,6,0,1692,13,805
경상북도,구미시,송정동,송정동제2투,2396,1627,246,1230,134,8,0,1618,9,769
경상북도,구미시,송정동,송정동제3투,2717,1916,307,1469,119,11,3,1909,7,801
경상북도,구미시,송정동,송정동제4투,2586,1720,276,1326,95,14,0,1711,9,866
경상북도,구미시,송정동,송정동제5투,3954,3110,679,2163,222,30,2,3096,14,844
경상북도,구미시,원평동,관내사전투표,3120,3120,1119,1651,289,25,4,3088,32,0
경상북도,구미시,원평동,원평동제1투,2374,1159,138,963,52,1,0,1154,5,1215
경상북도,구미시,원평동,원평동제2투,2870,2195,471,1467,220,16,2,2176,19,675
경상북도,구미시,원평동,원평동제3투,835,587,77,485,19,3,1,585,2,248
경상북도,구미시,지산동,관내사전투표,1757,1757,668,888,170,14,0,1740,17,0
경상북도,구미시,지산동,지산동투표소,1292,935,88,819,21,2,0,930,5,357
경상북도,구미시,도량동,관내사전투표,4528,4528,1728,2383,337,45,3,4496,32,0
경상북도,구미시,도량동,도량동제1투,1273,865,112,708,34,3,1,858,7,408
경상북도,구미시,도량동,도량동제2투,2152,1614,355,1136,109,5,2,1607,7,538
경상북도,구미시,도량동,도량동제3투,1895,1430,287,1048,84,4,1,1424,6,465
경상북도,구미시,도량동,도량동제4투,2472,1691,254,1321,93,9,1,1678,13,781
경상북도,구미시,도량동,도량동제5투,2344,1622,300,1226,79,10,1,1616,6,722
경상북도,구미시,도량동,도량동제6투,2943,2175,384,1642,113,18,3,2160,15,768
경상북도,구미시,도량동,도량동제7투,3638,2747,707,1781,202,32,7,2729,18,891
경상북도,구미시,선주원남동,관내사전투표,6410,6409,2888,2844,588,54,4,6378,31,1
경상북도,구미시,선주원남동,선주원남동제1투,2742,1974,553,1253,143,13,2,1964,10,768
경상북도,구미시,선주원남동,선주원남동제2투,2569,1727,309,1295,104,13,0,1721,6,842
경상북도,구미시,선주원남동,선주원남동제3투,3382,1754,267,1353,113,4,4,1741,13,1628
경상북도,구미시,선주원남동,선주원남동제4투,2722,2045,451,1434,134,13,1,2033,12,677
경상북도,구미시,선주원남동,선주원남동제5투,2999,2245,337,1765,108,12,3,2225,20,754
경상북도,구미시,선주원남동,선주원남동제6투,1655,1194,152,973,53,6,2,1186,8,461
경상북도,구미시,선주원남동,선주원남동제7투,2351,1780,475,1152,123,19,2,1771,9,571
경상북도,구미시,선주원남동,선주원남동제8투,3165,2113,523,1372,188,22,1,2106,7,1052
경상북도,구미시,형곡1동,관내사전투표,3904,3903,1443,2044,342,36,2,3867,36,1
경상북도,구미시,형곡1동,형곡1동제1투,920,684,103,536,34,6,0,679,5,236
경상북도,구미시,형곡1동,형곡1동제2투,2112,1542,263,1166,94,12,1,1536,6,570
경상북도,구미시,형곡1동,형곡1동제3투,1799,1269,210,975,72,6,0,1263,6,530
경상북도,구미시,형곡1동,형곡1동제4투,2334,1684,304,1223,125,15,2,1669,15,650
경상북도,구미시,형곡2동,관내사전투표,2595,2595,949,1388,213,23,4,2577,18,0
경상북도,구미시,형곡2동,형곡2동제1투,1952,1392,233,1073,70,6,1,1383,9,560
경상북도,구미시,형곡2동,형곡2동제2투,2007,1402,250,1052,82,9,0,1393,9,605
경상북도,구미시,형곡2동,형곡2동제3투,1667,1163,210,862,75,8,1,1156,7,504
경상북도,구미시,형곡2동,형곡2동제4투,2018,1374,226,1055,75,9,1,1366,8,644
경상북도,구미시,형곡2동,형곡2동제5투,1980,1331,214,1017,82,9,0,1322,9,649
경상북도,구미시,신평1동,관내사전투표,1550,1550,563,753,208,13,0,1537,13,0
경상북도,구미시,신평1동,신평1동제1투,1737,1387,219,1024,122,14,2,1381,6,350
경상북도,구미시,신평1동,신평1동제2투,1294,793,132,583,65,4,1,785,8,501
경상북도,구미시,신평2동,관내사전투표,600,600,200,328,65,4,0,597,3,0
경상북도,구미시,신평2동,신평2동투표소,1675,1171,178,910,69,6,0,1163,8,504
경상북도,구미시,비산동,관내사전투표,3013,3013,1280,1347,337,23,2,2989,24,0
경상북도,구미시,비산동,비산동제1투,3515,2415,487,1726,166,17,3,2399,16,1100
경상북도,구미시,비산동,비산동제2투,3497,2482,530,1678,228,26,2,2464,18,1015
경상북도,구미시,공단동,관내사전투표,2311,2311,1014,945,305,17,5,2286,25,0
경상북도,구미시,공단동,공단동투표소,2238,1467,310,1012,125,8,1,1456,11,771
경상북도,구미시,광평동,관내사전투표,1586,1586,649,745,164,18,2,1578,8,0
경상북도,구미시,광평동,광평동투표소,2440,1640,271,1212,137,6,3,1629,11,800
경상북도,구미시,상모사곡동,관내사전투표,4584,4584,1896,2172,433,40,5,4546,38,0
경상북도,구미시,상모사곡동,상모사곡동제1투,3553,2141,459,1471,187,13,1,2131,10,1412
경상북도,구미시,상모사곡동,상모사곡동제2투,2999,2124,426,1499,173,12,4,2114,10,875
경상북도,구미시,상모사곡동,상모사곡동제3투,4015,2392,517,1685,159,16,3,2380,12,1623
경상북도,구미시,상모사곡동,상모사곡동제4투,3323,2507,579,1694,198,20,2,2493,14,816
경상북도,구미시,상모사곡동,상모사곡동제5투,2361,1750,429,1160,132,16,0,1737,13,611
경상북도,구미시,상모사곡동,상모사곡동제6투,2183,1781,398,1205,147,16,2,1768,13,402
경상북도,구미시,임오동,관내사전투표,2379,2379,994,1114,240,17,2,2367,12,0
경상북도,구미시,임오동,임오동제1투,1736,1019,179,759,65,3,2,1008,11,717
경상북도,구미시,임오동,임오동제2투,2587,1765,409,1213,113,18,1,1754,11,822
경상북도,구미시,임오동,임오동제3투,2263,1625,401,1088,104,10,4,1607,18,638
경상북도,구미시,임오동,임오동제4투,1152,756,172,511,58,7,2,750,6,396
경상북도,구미시,임오동,임오동제5투,2665,1957,567,1159,188,28,1,1943,14,708
경상북도,구미시,인동동,관내사전투표,4836,4836,2189,2066,481,46,5,4787,49,0
경상북도,구미시,인동동,인동동제1투,2405,1447,207,1122,100,8,3,1440,7,958
경상북도,구미시,인동동,인동동제2투,2536,1613,418,1034,132,12,2,1598,15,923
경상북도,구미시,인동동,인동동제3투,3668,2074,447,1408,181,19,0,2055,19,1594
경상북도,구미시,인동동,인동동제4투,1611,979,219,690,50,10,0,969,10,632
경상북도,구미시,인동동,인동동제5투,2161,1334,258,927,125,10,3,1323,11,827
경상북도,구미시,인동동,인동동제6투,2275,1522,375,1028,86,13,5,1507,15,753
경상북도,구미시,인동동,인동동제7투,3339,1697,456,1071,140,15,2,1684,13,1642
경상북도,구미시,인동동,인동동제8투,1719,880,168,645,61,3,2,879,1,839
경상북도,구미시,인동동,인동동제9투,2876,2006,584,1200,176,25,2,1987,19,870
경상북도,구미시,인동동,인동동제10투,4205,2715,860,1618,184,32,3,2697,18,1490
경상북도,구미시,인동동,인동동제11투,2762,1601,459,999,118,11,2,1589,12,1161
경상북도,구미시,진미동,관내사전투표,3923,3923,1742,1611,485,29,6,3873,50,0
경상북도,구미시,진미동,진미동제1투,808,521,96,328,82,5,1,512,9,287
경상북도,구미시,진미동,진미동제2투,2928,1221,216,839,140,14,1,1210,11,1707
경상북도,구미시,진미동,진미동제3투,3680,1574,318,1064,167,12,1,1562,12,2106
경상북도,구미시,진미동,진미동제4투,4183,1915,481,1181,216,18,3,1899,16,2268
경상북도,구미시,양포동,관내사전투표,6906,6905,3585,2305,878,71,11,6850,55,1
경상북도,구미시,양포동,양포동제1투,2936,1746,394,1093,232,16,1,1736,10,1190
경상북도,구미시,양포동,양포동제2투,3338,2402,743,1403,225,16,2,2389,13,936
경상북도,구미시,양포동,양포동제3투,3885,2741,649,1642,405,15,6,2717,24,1144
경상북도,구미시,양포동,양포동제4투,2613,1713,418,1119,146,16,2,1701,12,900
경상북도,구미시,양포동,양포동제5투,2640,1863,491,1215,125,19,3,1853,10,777
경상북도,구미시,양포동,양포동제6투,2154,1418,378,925,91,9,0,1403,15,736
경상북도,구미시,양포동,양포동제7투,2147,1472,356,937,139,16,2,1450,22,675
경상북도,구미시,양포동,양포동제8투,1891,1320,404,794,104,11,0,1313,7,571
경상북도,구미시,양포동,양포동제9투,2689,1997,744,1014,209,22,1,1990,7,692
경상북도,구미시,양포동,양포동제10투,2486,1898,678,1003,178,14,7,1880,18,588
경상북도,영천시,거소·선상투표,,294,270,87,113,28,5,2,235,35,24
경상북도,영천시,관외사전투표,,7492,7491,2311,4309,742,53,10,7425,66,1
경상북도,영천시,재외투표,,345,212,115,72,17,4,0,208,4,133
경상북도,영천시,금호읍,관내사전투표,1757,1757,469,1193,72,11,0,1745,12,0
경상북도,영천시,금호읍,금호읍제1투,1318,857,85,740,24,3,2,854,3,461
경상북도,영천시,금호읍,금호읍제2투,1807,1254,165,1018,54,8,4,1249,5,553
경상북도,영천시,금호읍,금호읍제3투,836,577,47,511,10,2,1,571,6,259
경상북도,영천시,금호읍,금호읍제4투,1107,786,76,673,19,9,2,779,7,321
경상북도,영천시,금호읍,금호읍제5투,600,424,46,363,7,1,1,418,6,176
경상북도,영천시,금호읍,금호읍제6투,1146,711,118,568,21,3,0,710,1,435
경상북도,영천시,청통면,관내사전투표,854,854,180,637,27,2,1,847,7,0
경상북도,영천시,청통면,청통면제1투,1510,1026,101,891,29,1,1,1023,3,484
경상북도,영천시,청통면,청통면제2투,811,570,54,497,13,2,0,566,4,241
경상북도,영천시,신녕면,관내사전투표,1032,1032,196,788,37,3,0,1024,8,0
경상북도,영천시,신녕면,신녕면제1투,1008,636,55,559,11,3,2,630,6,372
경상북도,영천시,신녕면,신녕면제2투,986,640,64,553,14,1,0,632,8,346
경상북도,영천시,화산면,관내사전투표,746,746,193,500,29,6,2,730,16,0
경상북도,영천시,화산면,화산면투표소,1793,1109,88,983,26,4,0,1101,8,684
경상북도,영천시,화북면,관내사전투표,484,484,144,325,10,2,0,481,3,0
경상북도,영천시,화북면,화북면투표소,1292,947,99,824,14,3,1,941,6,345
경상북도,영천시,화남면,관내사전투표,759,759,186,542,25,3,0,756,3,0
경상북도,영천시,화남면,화남면제1투,1223,832,68,741,16,1,0,826,6,391
경상북도,영천시,화남면,화남면제2투,749,559,66,481,4,2,0,553,6,190
경상북도,영천시,자양면,관내사전투표,203,203,51,137,12,0,1,201,2,0
경상북도,영천시,자양면,자양면투표소,721,498,38,446,7,2,1,494,4,223
경상북도,영천시,임고면,관내사전투표,1087,1087,286,730,60,6,1,1083,4,0
경상북도,영천시,임고면,임고면제1투,950,691,62,613,12,2,1,690,1,259
경상북도,영천시,임고면,임고면제2투,886,654,66,570,10,2,0,648,6,232
경상북도,영천시,임고면,임고면제3투,734,534,51,468,5,4,0,528,6,200
경상북도,영천시,고경면,관내사전투표,959,959,277,590,76,5,1,949,10,0
경상북도,영천시,고경면,고경면제1투,806,548,73,452,10,2,3,540,8,258
경상북도,영천시,고경면,고경면제2투,1677,1139,159,920,46,4,1,1130,9,538
경상북도,영천시,고경면,고경면제3투,874,613,63,536,6,3,2,610,3,261
경상북도,영천시,북안면,관내사전투표,1183,1183,334,792,44,6,0,1176,7,0
경상북도,영천시,북안면,북안면제1투,1074,733,77,623,10,5,1,716,17,341
경상북도,영천시,북안면,북안면제2투,1407,819,98,697,14,2,3,814,5,588
경상북도,영천시,대창면,관내사전투표,747,747,166,544,30,1,1,742,5,0
경상북도,영천시,대창면,대창면투표소,1755,1207,115,1050,30,4,2,1201,6,548
경상북도,영천시,동부동,관내사전투표,2803,2803,925,1680,155,24,3,2787,16,0
경상북도,영천시,동부동,동부동제1투,1870,1322,188,1083,43,1,2,1317,5,548
경상북도,영천시,동부동,동부동제2투,3045,2261,464,1659,106,23,0,2252,9,784
경상북도,영천시,동부동,동부동제3투,2207,1545,228,1233,65,11,0,1537,8,662
경상북도,영천시,동부동,동부동제4투,1922,1258,159,1051,33,2,1,1246,12,664
경상북도,영천시,동부동,동부동제5투,2612,1896,324,1469,76,14,1,1884,12,716
경상북도,영천시,동부동,동부동제6투,2435,1724,293,1355,59,7,1,1715,9,711
경상북도,영천시,동부동,동부동제7투,2293,1725,438,1161,100,14,2,1715,10,568
경상북도,영천시,중앙동,관내사전투표,2715,2715,924,1527,225,19,1,2696,19,0
경상북도,영천시,중앙동,중앙동제1투,2370,1569,272,1187,91,10,3,1563,6,801
경상북도,영천시,중앙동,중앙동제2투,1761,1305,175,1069,53,4,0,1301,4,456
경상북도,영천시,중앙동,중앙동제3투,856,615,63,531,14,2,0,610,5,241
경상북도,영천시,서부동,관내사전투표,1343,1343,423,833,63,8,2,1329,14,0
경상북도,영천시,서부동,서부동제1투,1541,1080,114,917,37,6,0,1074,6,461
경상북도,영천시,서부동,서부동제2투,1189,801,102,656,29,8,1,796,5,388
경상북도,영천시,완산동,관내사전투표,3264,3264,1084,1941,196,22,2,3245,19,0
경상북도,영천시,완산동,완산동제1투,3535,2582,433,2026,94,11,1,2565,17,953
경상북도,영천시,완산동,완산동제2투,1684,1164,122,1002,30,5,0,1159,5,520
경상북도,영천시,남부동,관내사전투표,1069,1069,347,628,69,14,1,1059,10,0
경상북도,영천시,남부동,남부동제1투,637,452,51,389,11,0,0,451,1,185
경상북도,영천시,남부동,남부동제2투,1731,1124,164,913,39,2,0,1118,6,607
경상북도,상주시,거소·선상투표,,450,430,114,254,29,8,6,411,19,20
경상북도,상주시,관외사전투표,,5735,5733,1916,2980,701,57,13,5667,66,2
경상북도,상주시,재외투표,,479,298,135,133,26,4,0,298,0,181
경상북도,상주시,함창읍,관내사전투표,1912,1912,454,1363,71,10,1,1899,13,0
경상북도,상주시,함창읍,함창읍제1투,1462,969,128,787,44,2,1,962,7,493
경상북도,상주시,함창읍,함창읍제2투,986,681,82,568,21,3,0,674,7,305
경상북도,상주시,함창읍,함창읍제3투,783,506,59,430,13,0,0,502,4,277
경상북도,상주시,사벌국면,관내사전투표,1160,1160,243,835,50,9,2,1139,21,0
경상북도,상주시,사벌국면,사벌국면제1투,1224,794,97,664,25,1,1,788,6,430
경상북도,상주시,사벌국면,사벌국면제2투,704,496,52,423,19,0,0,494,2,208
경상북도,상주시,중동면,관내사전투표,464,464,82,357,17,0,0,456,8,0
경상북도,상주시,중동면,중동면투표소,659,468,43,405,13,3,0,464,4,191
경상북도,상주시,낙동면,관내사전투표,838,838,178,631,21,4,0,834,4,0
경상북도,상주시,낙동면,낙동면제1투,989,627,57,543,19,3,0,622,5,362
경상북도,상주시,낙동면,낙동면제2투,636,449,58,381,4,1,0,444,5,187
경상북도,상주시,낙동면,낙동면제3투,648,460,59,383,8,2,0,452,8,188
경상북도,상주시,청리면,관내사전투표,725,725,168,515,33,5,1,722,3,0
경상북도,상주시,청리면,청리면투표소,1426,1020,91,890,21,4,2,1008,12,406
경상북도,상주시,공성면,관내사전투표,929,929,215,670,35,1,1,922,7,0
경상북도,상주시,공성면,공성면제1투,1063,766,61,672,16,3,0,752,14,297
경상북도,상주시,공성면,공성면제2투,1205,794,103,666,21,1,0,791,3,411
경상북도,상주시,외남면,관내사전투표,419,419,108,293,9,6,0,416,3,0
경상북도,상주시,외남면,외남면투표소,929,644,75,542,16,2,1,636,8,285
경상북도,상주시,내서면,관내사전투표,511,511,136,341,23,5,0,505,6,0
경상북도,상주시,내서면,내서면제1투,465,320,35,277,3,1,1,317,3,145
경상북도,상주시,내서면,내서면제2투,564,383,51,314,11,2,0,378,5,181
경상북도,상주시,모동면,관내사전투표,651,651,245,372,30,1,0,648,3,0
경상북도,상주시,모동면,모동면제1투,790,550,103,422,17,2,0,544,6,240
경상북도,상주시,모동면,모동면제2투,691,471,95,347,22,3,0,467,4,220
경상북도,상주시,모서면,관내사전투표,677,677,199,426,42,3,0,670,7,0
경상북도,상주시,모서면,모서면제1투,932,600,101,472,22,3,2,600,0,332
경상북도,상주시,모서면,모서면제2투,455,307,63,232,7,1,1,304,3,148
경상북도,상주시,화동면,관내사전투표,638,638,208,396,28,3,0,635,3,0
경상북도,상주시,화동면,화동면투표소,1000,681,101,550,21,7,0,679,2,319
경상북도,상주시,화서면,관내사전투표,824,824,209,558,39,11,0,817,7,0
경상북도,상주시,화서면,화서면제1투,689,485,49,413,14,1,2,479,6,204
경상북도,상주시,화서면,화서면제2투,820,543,59,456,14,6,1,536,7,277
경상북도,상주시,화북면,관내사전투표,534,534,159,350,17,2,2,530,4,0
경상북도,상주시,화북면,화북면투표소,743,520,77,428,9,5,0,519,1,223
경상북도,상주시,외서면,관내사전투표,528,528,135,360,21,7,2,525,3,0
경상북도,상주시,외서면,외서면제1투,767,476,67,391,11,1,2,472,4,291
경상북도,상주시,외서면,외서면제2투,455,248,25,214,7,2,0,248,0,207
경상북도,상주시,은척면,관내사전투표,428,428,101,289,28,2,1,421,7,0
경상북도,상주시,은척면,은척면제1투,589,413,56,345,6,1,2,410,3,176
경상북도,상주시,은척면,은척면제2투,258,191,22,165,2,2,0,191,0,67
경상북도,상주시,공검면,관내사전투표,829,829,186,586,39,9,1,821,8,0
경상북도,상주시,공검면,공검면제1투,623,381,42,319,12,0,1,374,7,242
경상북도,상주시,공검면,공검면제2투,469,319,34,266,10,2,1,313,6,150
경상북도,상주시,이안면,관내사전투표,591,591,147,410,20,4,1,582,9,0
경상북도,상주시,이안면,이안면투표소,975,665,74,570,8,4,2,658,7,310
경상북도,상주시,화남면,관내사전투표,185,185,45,121,17,1,0,184,1,0
경상북도,상주시,화남면,화남면투표소,429,275,38,223,8,1,0,270,5,154
경상북도,상주시,남원동,관내사전투표,3077,3077,1020,1748,253,31,4,3056,21,0
경상북도,상주시,남원동,남원동제1투,1215,833,88,700,32,2,1,823,10,382
경상북도,상주시,남원동,남원동제2투,1565,1110,186,873,42,5,1,1107,3,455
경상북도,상주시,남원동,남원동제3투,869,601,84,483,29,1,0,597,4,268
경상북도,상주시,남원동,남원동제4투,1147,832,150,652,25,1,1,829,3,315
경상북도,상주시,남원동,남원동제5투,1030,713,113,545,39,8,1,706,7,317
경상북도,상주시,북문동,관내사전투표,2386,2386,780,1404,160,11,4,2359,27,0
경상북도,상주시,북문동,북문동제1투,849,613,72,507,23,3,1,606,7,236
경상북도,상주시,북문동,북문동제2투,892,626,119,468,34,0,1,622,4,266
경상북도,상주시,북문동,북문동제3투,1434,862,134,651,63,6,1,855,7,572
경상북도,상주시,북문동,북문동제4투,437,310,21,281,3,1,0,306,4,127
경상북도,상주시,북문동,북문동제5투,1079,747,134,558,43,7,1,743,4,332
경상북도,상주시,계림동,관내사전투표,2534,2534,790,1567,135,15,2,2509,25,0
경상북도,상주시,계림동,계림동제1투,1555,1020,146,806,50,8,2,1012,8,535
경상북도,상주시,계림동,계림동제2투,1794,1208,268,840,81,13,0,1202,6,586
경상북도,상주시,계림동,계림동제3투,1097,718,108,586,19,1,0,714,4,379
경상북도,상주시,동문동,관내사전투표,2087,2087,647,1240,168,14,1,2070,17,0
경상북도,상주시,동문동,동문동제1투,1425,954,147,727,68,6,0,948,6,471
경상북도,상주시,동문동,동문동제2투,873,574,73,475,19,3,1,571,3,299
경상북도,상주시,동문동,동문동제3투,1017,669,101,519,39,8,0,667,2,348
경상북도,상주시,동문동,동문동제4투,652,466,68,373,19,2,0,462,4,186
경상북도,상주시,동성동,관내사전투표,815,815,229,537,41,3,1,811,4,0
경상북도,상주시,동성동,동성동제1투,1361,929,139,749,29,3,0,920,9,432
경상북도,상주시,동성동,동성동제2투,685,504,75,399,20,5,1,500,4,181
경상북도,상주시,신흥동,관내사전투표,1861,1861,655,1024,160,10,0,1849,12,0
경상북도,상주시,신흥동,신흥동제1투,1311,927,160,722,35,6,0,923,4,384
경상북도,상주시,신흥동,신흥동제2투,1233,759,103,595,53,4,0,755,4,474
경상북도,상주시,신흥동,신흥동제3투,1736,1141,220,829,74,13,0,1136,5,595
경상북도,문경시,거소·선상투표,,254,219,36,158,14,0,2,210,9,35
경상북도,문경시,관외사전투표,,4582,4581,1613,2300,563,43,8,4527,54,1
경상북도,문경시,재외투표,,236,159,88,51,17,2,0,158,1,77
경상북도,문경시,문경읍,관내사전투표,1761,1761,508,1167,70,11,0,1756,5,0
경상북도,문경시,문경읍,문경읍제1투,1737,1165,132,983,37,4,0,1156,9,572
경상북도,문경시,문경읍,문경읍제2투,1511,991,117,832,26,6,1,982,9,520
경상북도,문경시,문경읍,문경읍제3투,699,512,63,430,8,2,0,503,9,187
경상북도,문경시,가은읍,관내사전투표,1228,1228,332,820,42,26,2,1222,6,0
경상북도,문경시,가은읍,가은읍제1투,1651,1118,134,946,23,5,2,1110,8,533
경상북도,문경시,가은읍,가은읍제2투,418,274,42,218,6,6,0,272,2,144
경상북도,문경시,영순면,관내사전투표,742,742,166,538,29,3,2,738,4,0
경상북도,문경시,영순면,영순면투표소,1126,753,67,658,15,4,0,744,9,373
경상북도,문경시,산양면,관내사전투표,774,774,171,560,34,3,0,768,6,0
경상북도,문경시,산양면,산양면제1투,821,519,57,451,8,0,0,516,3,302
경상북도,문경시,산양면,산양면제2투,810,559,71,474,7,2,0,554,5,251
경상북도,문경시,호계면,관내사전투표,705,705,178,490,24,3,1,696,9,0
경상북도,문경시,호계면,호계면투표소,1253,823,98,688,31,3,0,820,3,430
경상북도,문경시,산북면,관내사전투표,885,885,246,597,29,3,0,875,10,0
경상북도,문경시,산북면,산북면투표소,1381,928,87,802,26,3,2,920,8,453
경상북도,문경시,동로면,관내사전투표,677,677,153,489,24,6,1,673,4,0
경상북도,문경시,동로면,동로면투표소,887,581,57,496,20,1,0,574,7,306
경상북도,문경시,마성면,관내사전투표,1086,1086,240,757,54,5,5,1061,25,0
경상북도,문경시,마성면,마성면투표소,1796,1133,124,975,27,2,1,1129,4,663
경상북도,문경시,농암면,관내사전투표,684,684,160,492,20,4,1,677,7,0
경상북도,문경시,농암면,농암면투표소,1397,908,103,775,13,3,1,895,13,489
경상북도,문경시,점촌1동,관내사전투표,2235,2235,559,1527,103,16,3,2208,27,0
경상북도,문경시,점촌1동,점촌1동제1투,1312,877,88,764,19,3,1,875,2,435
경상북도,문경시,점촌1동,점촌1동제2투,1578,1034,149,825,45,5,0,1024,10,544
경상북도,문경시,점촌2동,관내사전투표,1747,1747,538,1065,105,22,3,1733,14,0
경상북도,문경시,점촌2동,점촌2동제1투,1507,1025,108,875,33,3,0,1019,6,482
경상북도,문경시,점촌2동,점촌2동제2투,851,561,51,490,12,1,1,555,6,290
경상북도,문경시,점촌2동,점촌2동제3투,1420,941,124,780,23,7,1,935,6,479
경상북도,문경시,점촌3동,관내사전투표,1924,1924,606,1196,93,13,2,1910,14,0
경상북도,문경시,점촌3동,점촌3동제1투,2221,1472,210,1181,64,5,2,1462,10,749
경상북도,문경시,점촌3동,점촌3동제2투,2543,1748,256,1419,51,9,1,1736,12,795
경상북도,문경시,점촌4동,관내사전투표,680,680,187,464,23,1,0,675,5,0
경상북도,문경시,점촌4동,점촌4동투표소,1719,1114,149,921,30,7,0,1107,7,605
경상북도,문경시,점촌5동,관내사전투표,3564,3564,1339,1934,241,24,4,3542,22,0
경상북도,문경시,점촌5동,점촌5동제1투,2809,1891,310,1445,111,8,1,1875,16,918
경상북도,문경시,점촌5동,점촌5동제2투,2413,1606,255,1210,111,9,0,1585,21,807
경상북도,문경시,점촌5동,점촌5동제3투,2163,1471,294,1044,106,14,0,1458,13,692
경상북도,예천군,거소·선상투표,,157,145,21,100,17,3,0,141,4,12
경상북도,예천군,관외사전투표,,4435,4434,1671,2188,492,43,5,4399,35,1
경상북도,예천군,재외투표,,219,142,87,43,9,1,0,140,2,77
경상북도,예천군,예천읍,관내사전투표,3877,3877,1164,2444,193,29,2,3832,45,0
경상북도,예천군,예천읍,예천읍제1투,1492,997,159,788,36,1,1,985,12,495
경상북도,예천군,예천읍,예천읍제2투,1823,1276,247,946,61,10,1,1265,11,547
경상북도,예천군,예천읍,예천읍제3투,2440,1690,233,1385,48,6,4,1676,14,750
경상북도,예천군,예천읍,예천읍제4투,2065,1397,216,1096,61,4,2,1379,18,668
경상북도,예천군,호명읍,관내사전투표,3658,3658,1927,1343,338,29,2,3639,19,0
경상북도,예천군,호명읍,호명읍제1투,1319,850,113,693,23,2,2,833,17,469
경상북도,예천군,호명읍,호명읍제2투,2235,1641,560,912,134,21,3,1630,11,594
경상북도,예천군,호명읍,호명읍제3투,3120,2302,718,1302,246,22,1,2289,13,818
경상북도,예천군,호명읍,호명읍제4투,2157,1566,505,896,132,19,0,1552,14,591
경상북도,예천군,용문면,관내사전투표,693,693,182,469,28,5,2,686,7,0
경상북도,예천군,용문면,용문면투표소,1174,799,100,672,17,2,1,792,7,375
경상북도,예천군,효자면,관내사전투표,363,363,90,250,16,2,1,359,4,0
경상북도,예천군,효자면,효자면투표소,601,441,44,376,17,0,0,437,4,160
경상북도,예천군,은풍면,관내사전투표,455,455,130,291,28,3,0,452,3,0
경상북도,예천군,은풍면,은풍면투표소,723,529,61,444,19,4,0,528,1,194
경상북도,예천군,감천면,관내사전투표,752,752,195,508,35,5,1,744,8,0
경상북도,예천군,감천면,감천면투표소,1417,1006,121,838,23,8,1,991,15,411
경상북도,예천군,보문면,관내사전투표,478,478,118,329,21,4,0,472,6,0
경상북도,예천군,보문면,보문면투표소,879,580,85,475,12,3,0,575,5,299
경상북도,예천군,유천면,관내사전투표,722,722,191,444,74,3,1,713,9,0
경상북도,예천군,유천면,유천면투표소,1399,992,141,765,61,7,0,974,18,407
경상북도,예천군,용궁면,관내사전투표,915,915,161,685,41,3,6,896,19,0
경상북도,예천군,용궁면,용궁면투표소,1122,732,74,623,22,4,1,724,8,390
경상북도,예천군,개포면,관내사전투표,436,436,76,325,25,3,0,429,7,0
경상북도,예천군,개포면,개포면투표소,832,581,66,500,3,1,1,571,10,251
경상북도,예천군,지보면,관내사전투표,727,727,161,511,33,6,1,712,15,0
경상북도,예천군,지보면,지보면투표소,1480,1019,120,859,21,5,2,1007,12,461
경상북도,예천군,풍양면,관내사전투표,780,780,163,549,32,7,3,754,26,0
경상북도,예천군,풍양면,풍양면투표소,1712,1202,139,1016,18,7,3,1183,19,510
경상북도,경산시,거소·선상투표,,344,319,71,172,48,4,3,298,21,25
경상북도,경산시,관외사전투표,,17824,17822,6138,8698,2594,186,23,17639,183,2
경상북도,경산시,재외투표,,840,639,391,155,78,13,0,637,2,201
경상북도,경산시,하양읍,관내사전투표,5402,5402,2008,2651,602,67,10,5338,64,0
경상북도,경산시,하양읍,하양읍제1투,2077,1370,196,1014,122,13,1,1346,24,707
경상북도,경산시,하양읍,하양읍제2투,2072,1378,189,1062,112,10,0,1373,5,694
경상북도,경산시,하양읍,하양읍제3투,3470,2550,528,1800,191,11,2,2532,18,920
경상북도,경산시,하양읍,하양읍제4투,586,430,40,362,19,0,0,421,9,156
경상북도,경산시,하양읍,하양읍제5투,1200,774,95,614,54,2,1,766,8,426
경상북도,경산시,하양읍,하양읍제6투,1394,935,129,727,62,10,1,929,6,459
경상북도,경산시,하양읍,하양읍제7투,2600,1839,355,1352,99,13,0,1819,20,761
경상북도,경산시,하양읍,하양읍제8투,1485,1181,204,887,70,11,0,1172,9,304
경상북도,경산시,하양읍,하양읍제9투,2116,1628,414,1050,137,17,3,1621,7,488
경상북도,경산시,하양읍,하양읍제10투,3553,2482,515,1656,269,20,2,2462,20,1071
경상북도,경산시,진량읍,관내사전투표,4741,4741,1864,2395,391,36,8,4694,47,0
경상북도,경산시,진량읍,진량읍제1투,3211,1867,340,1341,163,14,1,1859,8,1344
경상북도,경산시,진량읍,진량읍제2투,1723,1205,235,900,55,8,0,1198,7,518
경상북도,경산시,진량읍,진량읍제3투,1664,977,94,805,61,9,1,970,7,687
경상북도,경산시,진량읍,진량읍제4투,1891,1188,188,932,53,4,2,1179,9,703
경상북도,경산시,진량읍,진량읍제5투,2085,1332,195,1003,99,5,8,1310,22,753
경상북도,경산시,진량읍,진량읍제6투,1974,1524,256,1168,76,16,1,1517,7,450
경상북도,경산시,진량읍,진량읍제7투,1735,1315,285,924,86,12,0,1307,8,420
경상북도,경산시,진량읍,진량읍제8투,1495,1052,171,799,69,7,0,1046,6,443
경상북도,경산시,진량읍,진량읍제9투,2338,1610,340,1160,90,11,0,1601,9,728
경상북도,경산시,진량읍,진량읍제10투,2165,1558,298,1139,89,19,0,1545,13,607
경상북도,경산시,진량읍,진량읍제11투,2253,1700,414,1151,102,24,5,1696,4,553
경상북도,경산시,압량읍,관내사전투표,3786,3786,1524,1765,423,27,5,3744,42,0
경상북도,경산시,압량읍,압량읍제1투,2965,1691,245,1299,126,9,2,1681,10,1274
경상북도,경산시,압량읍,압량읍제2투,1454,988,142,779,52,5,2,980,8,466
경상북도,경산시,압량읍,압량읍제3투,3809,2375,441,1605,284,19,2,2351,24,1434
경상북도,경산시,압량읍,압량읍제4투,706,532,68,432,20,4,2,526,6,174
경상북도,경산시,압량읍,압량읍제5투,2522,1876,412,1271,165,15,3,1866,10,646
경상북도,경산시,압량읍,압량읍제6투,2422,1777,443,1142,155,22,1,1763,14,645
경상북도,경산시,와촌면,관내사전투표,1414,1414,454,826,89,9,5,1383,31,0
경상북도,경산시,와촌면,와촌면제1투,1221,758,89,627,30,6,1,753,5,463
경상북도,경산시,와촌면,와촌면제2투,1229,906,84,795,17,5,0,901,5,323
경상북도,경산시,와촌면,와촌면제3투,994,734,95,620,12,0,2,729,5,260
경상북도,경산시,자인면,관내사전투표,1743,1743,494,1123,98,12,3,1730,13,0
경상북도,경산시,자인면,자인면제1투,1085,753,69,651,22,4,0,746,7,332
경상북도,경산시,자인면,자인면제2투,1109,774,70,677,20,2,0,769,5,335
경상북도,경산시,자인면,자인면제3투,1261,793,74,671,34,8,1,788,5,468
경상북도,경산시,용성면,관내사전투표,834,834,205,573,45,7,1,831,3,0
경상북도,경산시,용성면,용성면제1투,1700,1182,104,1042,26,2,0,1174,8,518
경상북도,경산시,용성면,용성면제2투,256,188,20,164,3,0,0,187,1,68
경상북도,경산시,남산면,관내사전투표,811,811,242,502,49,6,2,801,10,0
경상북도,경산시,남산면,남산면제1투,1439,1045,107,890,29,4,3,1033,12,394
경상북도,경산시,남산면,남산면제2투,940,674,60,583,20,6,2,671,3,266
경상북도,경산시,남천면,관내사전투표,746,746,211,467,59,4,0,741,5,0
경상북도,경산시,남천면,남천면제1투,1092,786,63,690,22,6,1,782,4,306
경상북도,경산시,남천면,남천면제2투,699,536,51,471,11,0,0,533,3,163
경상북도,경산시,중앙동,관내사전투표,2271,2271,807,1176,242,19,3,2247,24,0
경상북도,경산시,중앙동,중앙동제1투,2348,1639,237,1309,67,14,2,1629,10,709
경상북도,경산시,중앙동,중앙동제2투,1603,987,122,789,62,5,3,981,6,616
경상북도,경산시,동부동,관내사전투표,4696,4696,1906,2349,367,43,1,4666,30,0
경상북도,경산시,동부동,동부동제1투,2006,1207,185,925,76,11,2,1199,8,799
경상북도,경산시,동부동,동부동제2투,1352,856,105,707,22,6,3,843,13,496
경상북도,경산시,동부동,동부동제3투,2295,1531,234,1174,98,10,2,1518,13,764
경상북도,경산시,동부동,동부동제4투,2248,1446,207,1132,86,10,1,1436,10,802
경상북도,경산시,동부동,동부동제5투,2569,1922,303,1390,194,16,2,1905,17,647
경상북도,경산시,동부동,동부동제6투,3601,2518,521,1785,172,21,5,2504,14,1083
경상북도,경산시,동부동,동부동제7투,2507,1798,410,1226,133,16,1,1786,12,709
경상북도,경산시,동부동,동부동제8투,3017,2206,468,1580,117,24,2,2191,15,811
경상북도,경산시,동부동,동부동제9투,3412,2583,582,1783,179,24,3,2571,12,829
경상북도,경산시,서부1동,관내사전투표,3183,3183,1212,1741,197,15,1,3166,17,0
경상북도,경산시,서부1동,서부1동제1투,2707,1944,344,1462,105,20,1,1932,12,763
경상북도,경산시,서부1동,서부1동제2투,1698,1118,184,859,55,11,1,1110,8,580
경상북도,경산시,서부1동,서부1동제3투,2670,1696,258,1305,99,17,3,1682,14,974
경상북도,경산시,서부1동,서부1동제4투,1754,1190,180,926,67,8,0,1181,9,564
경상북도,경산시,서부1동,서부1동제5투,2024,1552,247,1212,79,8,1,1547,5,472
경상북도,경산시,서부1동,서부1동제6투,845,527,53,443,23,5,0,524,3,318
경상북도,경산시,서부1동,서부1동제7투,2473,1811,401,1278,105,16,1,1801,10,662
경상북도,경산시,서부1동,서부1동제8투,2890,2184,611,1413,129,23,2,2178,6,706
경상북도,경산시,서부1동,서부1동제9투,2064,1648,355,1180,92,14,1,1642,6,416
경상북도,경산시,서부2동,관내사전투표,5026,5026,1887,2683,381,43,1,4995,31,0
경상북도,경산시,서부2동,서부2동제1투,3189,2320,400,1740,152,17,1,2310,10,869
경상북도,경산시,서부2동,서부2동제2투,2843,2195,332,1697,141,13,2,2185,10,648
경상북도,경산시,서부2동,서부2동제3투,2295,1755,261,1369,104,13,1,1748,7,540
경상북도,경산시,서부2동,서부2동제4투,1892,1554,279,1154,108,8,1,1550,4,338
경상북도,경산시,서부2동,서부2동제5투,3450,2728,541,1945,198,19,2,2705,23,722
경상북도,경산시,서부2동,서부2동제6투,1429,981,154,748,67,8,0,977,4,448
경상북도,경산시,서부2동,서부2동제7투,3404,2804,677,1837,262,15,3,2794,10,600
경상북도,경산시,서부2동,서부2동제8투,3141,2481,580,1618,253,15,1,2467,14,660
경상북도,경산시,서부2동,서부2동제9투,3409,2771,652,1806,264,27,3,2752,19,638
경상북도,경산시,남부동,관내사전투표,3235,3235,1310,1696,190,24,2,3222,13,0
경상북도,경산시,남부동,남부동제1투,2226,1543,250,1191,84,13,1,1539,4,683
경상북도,경산시,남부동,남부동제2투,552,357,46,285,21,4,0,356,1,195
경상북도,경산시,남부동,남부동제3투,3391,2374,500,1704,139,18,1,2362,12,1017
경상북도,경산시,남부동,남부동제4투,3222,2453,492,1792,134,21,2,2441,12,769
경상북도,경산시,남부동,남부동제5투,2402,1688,335,1231,106,9,2,1683,5,714
경상북도,경산시,북부동,관내사전투표,2110,2110,850,950,270,20,0,2090,20,0
경상북도,경산시,북부동,북부동제1투,3347,2625,511,1918,172,14,1,2616,9,722
경상북도,경산시,북부동,북부동제2투,3058,1576,253,1170,129,13,3,1568,8,1482
경상북도,경산시,북부동,북부동제3투,4897,2930,446,2065,371,20,4,2906,24,1967
경상북도,경산시,중방동,관내사전투표,2491,2491,974,1295,186,19,1,2475,16,0
경상북도,경산시,중방동,중방동제1투,2531,1777,282,1359,120,11,2,1774,3,754
경상북도,경산시,중방동,중방동제2투,1580,1046,143,845,39,9,1,1037,9,534
경상북도,경산시,중방동,중방동제3투,2824,2277,353,1739,161,19,1,2273,4,547
경상북도,청도군,거소·선상투표,,144,137,38,74,17,3,1,133,4,7
경상북도,청도군,관외사전투표,,4107,4107,1249,2470,316,36,4,4075,32,0
경상북도,청도군,재외투표,,254,148,77,59,10,1,0,147,1,106
경상북도,청도군,청도읍,관내사전투표,2614,2614,844,1573,159,12,2,2590,24,0
경상북도,청도군,청도읍,청도읍제1투,2044,1323,193,1057,54,9,3,1316,7,721
경상북도,청도군,청도읍,청도읍제2투,2180,1386,213,1110,48,6,1,1378,8,794
경상북도,청도군,청도읍,청도읍제3투,716,530,63,456,4,2,0,525,5,186
경상북도,청도군,청도읍,청도읍제4투,1079,791,98,662,21,4,2,787,4,288
경상북도,청도군,청도읍,청도읍제5투,1080,806,98,680,15,5,1,799,7,274
경상북도,청도군,화양읍,관내사전투표,1312,1312,427,794,71,9,1,1302,10,0
경상북도,청도군,화양읍,화양읍제1투,1521,1050,99,885,38,12,3,1037,13,471
경상북도,청도군,화양읍,화양읍제2투,2226,1523,260,1155,87,7,4,1513,10,703
경상북도,청도군,화양읍,화양읍제3투,759,573,75,485,8,0,2,570,3,186
경상북도,청도군,각남면,관내사전투표,576,576,140,400,26,4,1,571,5,0
경상북도,청도군,각남면,각남면제1투,786,556,53,483,16,2,1,555,1,230
경상북도,청도군,각남면,각남면제2투,415,296,32,249,11,0,1,293,3,119
경상북도,청도군,풍각면,관내사전투표,1184,1184,306,822,44,5,0,1177,7,0
경상북도,청도군,풍각면,풍각면제1투,1639,1116,133,944,26,9,1,1113,3,523
경상북도,청도군,풍각면,풍각면제2투,507,347,28,304,9,0,1,342,5,160
경상북도,청도군,각북면,관내사전투표,562,562,110,426,17,2,1,556,6,0
경상북도,청도군,각북면,각북면투표소,1242,824,75,720,23,1,1,820,4,418
경상북도,청도군,이서면,관내사전투표,905,904,285,568,39,5,0,897,7,1
경상북도,청도군,이서면,이서면제1투,1744,1224,129,1041,37,5,1,1213,11,520
경상북도,청도군,이서면,이서면제2투,943,695,73,596,17,3,1,690,5,248
경상북도,청도군,운문면,관내사전투표,431,431,125,277,20,4,0,426,5,0
경상북도,청도군,운문면,운문면제1투,344,249,18,223,4,0,0,245,4,95
경상북도,청도군,운문면,운문면제2투,424,313,41,264,8,0,0,313,0,111
경상북도,청도군,운문면,운문면제3투,421,307,39,255,6,3,0,303,4,114
경상북도,청도군,금천면,관내사전투표,777,777,207,529,29,4,2,771,6,0
경상북도,청도군,금천면,금천면제1투,648,443,42,386,12,0,0,440,3,205
경상북도,청도군,금천면,금천면제2투,496,356,35,305,12,0,0,352,4,140
경상북도,청도군,금천면,금천면제3투,736,533,61,453,9,3,0,526,7,203
경상북도,청도군,매전면,관내사전투표,609,609,187,382,26,2,0,597,12,0
경상북도,청도군,매전면,매전면제1투,555,391,31,345,11,0,1,388,3,164
경상북도,청도군,매전면,매전면제2투,576,420,54,353,7,2,0,416,4,156
경상북도,청도군,매전면,매전면제3투,381,254,33,209,5,2,1,250,4,127
경상북도,청도군,매전면,매전면제4투,833,577,74,486,11,2,0,573,4,256
경상북도,고령군,거소·선상투표,,153,139,42,65,11,4,2,124,15,14
경상북도,고령군,관외사전투표,,2677,2677,705,1686,239,25,3,2658,19,0
경상북도,고령군,재외투표,,192,95,42,36,10,5,0,93,2,97
경상북도,고령군,대가야읍,관내사전투표,2426,2426,699,1559,128,16,4,2406,20,0
경상북도,고령군,대가야읍,대가야읍제1투,1179,765,87,629,43,1,2,762,3,414
경상북도,고령군,대가야읍,대가야읍제2투,438,312,47,255,3,1,0,306,6,126
경상북도,고령군,대가야읍,대가야읍제3투,1616,1000,139,826,28,1,1,995,5,616
경상북도,고령군,대가야읍,대가야읍제4투,285,190,21,162,5,0,0,188,2,95
경상북도,고령군,대가야읍,대가야읍제5투,1841,1235,170,1006,51,3,2,1232,3,606
경상북도,고령군,덕곡면,관내사전투표,280,280,72,189,11,2,0,274,6,0
경상북도,고령군,덕곡면,덕곡면제1투,527,389,29,343,14,1,0,387,2,138
경상북도,고령군,덕곡면,덕곡면제2투,385,281,23,247,9,1,0,280,1,104
경상북도,고령군,운수면,관내사전투표,352,352,100,230,12,4,1,347,5,0
경상북도,고령군,운수면,운수면제1투,828,579,53,501,12,2,1,569,10,249
경상북도,고령군,운수면,운수면제2투,311,234,20,204,3,1,0,228,6,77
경상북도,고령군,성산면,관내사전투표,543,543,123,386,20,5,0,534,9,0
경상북도,고령군,성산면,성산면제1투,951,662,56,573,24,0,4,657,5,289
경상북도,고령군,성산면,성산면제2투,558,388,31,346,8,1,0,386,2,170
경상북도,고령군,다산면,관내사전투표,1646,1646,556,992,72,9,1,1630,16,0
경상북도,고령군,다산면,다산면제1투,2030,1497,211,1201,70,7,0,1489,8,533
경상북도,고령군,다산면,다산면제2투,2511,1799,278,1410,80,19,3,1790,9,712
경상북도,고령군,다산면,다산면제3투,716,518,29,477,12,0,0,518,0,198
경상북도,고령군,개진면,관내사전투표,293,293,65,212,12,1,0,290,3,0
경상북도,고령군,개진면,개진면제1투,508,360,39,306,8,4,0,357,3,148
경상북도,고령군,개진면,개진면제2투,656,485,63,399,15,4,0,481,4,171
경상북도,고령군,우곡면,관내사전투표,267,267,61,178,19,2,1,261,6,0
경상북도,고령군,우곡면,우곡면제1투,344,243,35,200,6,1,0,242,1,101
경상북도,고령군,우곡면,우곡면제2투,624,460,49,395,7,3,1,455,5,164
경상북도,고령군,쌍림면,관내사전투표,608,608,140,434,28,1,1,604,4,0
경상북도,고령군,쌍림면,쌍림면제1투,671,467,51,393,14,1,1,460,7,204
경상북도,고령군,쌍림면,쌍림면제2투,588,427,42,369,6,0,0,417,10,161
경상북도,고령군,쌍림면,쌍림면제3투,764,546,52,475,10,1,1,539,7,218
경상북도,성주군,거소·선상투표,,142,138,28,87,13,3,1,132,6,4
경상북도,성주군,관외사전투표,,3956,3956,1045,2519,336,27,6,3933,23,0
경상북도,성주군,재외투표,,224,112,63,35,11,2,0,111,1,112
경상북도,성주군,성주읍,관내사전투표,3582,3582,1140,2178,200,34,2,3554,28,0
경상북도,성주군,성주읍,성주읍제1투,1203,830,82,718,21,4,2,827,3,373
경상북도,성주군,성주읍,성주읍제2투,1747,1069,150,867,40,3,2,1062,7,678
경상북도,성주군,성주읍,성주읍제3투,2473,1678,300,1263,93,8,0,1664,14,795
경상북도,성주군,성주읍,성주읍제4투,1497,1092,170,859,47,9,1,1086,6,405
경상북도,성주군,선남면,관내사전투표,1836,1836,329,1411,69,4,4,1817,19,0
경상북도,성주군,선남면,선남면제1투,1506,1040,86,902,37,5,1,1031,9,466
경상북도,성주군,선남면,선남면제2투,1597,1130,94,994,32,1,1,1122,8,467
경상북도,성주군,용암면,관내사전투표,1041,1041,196,799,33,6,1,1035,6,0
경상북도,성주군,용암면,용암면제1투,861,628,59,529,31,2,1,622,6,233
경상북도,성주군,용암면,용암면제2투,922,641,60,553,25,1,0,639,2,281
경상북도,성주군,수륜면,관내사전투표,780,780,177,562,25,3,1,768,12,0
경상북도,성주군,수륜면,수륜면제1투,1009,715,68,623,15,1,0,707,8,294
경상북도,성주군,수륜면,수륜면제2투,612,463,48,392,14,3,1,458,5,149
경상북도,성주군,가천면,관내사전투표,644,644,172,435,19,8,3,637,7,0
경상북도,성주군,가천면,가천면투표소,994,693,69,611,11,0,0,691,2,301
경상북도,성주군,금수강산면,관내사전투표,431,431,95,303,20,2,1,421,10,0
경상북도,성주군,금수강산면,금수강산면투표소,463,331,44,269,13,1,2,329,2,132
경상북도,성주군,대가면,관내사전투표,865,865,234,574,39,6,1,854,11,0
경상북도,성주군,대가면,대가면투표소,1142,823,103,688,24,3,0,818,5,319
경상북도,성주군,벽진면,관내사전투표,1109,1109,218,828,40,7,0,1093,16,0
경상북도,성주군,벽진면,벽진면투표소,1364,987,135,808,29,5,2,979,8,377
경상북도,성주군,초전면,관내사전투표,1323,1323,316,929,58,9,2,1314,9,0
경상북도,성주군,초전면,초전면제1투,1278,873,111,728,26,1,0,866,7,405
경상북도,성주군,초전면,초전면제2투,1077,758,92,631,24,5,1,753,5,319
경상북도,성주군,월항면,관내사전투표,897,897,182,668,36,4,0,890,7,0
경상북도,성주군,월항면,월항면제1투,1015,720,79,607,24,1,1,712,8,295
경상북도,성주군,월항면,월항면제2투,646,462,44,405,11,2,0,462,0,184
경상북도,칠곡군,거소·선상투표,,158,153,27,88,32,0,1,148,5,5
경상북도,칠곡군,관외사전투표,,7137,7137,2403,3670,894,68,20,7055,82,0
경상북도,칠곡군,재외투표,,329,208,123,58,17,3,0,201,7,121
경상북도,칠곡군,왜관읍,관내사전투표,5241,5241,1936,2892,337,42,6,5213,28,0
경상북도,칠곡군,왜관읍,왜관읍제1투,3027,2186,310,1735,111,15,2,2173,13,841
경상북도,칠곡군,왜관읍,왜관읍제2투,1699,1180,148,973,46,8,1,1176,4,519
경상북도,칠곡군,왜관읍,왜관읍제3투,924,557,81,435,32,3,2,553,4,367
경상북도,칠곡군,왜관읍,왜관읍제4투,3175,2089,418,1526,118,16,0,2078,11,1086
경상북도,칠곡군,왜관읍,왜관읍제5투,1736,1210,259,856,79,5,3,1202,8,526
경상북도,칠곡군,왜관읍,왜관읍제6투,1825,1324,253,979,73,7,2,1314,10,501
경상북도,칠곡군,왜관읍,왜관읍제7투,1445,993,162,783,38,6,1,990,3,452
경상북도,칠곡군,왜관읍,왜관읍제8투,2775,1849,365,1355,105,15,0,1840,9,926
경상북도,칠곡군,왜관읍,왜관읍제9투,2428,1778,407,1239,108,15,1,1770,8,650
경상북도,칠곡군,북삼읍,관내사전투표,3904,3904,1560,2007,254,41,7,3869,35,0
경상북도,칠곡군,북삼읍,북삼읍제1투,2077,1338,263,973,86,7,1,1330,8,739
경상북도,칠곡군,북삼읍,북삼읍제2투,1234,828,84,703,31,3,1,822,6,406
경상북도,칠곡군,북삼읍,북삼읍제3투,2468,1490,321,1059,90,9,3,1482,8,978
경상북도,칠곡군,북삼읍,북삼읍제4투,3693,2424,505,1745,138,17,1,2406,18,1269
경상북도,칠곡군,북삼읍,북삼읍제5투,1995,1331,190,1065,61,6,3,1325,6,664
경상북도,칠곡군,북삼읍,북삼읍제6투,2585,1825,470,1222,103,17,2,1814,11,760
경상북도,칠곡군,석적읍,관내사전투표,3959,3959,2114,1400,389,30,3,3936,23,0
경상북도,칠곡군,석적읍,석적읍제1투,2910,1921,545,1181,156,14,4,1900,21,989
경상북도,칠곡군,석적읍,석적읍제2투,1894,844,217,542,73,3,1,836,8,1050
경상북도,칠곡군,석적읍,석적읍제3투,3743,2328,773,1327,174,25,6,2305,23,1415
경상북도,칠곡군,석적읍,석적읍제4투,3542,2565,767,1544,211,29,3,2554,11,977
경상북도,칠곡군,석적읍,석적읍제5투,467,338,41,285,9,0,0,335,3,129
경상북도,칠곡군,석적읍,석적읍제6투,2410,1022,273,656,78,8,0,1015,7,1388
경상북도,칠곡군,석적읍,석적읍제7투,2878,1758,572,986,166,22,2,1748,10,1120
경상북도,칠곡군,지천면,관내사전투표,851,851,213,582,51,2,0,848,3,0
경상북도,칠곡군,지천면,지천면제1투,1733,1175,102,1016,49,4,1,1172,3,558
경상북도,칠곡군,지천면,지천면제2투,719,515,42,459,8,1,1,511,4,204
경상북도,칠곡군,동명면,관내사전투표,942,942,231,659,35,7,1,933,9,0
경상북도,칠곡군,동명면,동명면제1투,970,675,70,580,18,6,0,674,1,295
경상북도,칠곡군,동명면,동명면제2투,1087,770,79,656,27,2,1,765,5,317
경상북도,칠곡군,동명면,동명면제3투,1367,1011,94,880,26,4,1,1005,6,356
경상북도,칠곡군,가산면,관내사전투표,522,522,136,347,23,8,2,516,6,0
경상북도,칠곡군,가산면,가산면제1투,1121,798,74,694,16,6,0,790,8,323
경상북도,칠곡군,가산면,가산면제2투,610,439,53,361,18,3,2,437,2,171
경상북도,칠곡군,가산면,가산면제3투,326,238,17,216,4,0,0,237,1,88
경상북도,칠곡군,약목면,관내사전투표,1689,1689,458,1130,85,6,1,1680,9,0
경상북도,칠곡군,약목면,약목면제1투,1612,1142,119,977,34,2,2,1134,8,470
경상북도,칠곡군,약목면,약목면제2투,1797,1199,160,976,51,7,0,1194,5,598
경상북도,칠곡군,약목면,약목면제3투,868,585,71,490,15,2,0,578,7,283
경상북도,칠곡군,약목면,약목면제4투,1465,911,178,690,29,10,0,907,4,554
경상북도,칠곡군,기산면,관내사전투표,1126,1126,359,667,66,8,5,1105,21,0
경상북도,칠곡군,기산면,기산면제1투,1447,1045,167,829,36,6,1,1039,6,402
경상북도,칠곡군,기산면,기산면제2투,324,241,36,196,5,0,3,240,1,83
경상북도,의성군,거소·선상투표,,216,192,42,123,17,2,1,185,7,24
경상북도,의성군,관외사전투표,,4311,4310,1137,2743,355,32,4,4271,39,1
경상북도,의성군,재외투표,,510,246,115,110,13,7,0,245,1,264
경상북도,의성군,의성읍,관내사전투표,3146,3146,928,1965,190,25,3,3111,35,0
경상북도,의성군,의성읍,의성읍제1투,1004,703,85,601,12,3,0,701,2,301
경상북도,의성군,의성읍,의성읍제2투,2117,1354,211,1079,43,10,0,1343,11,763
경상북도,의성군,의성읍,의성읍제3투,1996,1355,232,1069,35,6,0,1342,13,641
경상북도,의성군,의성읍,의성읍제4투,1661,1169,131,998,27,4,1,1161,8,492
경상북도,의성군,단촌면,관내사전투표,652,652,146,469,25,6,1,647,5,0
경상북도,의성군,단촌면,단촌면투표소,986,672,76,572,13,5,1,667,5,314
경상북도,의성군,점곡면,관내사전투표,414,414,140,251,15,4,1,411,3,0
경상북도,의성군,점곡면,점곡면투표소,908,657,85,552,10,3,0,650,7,251
경상북도,의성군,옥산면,관내사전투표,455,455,113,321,18,1,0,453,2,0
경상북도,의성군,옥산면,옥산면투표소,969,709,93,603,6,0,1,703,6,260
경상북도,의성군,사곡면,관내사전투표,589,589,113,452,16,2,0,583,6,0
경상북도,의성군,사곡면,사곡면투표소,764,512,56,435,13,1,2,507,5,252
경상북도,의성군,춘산면,관내사전투표,287,287,70,204,12,0,0,286,1,0
경상북도,의성군,춘산면,춘산면투표소,887,664,74,569,13,2,1,659,5,223
경상북도,의성군,가음면,관내사전투표,532,532,97,410,19,2,0,528,4,0
경상북도,의성군,가음면,가음면투표소,746,531,58,447,14,5,2,526,5,215
경상북도,의성군,금성면,관내사전투표,1338,1338,272,978,53,16,3,1322,16,0
경상북도,의성군,금성면,금성면투표소,2212,1471,136,1273,43,7,0,1459,12,741
경상북도,의성군,봉양면,관내사전투표,1016,1016,232,716,55,3,1,1007,9,0
경상북도,의성군,봉양면,봉양면투표소,2204,1546,145,1335,48,12,1,1541,5,658
경상북도,의성군,비안면,관내사전투표,583,583,127,432,18,2,0,579,4,0
경상북도,의성군,비안면,비안면투표소,1422,966,95,833,26,5,1,960,6,456
경상북도,의성군,구천면,관내사전투표,454,454,94,333,20,1,1,449,5,0
경상북도,의성군,구천면,구천면투표소,965,689,76,587,17,2,1,683,6,276
경상북도,의성군,단밀면,관내사전투표,443,443,93,320,21,6,0,440,3,0
경상북도,의성군,단밀면,단밀면투표소,844,574,60,489,18,3,1,571,3,270
경상북도,의성군,단북면,관내사전투표,517,517,81,417,10,3,0,511,6,0
경상북도,의성군,단북면,단북면투표소,911,658,75,562,12,1,1,651,7,253
경상북도,의성군,안계면,관내사전투표,1318,1318,330,902,63,7,5,1307,11,0
경상북도,의성군,안계면,안계면투표소,2334,1683,160,1463,44,6,0,1673,10,651
경상북도,의성군,다인면,관내사전투표,980,980,228,704,32,5,2,971,9,0
경상북도,의성군,다인면,다인면투표소,1948,1342,139,1158,29,5,2,1333,9,606
경상북도,의성군,신평면,관내사전투표,351,351,70,265,5,4,0,344,7,0
경상북도,의성군,신평면,신평면투표소,320,212,24,180,3,0,1,208,4,108
경상북도,의성군,안평면,관내사전투표,606,606,121,456,20,3,1,601,5,0
경상북도,의성군,안평면,안평면투표소,1095,777,70,676,13,5,2,766,11,318
경상북도,의성군,안사면,관내사전투표,279,279,57,204,13,2,1,277,2,0
경상북도,의성군,안사면,안사면투표소,443,324,38,266,13,2,0,319,5,119
경상북도,청송군,거소·선상투표,,98,95,14,69,5,0,1,89,6,3
경상북도,청송군,관외사전투표,,1796,1796,527,1050,178,25,2,1782,14,0
경상북도,청송군,재외투표,,118,69,35,29,3,1,0,68,1,49
경상북도,청송군,청송읍,관내사전투표,1592,1592,514,946,94,25,0,1579,13,0
경상북도,청송군,청송읍,청송읍제1투,814,575,67,486,16,1,0,570,5,239
경상북도,청송군,청송읍,청송읍제2투,485,352,42,290,11,1,1,345,7,133
경상북도,청송군,청송읍,청송읍제3투,849,639,84,524,23,3,2,636,3,210
경상북도,청송군,청송읍,청송읍제4투,490,354,65,273,7,4,0,349,5,136
경상북도,청송군,주왕산면,관내사전투표,342,342,78,255,7,1,1,342,0,0
경상북도,청송군,주왕산면,주왕산면제1투,567,396,33,347,11,1,0,392,4,171
경상북도,청송군,주왕산면,주왕산면제2투,512,391,84,285,13,1,0,383,8,121
경상북도,청송군,부남면,관내사전투표,704,704,197,464,32,3,0,696,8,0
경상북도,청송군,부남면,부남면제1투,650,473,61,399,9,2,0,471,2,177
경상북도,청송군,부남면,부남면제2투,763,585,72,488,10,8,1,579,6,178
경상북도,청송군,현동면,관내사전투표,595,595,139,415,35,3,0,592,3,0
경상북도,청송군,현동면,현동면투표소,1136,837,85,717,30,0,0,832,5,299
경상북도,청송군,현서면,관내사전투표,687,687,193,450,31,6,1,681,6,0
경상북도,청송군,현서면,현서면제1투,944,711,99,589,14,3,1,706,5,233
경상북도,청송군,현서면,현서면제2투,400,314,38,265,4,2,0,309,5,86
경상북도,청송군,안덕면,관내사전투표,640,640,162,449,21,1,0,633,7,0
경상북도,청송군,안덕면,안덕면제1투,1007,702,86,594,17,2,1,700,2,305
경상북도,청송군,안덕면,안덕면제2투,366,279,19,254,3,0,1,277,2,87
경상북도,청송군,파천면,관내사전투표,359,359,108,231,14,2,0,355,4,0
경상북도,청송군,파천면,파천면제1투,576,420,47,356,11,1,0,415,5,156
경상북도,청송군,파천면,파천면제2투,450,339,53,269,10,0,1,333,6,111
경상북도,청송군,진보면,관내사전투표,1615,1615,525,957,104,14,2,1602,13,0
경상북도,청송군,진보면,진보면제1투,1668,1116,167,870,52,10,3,1102,14,552
경상북도,청송군,진보면,진보면제2투,1223,829,136,656,26,2,1,821,8,394
경상북도,청송군,진보면,진보면제3투,624,444,59,371,6,3,0,439,5,180
경상북도,영덕군,거소·선상투표,,107,99,22,61,6,1,2,92,7,8
경상북도,영덕군,관외사전투표,,2215,2215,616,1348,212,20,3,2199,16,0
경상북도,영덕군,재외투표,,124,79,46,27,4,2,0,79,0,45
경상북도,영덕군,영덕읍,관내사전투표,3281,3281,921,2116,185,29,2,3253,28,0
경상북도,영덕군,영덕읍,영덕읍제1투,2304,1595,207,1280,82,15,2,1586,9,709
경상북도,영덕군,영덕읍,영덕읍제2투,2119,1425,171,1196,43,8,1,1419,6,694
경상북도,영덕군,영덕읍,영덕읍제3투,727,516,52,448,6,0,1,507,9,211
경상북도,영덕군,강구면,관내사전투표,1446,1446,298,1067,50,11,1,1427,19,0
경상북도,영덕군,강구면,강구면제1투,2226,1413,169,1203,26,5,1,1404,9,813
경상북도,영덕군,강구면,강구면제2투,1142,789,76,698,11,2,1,788,1,353
경상북도,영덕군,남정면,관내사전투표,628,628,120,474,25,3,1,623,5,0
경상북도,영덕군,남정면,남정면제1투,840,543,46,469,18,3,0,536,7,297
경상북도,영덕군,남정면,남정면제2투,406,295,31,257,4,2,0,294,1,111
경상북도,영덕군,달산면,관내사전투표,337,337,67,250,16,2,1,336,1,0
경상북도,영덕군,달산면,달산면투표소,583,392,43,340,4,0,0,387,5,191
경상북도,영덕군,지품면,관내사전투표,376,376,86,262,19,1,0,368,8,0
경상북도,영덕군,지품면,지품면제1투,770,563,69,475,11,2,0,557,6,207
경상북도,영덕군,지품면,지품면제2투,375,282,56,219,5,1,1,282,0,93
경상북도,영덕군,축산면,관내사전투표,893,893,152,710,16,6,1,885,8,0
경상북도,영덕군,축산면,축산면투표소,1142,703,80,600,12,5,0,697,6,439
경상북도,영덕군,영해면,관내사전투표,1697,1697,418,1166,85,12,2,1683,14,0
경상북도,영덕군,영해면,영해면제1투,1735,1167,149,978,26,2,1,1156,11,568
경상북도,영덕군,영해면,영해면제2투,1659,1104,115,941,31,5,1,1093,11,555
경상북도,영덕군,병곡면,관내사전투표,701,701,135,532,22,3,0,692,9,0
경상북도,영덕군,병곡면,병곡면투표소,1402,931,86,799,24,7,0,916,15,471
경상북도,영덕군,창수면,관내사전투표,453,453,111,312,19,6,0,448,5,0
경상북도,영덕군,창수면,창수면제1투,516,362,31,324,4,0,0,359,3,154
경상북도,영덕군,창수면,창수면제2투,375,273,34,228,6,2,0,270,3,102
경상북도,봉화군,거소·선상투표,,66,63,17,36,7,0,0,60,3,3
경상북도,봉화군,관외사전투표,,2290,2289,851,1176,213,24,4,2268,21,1
경상북도,봉화군,재외투표,,84,61,42,13,3,2,0,60,1,23
경상북도,봉화군,봉화읍,관내사전투표,2625,2625,931,1515,135,25,2,2608,17,0
경상북도,봉화군,봉화읍,봉화읍제1투,1492,971,189,732,41,2,3,967,4,521
경상북도,봉화군,봉화읍,봉화읍제2투,1169,762,109,624,24,1,1,759,3,407
경상북도,봉화군,봉화읍,봉화읍제3투,1272,852,129,677,38,6,0,850,2,420
경상북도,봉화군,봉화읍,봉화읍제4투,881,650,114,511,19,2,0,646,4,231
경상북도,봉화군,물야면,관내사전투표,646,646,222,392,19,3,0,636,10,0
경상북도,봉화군,물야면,물야면투표소,1645,1150,165,943,25,4,2,1139,11,495
경상북도,봉화군,봉성면,관내사전투표,569,569,142,400,18,3,1,564,5,0
경상북도,봉화군,봉성면,봉성면투표소,1038,683,86,570,19,1,0,676,7,355
경상북도,봉화군,법전면,관내사전투표,481,481,151,312,14,0,0,477,4,0
경상북도,봉화군,법전면,법전면투표소,1098,724,105,577,26,4,1,713,11,374
경상북도,봉화군,춘양면,관내사전투표,1186,1186,377,729,51,13,2,1172,14,0
경상북도,봉화군,춘양면,춘양면제1투,1728,1244,181,995,49,7,1,1233,11,484
경상북도,봉화군,춘양면,춘양면제2투,776,569,89,459,13,2,0,563,6,207
경상북도,봉화군,소천면,관내사전투표,574,574,203,334,25,5,1,568,6,0
경상북도,봉화군,소천면,소천면제1투,811,530,57,448,18,2,1,526,4,281
경상북도,봉화군,소천면,소천면제2투,366,276,46,220,4,3,0,273,3,90
경상북도,봉화군,석포면,관내사전투표,578,578,238,305,27,4,0,574,4,0
경상북도,봉화군,석포면,석포면투표소,849,485,95,366,19,3,0,483,2,364
경상북도,봉화군,재산면,관내사전투표,364,364,129,215,9,4,2,359,5,0
경상북도,봉화군,재산면,재산면투표소,810,519,108,384,14,6,1,513,6,291
경상북도,봉화군,명호면,관내사전투표,431,431,151,259,13,5,1,429,2,0
경상북도,봉화군,명호면,명호면투표소,1163,820,126,663,19,2,0,810,10,343
경상북도,봉화군,상운면,관내사전투표,523,523,119,374,12,5,0,510,13,0
경상북도,봉화군,상운면,상운면투표소,897,585,76,490,14,2,1,583,2,312
경상북도,울진군,거소·선상투표,,169,151,28,105,9,1,1,144,7,18
경상북도,울진군,관외사전투표,,2989,2988,946,1589,391,26,3,2955,33,1
경상북도,울진군,재외투표,,110,68,43,16,9,0,0,68,0,42
경상북도,울진군,울진읍,관내사전투표,3344,3344,1231,1844,219,22,2,3318,26,0
경상북도,울진군,울진읍,울진읍제1투,1515,1011,166,792,41,6,2,1007,4,504
경상북도,울진군,울진읍,울진읍제2투,1772,1179,215,899,53,10,0,1177,2,593
경상북도,울진군,울진읍,울진읍제3투,2349,1661,272,1308,68,7,2,1657,4,688
경상북도,울진군,울진읍,울진읍제4투,1500,1057,181,825,40,6,0,1052,5,443
경상북도,울진군,평해읍,관내사전투표,926,926,195,669,35,7,5,911,15,0
경상북도,울진군,평해읍,평해읍투표소,1376,867,92,733,29,3,2,859,8,509
경상북도,울진군,북면,관내사전투표,2074,2074,721,1092,221,23,0,2057,17,0
경상북도,울진군,북면,북면제1투,1970,1247,179,1002,52,1,1,1235,12,723
경상북도,울진군,북면,북면제2투,1672,1268,260,816,161,18,2,1257,11,404
경상북도,울진군,금강송면,관내사전투표,339,339,108,214,10,1,0,333,6,0
경상북도,울진군,금강송면,금강송면투표소,717,465,52,402,6,0,1,461,4,252
경상북도,울진군,근남면,관내사전투표,1013,1013,315,638,43,5,1,1002,11,0
경상북도,울진군,근남면,근남면투표소,1497,990,124,827,27,2,0,980,10,507
경상북도,울진군,매화면,관내사전투표,651,651,186,428,28,0,1,643,8,0
경상북도,울진군,매화면,매화면투표소,1056,678,80,574,11,3,0,668,10,378
경상북도,울진군,기성면,관내사전투표,767,767,191,524,41,1,2,759,8,0
경상북도,울진군,기성면,기성면투표소,1227,743,83,623,23,2,2,733,10,484
경상북도,울진군,온정면,관내사전투표,410,410,81,312,10,2,0,405,5,0
경상북도,울진군,온정면,온정면투표소,941,676,60,589,18,3,1,671,5,265
경상북도,울진군,죽변면,관내사전투표,1586,1586,451,1025,82,13,1,1572,14,0
경상북도,울진군,죽변면,죽변면제1투,1414,860,85,744,17,4,0,850,10,554
경상북도,울진군,죽변면,죽변면제2투,2138,1381,208,1103,52,10,1,1374,7,757
경상북도,울진군,후포면,관내사전투표,1662,1662,447,1124,70,8,3,1652,10,0
경상북도,울진군,후포면,후포면제1투,942,679,65,592,14,2,0,673,6,263
경상북도,울진군,후포면,후포면제2투,1601,1059,133,883,35,1,1,1053,6,542
경상북도,울진군,후포면,후포면제3투,1635,1030,129,837,44,10,1,1021,9,605
경상남도,진주시,거소·선상투표,,629,589,170,314,75,3,0,562,27,40
경상남도,진주시,관외사전투표,,19240,19238,8707,6920,3083,238,46,18994,244,2
경상남도,진주시,재외투표,,1286,859,515,233,86,13,0,847,12,427
경상남도,진주시,문산읍,관내사전투표,2596,2596,1335,981,231,27,5,2579,17,0
경상남도,진주시,문산읍,문산읍제1투,2315,1465,340,1038,67,10,1,1456,9,850
경상남도,진주시,문산읍,문산읍제2투,2212,1561,391,1054,78,9,1,1533,28,651
경상남도,진주시,내동면,관내사전투표,1529,1529,766,608,128,15,0,1517,12,0
경상남도,진주시,내동면,내동면투표소,2018,1474,386,984,85,8,1,1464,10,544
경상남도,진주시,정촌면,관내사전투표,2429,2429,1197,987,193,32,1,2410,19,0
경상남도,진주시,정촌면,정촌면제1투,1352,938,159,741,25,7,0,932,6,414
경상남도,진주시,정촌면,정촌면제2투,3294,2337,749,1319,230,22,0,2320,17,957
경상남도,진주시,금곡면,관내사전투표,593,593,250,292,34,11,0,587,6,0
경상남도,진주시,금곡면,금곡면투표소,1300,874,139,695,27,2,0,863,11,426
경상남도,진주시,진성면,관내사전투표,779,779,355,330,75,10,0,770,9,0
경상남도,진주시,진성면,진성면투표소,1105,720,131,554,21,6,1,713,7,385
경상남도,진주시,일반성면,관내사전투표,1023,1023,431,527,47,6,1,1012,11,0
경상남도,진주시,일반성면,일반성면투표소,1412,930,202,683,27,5,3,920,10,482
경상남도,진주시,이반성면,관내사전투표,424,424,185,202,23,8,1,419,5,0
경상남도,진주시,이반성면,이반성면투표소,909,623,135,453,19,5,1,613,10,286
경상남도,진주시,사봉면,관내사전투표,607,607,268,276,53,3,0,600,7,0
경상남도,진주시,사봉면,사봉면투표소,735,489,105,356,21,1,0,483,6,246
경상남도,진주시,지수면,관내사전투표,464,464,228,206,21,4,1,460,4,0
경상남도,진주시,지수면,지수면투표소,767,463,99,333,20,4,1,457,6,304
경상남도,진주시,대곡면,관내사전투표,1009,1009,417,525,49,7,0,998,11,0
경상남도,진주시,대곡면,대곡면투표소,1849,1166,200,902,46,8,1,1157,9,683
경상남도,진주시,금산면,관내사전투표,3955,3955,2182,1452,255,35,2,3926,29,0
경상남도,진주시,금산면,금산면제1투,2300,1561,386,1076,72,14,1,1549,12,739
경상남도,진주시,금산면,금산면제2투,3021,2079,580,1335,131,18,1,2065,14,942
경상남도,진주시,금산면,금산면제3투,2002,1443,400,925,84,18,4,1431,12,559
경상남도,진주시,금산면,금산면제4투,2871,2112,685,1212,172,25,2,2096,16,759
경상남도,진주시,집현면,관내사전투표,1162,1162,437,628,67,13,2,1147,15,0
경상남도,진주시,집현면,집현면투표소,2391,1519,306,1115,67,13,2,1503,16,872
경상남도,진주시,미천면,관내사전투표,320,320,102,195,15,2,0,314,6,0
경상남도,진주시,미천면,미천면투표소,915,581,99,454,12,5,1,571,10,334
경상남도,진주시,명석면,관내사전투표,1226,1226,472,674,59,7,1,1213,13,0
경상남도,진주시,명석면,명석면투표소,2223,1442,212,1160,58,7,0,1437,5,781
경상남도,진주시,대평면,관내사전투표,366,366,114,224,19,3,1,361,5,0
경상남도,진주시,대평면,대평면투표소,495,330,56,259,10,1,1,327,3,165
경상남도,진주시,수곡면,관내사전투표,612,612,286,281,34,1,2,604,8,0
경상남도,진주시,수곡면,수곡면투표소,1298,860,160,663,23,3,0,849,11,438
경상남도,진주시,천전동,관내사전투표,5439,5439,2441,2389,524,36,9,5399,40,0
경상남도,진주시,천전동,천전동제1투,1280,898,159,692,36,6,1,894,4,382
경상남도,진주시,천전동,천전동제2투,2360,1545,352,966,186,13,4,1521,24,815
경상남도,진주시,천전동,천전동제3투,1741,1241,277,859,88,5,3,1232,9,500
경상남도,진주시,천전동,천전동제4투,1752,1326,363,816,122,8,3,1312,14,426
경상남도,진주시,천전동,천전동제5투,3131,2142,432,1552,126,11,0,2121,21,989
경상남도,진주시,천전동,천전동제6투,2206,1499,312,1069,88,15,0,1484,15,707
경상남도,진주시,천전동,천전동제7투,2083,1653,405,1102,128,8,1,1644,9,430
경상남도,진주시,천전동,천전동제8투,2195,1760,534,1039,149,20,2,1744,16,435
경상남도,진주시,성북동,관내사전투표,2593,2593,1141,1181,213,24,2,2561,32,0
경상남도,진주시,성북동,성북동제1투,2996,1842,328,1405,72,16,4,1825,17,1154
경상남도,진주시,성북동,성북동제2투,3226,1920,348,1457,92,9,5,1911,9,1306
경상남도,진주시,중앙동,관내사전투표,1875,1875,635,1122,92,9,2,1860,15,0
경상남도,진주시,중앙동,중앙동제1투,1987,1322,194,1075,36,5,1,1311,11,665
경상남도,진주시,중앙동,중앙동제2투,2034,1388,236,1088,45,11,0,1380,8,646
경상남도,진주시,중앙동,중앙동제3투,1320,799,121,641,25,1,1,789,10,521
경상남도,진주시,중앙동,중앙동제4투,1525,986,180,743,51,4,3,981,5,539
경상남도,진주시,상봉동,관내사전투표,3440,3440,1339,1860,180,27,6,3412,28,0
경상남도,진주시,상봉동,상봉동제1투,1609,985,171,754,46,8,2,981,4,624
경상남도,진주시,상봉동,상봉동제2투,1618,1003,187,757,41,5,0,990,13,615
경상남도,진주시,상봉동,상봉동제3투,2321,1542,252,1208,64,6,0,1530,12,779
경상남도,진주시,상봉동,상봉동제4투,2494,1617,358,1151,82,12,3,1606,11,877
경상남도,진주시,상대동,관내사전투표,4663,4663,2013,2159,370,62,4,4608,55,0
경상남도,진주시,상대동,상대동제1투,2293,1571,345,1094,106,9,2,1556,15,722
경상남도,진주시,상대동,상대동제2투,2204,1381,308,990,63,9,3,1373,8,823
경상남도,진주시,상대동,상대동제3투,2280,1422,253,1076,70,7,0,1406,16,858
경상남도,진주시,상대동,상대동제4투,2172,1430,295,1029,86,9,2,1421,9,742
경상남도,진주시,상대동,상대동제5투,2740,1987,386,1455,122,7,1,1971,16,753
경상남도,진주시,하대동,관내사전투표,4818,4818,2186,2213,332,38,3,4772,46,0
경상남도,진주시,하대동,하대동제1투,1890,1360,349,914,70,17,2,1352,8,530
경상남도,진주시,하대동,하대동제2투,2129,1395,286,991,92,12,1,1382,13,734
경상남도,진주시,하대동,하대동제3투,2449,1592,343,1117,100,18,0,1578,14,857
경상남도,진주시,하대동,하대동제4투,2225,1426,317,1008,79,14,2,1420,6,799
경상남도,진주시,하대동,하대동제5투,2841,1955,533,1284,107,14,2,1940,15,886
경상남도,진주시,하대동,하대동제6투,2419,1614,389,1084,113,16,2,1604,10,805
경상남도,진주시,상평동,관내사전투표,2947,2947,1376,1317,204,20,6,2923,24,0
경상남도,진주시,상평동,상평동제1투,3371,2300,552,1571,136,26,1,2286,14,1071
경상남도,진주시,상평동,상평동제2투,3023,2028,379,1535,92,7,2,2015,13,995
경상남도,진주시,초장동,관내사전투표,5156,5156,2674,1895,476,55,9,5109,47,0
경상남도,진주시,초장동,초장동제1투,2379,1596,343,1125,95,21,2,1586,10,783
경상남도,진주시,초장동,초장동제2투,2025,1488,351,991,121,15,1,1479,9,537
경상남도,진주시,초장동,초장동제3투,2333,1885,550,1135,163,21,0,1869,16,448
경상남도,진주시,초장동,초장동제4투,3323,2432,879,1303,188,36,4,2410,22,891
경상남도,진주시,초장동,초장동제5투,3653,2896,1133,1417,296,29,1,2876,20,757
경상남도,진주시,평거동,관내사전투표,4457,4457,2307,1731,334,46,6,4424,33,0
경상남도,진주시,평거동,평거동제1투,3462,2264,569,1494,160,23,2,2248,16,1198
경상남도,진주시,평거동,평거동제2투,2986,2225,632,1384,172,18,2,2208,17,761
경상남도,진주시,평거동,평거동제3투,2146,1558,398,1029,102,17,0,1546,12,588
경상남도,진주시,평거동,평거동제4투,2436,1698,451,1089,122,20,1,1683,15,738
경상남도,진주시,평거동,평거동제5투,2863,2064,516,1390,123,20,2,2051,13,799
경상남도,진주시,신안동,관내사전투표,3161,3161,1430,1403,279,24,4,3140,21,0
경상남도,진주시,신안동,신안동제1투,2731,2096,517,1410,137,19,2,2085,11,635
경상남도,진주시,신안동,신안동제2투,1994,1392,308,994,74,9,0,1385,7,602
경상남도,진주시,신안동,신안동제3투,1929,1338,255,970,89,8,3,1325,13,591
경상남도,진주시,이현동,관내사전투표,2217,2217,919,1133,126,24,4,2206,11,0
경상남도,진주시,이현동,이현동제1투,2401,1777,431,1206,118,13,2,1770,7,624
경상남도,진주시,이현동,이현동제2투,1838,1182,217,899,52,8,0,1176,6,656
경상남도,진주시,이현동,이현동제3투,1431,992,211,734,35,7,1,988,4,439
경상남도,진주시,판문동,관내사전투표,4052,4052,2220,1467,303,30,7,4027,25,0
경상남도,진주시,판문동,판문동제1투,2139,1445,341,1002,69,11,6,1429,16,694
경상남도,진주시,판문동,판문동제2투,2088,1437,345,1006,67,10,1,1429,8,651
경상남도,진주시,판문동,판문동제3투,1789,1206,364,744,78,14,0,1200,6,583
경상남도,진주시,판문동,판문동제4투,2429,1915,652,1070,154,28,3,1907,8,514
경상남도,진주시,판문동,판문동제5투,1733,1280,485,675,104,9,3,1276,4,453
경상남도,진주시,가호동,관내사전투표,6518,6518,3348,1963,1049,78,5,6443,75,0
경상남도,진주시,가호동,가호동제1투,3590,2698,823,1496,315,39,6,2679,19,892
경상남도,진주시,가호동,가호동제2투,4227,2732,606,1654,410,27,2,2699,33,1495
경상남도,진주시,가호동,가호동제3투,2961,2240,567,1450,164,30,2,2213,27,721
경상남도,진주시,가호동,가호동제4투,3670,2670,798,1486,317,38,4,2643,27,1000
경상남도,진주시,가호동,가호동제5투,2411,1808,525,1075,165,23,1,1789,19,603
경상남도,진주시,가호동,가호동제6투,3387,2655,993,1291,305,45,3,2637,18,732
경상남도,진주시,충무공동,관내사전투표,6255,6255,3674,1603,828,76,4,6185,70,0
경상남도,진주시,충무공동,충무공동제1투,3151,2412,881,1214,252,38,4,2389,23,739
경상남도,진주시,충무공동,충무공동제2투,3795,2916,1169,1406,289,33,2,2899,17,879
경상남도,진주시,충무공동,충무공동제3투,2782,2049,709,1068,235,13,2,2027,22,733
경상남도,진주시,충무공동,충무공동제4투,2469,1876,709,977,162,21,2,1871,5,593
경상남도,진주시,충무공동,충무공동제5투,2707,2075,779,1050,199,29,1,2058,17,632
경상남도,통영시,거소·선상투표,,376,350,100,186,40,3,1,330,20,26
경상남도,통영시,관외사전투표,,7148,7147,3282,2682,994,89,19,7066,81,1
경상남도,통영시,재외투표,,258,186,132,36,14,1,1,184,2,72
경상남도,통영시,산양읍,관내사전투표,1026,1026,433,532,39,12,2,1018,8,0
경상남도,통영시,산양읍,산양읍제1투,1745,1079,253,774,31,7,5,1070,9,666
경상남도,통영시,산양읍,산양읍제2투,452,287,51,222,9,2,0,284,3,165
경상남도,통영시,산양읍,산양읍제3투,161,102,11,89,2,0,0,102,0,59
경상남도,통영시,산양읍,산양읍제4투,69,47,6,41,0,0,0,47,0,22
경상남도,통영시,용남면,관내사전투표,2420,2420,1211,1011,159,20,2,2403,17,0
경상남도,통영시,용남면,용남면제1투,2210,1405,437,863,84,12,3,1399,6,805
경상남도,통영시,용남면,용남면제2투,2241,1474,338,1051,65,9,3,1466,8,767
경상남도,통영시,용남면,용남면제3투,148,94,8,82,4,0,0,94,0,54
경상남도,통영시,용남면,용남면제4투,1648,1032,272,705,49,2,0,1028,4,616
경상남도,통영시,도산면,관내사전투표,829,829,379,391,43,10,1,824,5,0
경상남도,통영시,도산면,도산면제1투,1259,837,160,648,21,3,2,834,3,422
경상남도,통영시,도산면,도산면제2투,406,300,50,233,11,0,2,296,4,106
경상남도,통영시,광도면,관내사전투표,6440,6440,3710,2128,487,65,8,6398,42,0
경상남도,통영시,광도면,광도면제1투,1117,777,195,544,23,2,2,766,11,340
경상남도,통영시,광도면,광도면제2투,2603,1787,748,922,89,13,2,1774,13,816
경상남도,통영시,광도면,광도면제3투,1871,1281,380,825,60,9,1,1275,6,590
경상남도,통영시,광도면,광도면제4투,3136,1817,532,1154,105,12,3,1806,11,1319
경상남도,통영시,광도면,광도면제5투,2243,1593,517,950,96,20,0,1583,10,650
경상남도,통영시,광도면,광도면제6투,2029,1377,492,763,100,15,5,1375,2,652
경상남도,통영시,광도면,광도면제7투,2160,1308,409,775,97,13,1,1295,13,852
경상남도,통영시,욕지면,관내사전투표,481,481,258,198,22,2,0,480,1,0
경상남도,통영시,욕지면,욕지면제1투,681,402,75,313,10,0,2,400,2,279
경상남도,통영시,욕지면,욕지면제2투,144,97,22,67,3,0,1,93,4,47
경상남도,통영시,욕지면,욕지면제3투,183,136,18,113,3,2,0,136,0,47
경상남도,통영시,한산면,관내사전투표,346,346,143,176,20,3,0,342,4,0
경상남도,통영시,한산면,한산면제1투,809,538,83,434,8,0,2,527,11,271
경상남도,통영시,한산면,한산면제2투,125,99,19,78,0,0,0,97,2,26
경상남도,통영시,한산면,한산면제3투,87,51,14,31,3,1,0,49,2,36
경상남도,통영시,사량면,관내사전투표,534,534,187,310,19,7,1,524,10,0
경상남도,통영시,사량면,사량면투표소,606,360,63,282,7,3,0,355,5,246
경상남도,통영시,도천동,관내사전투표,1279,1279,550,632,70,9,3,1264,15,0
경상남도,통영시,도천동,도천동제1투,1579,1038,193,796,26,10,2,1027,11,541
경상남도,통영시,도천동,도천동제2투,1316,804,170,588,33,3,1,795,9,512
경상남도,통영시,도천동,도천동제3투,1557,1071,251,722,74,11,0,1058,13,486
경상남도,통영시,도천동,도천동제4투,915,625,145,436,32,3,1,617,8,290
경상남도,통영시,명정동,관내사전투표,1371,1371,514,769,73,7,1,1364,7,0
경상남도,통영시,명정동,명정동제1투,767,500,72,402,21,0,0,495,5,267
경상남도,통영시,명정동,명정동제2투,740,444,70,348,18,5,0,441,3,296
경상남도,통영시,중앙동,관내사전투표,1067,1067,442,556,51,9,0,1058,9,0
경상남도,통영시,중앙동,중앙동투표소,2137,1366,226,1087,36,5,2,1356,10,771
경상남도,통영시,정량동,관내사전투표,1602,1602,675,841,62,12,3,1593,9,0
경상남도,통영시,정량동,정량동제1투,1460,885,157,696,23,4,0,880,5,575
경상남도,통영시,정량동,정량동제2투,1742,1113,209,859,29,4,1,1102,11,629
경상남도,통영시,정량동,정량동제3투,1697,1079,251,767,45,7,1,1071,8,618
경상남도,통영시,북신동,관내사전투표,2310,2310,983,1164,120,15,7,2289,21,0
경상남도,통영시,북신동,북신동제1투,2286,1684,362,1224,73,8,2,1669,15,602
경상남도,통영시,북신동,북신동제2투,1514,974,177,755,24,10,1,967,7,540
경상남도,통영시,북신동,북신동제3투,1985,1389,315,989,64,10,1,1379,10,596
경상남도,통영시,무전동,관내사전투표,3896,3896,1885,1637,298,38,4,3862,34,0
경상남도,통영시,무전동,무전동제1투,2670,1592,387,1119,67,5,0,1578,14,1078
경상남도,통영시,무전동,무전동제2투,2364,1663,432,1110,99,11,2,1654,9,701
경상남도,통영시,무전동,무전동제3투,2279,1691,485,1069,107,11,0,1672,19,588
경상남도,통영시,미수동,관내사전투표,2424,2424,1161,1093,142,13,1,2410,14,0
경상남도,통영시,미수동,미수동제1투,1358,853,205,606,34,5,0,850,3,505
경상남도,통영시,미수동,미수동제2투,1647,1058,293,691,55,12,0,1051,7,589
경상남도,통영시,미수동,미수동제3투,1038,652,179,419,43,8,0,649,3,386
경상남도,통영시,미수동,미수동제4투,1329,906,225,619,47,4,3,898,8,423
경상남도,통영시,봉평동,관내사전투표,2229,2229,1075,994,126,16,2,2213,16,0
경상남도,통영시,봉평동,봉평동제1투,1453,945,252,635,46,3,1,937,8,508
경상남도,통영시,봉평동,봉평동제2투,1669,1067,255,727,51,12,2,1047,20,602
경상남도,통영시,봉평동,봉평동제3투,1343,781,161,585,28,2,1,777,4,562
경상남도,통영시,봉평동,봉평동제4투,1189,752,176,534,31,7,0,748,4,437
경상남도,고성군,거소·선상투표,,284,275,116,119,19,1,2,257,18,9
경상남도,고성군,관외사전투표,,3901,3901,1613,1813,401,35,4,3866,35,0
경상남도,고성군,재외투표,,361,165,86,53,16,6,0,161,4,196
경상남도,고성군,고성읍,관내사전투표,5216,5216,2537,2285,293,51,4,5170,46,0
경상남도,고성군,고성읍,고성읍제1투,2286,1438,329,1001,81,12,1,1424,14,848
경상남도,고성군,고성읍,고성읍제2투,3444,2274,548,1566,127,12,1,2254,20,1170
경상남도,고성군,고성읍,고성읍제3투,1775,1174,366,723,61,14,0,1164,10,601
경상남도,고성군,고성읍,고성읍제4투,1362,868,182,644,30,2,1,859,9,494
경상남도,고성군,고성읍,고성읍제5투,1887,1173,311,784,57,10,2,1164,9,714
경상남도,고성군,고성읍,고성읍제6투,809,537,122,391,14,3,0,530,7,272
경상남도,고성군,고성읍,고성읍제7투,888,577,122,431,17,5,0,575,2,311
경상남도,고성군,삼산면,관내사전투표,460,460,212,216,21,8,0,457,3,0
경상남도,고성군,삼산면,삼산면투표소,913,596,114,464,6,4,0,588,8,317
경상남도,고성군,하일면,관내사전투표,414,414,140,245,23,4,1,413,1,0
경상남도,고성군,하일면,하일면투표소,1036,674,79,559,19,5,1,663,11,362
경상남도,고성군,하이면,관내사전투표,582,582,230,321,26,2,1,580,2,0
경상남도,고성군,하이면,하이면투표소,1452,955,166,745,30,6,2,949,6,497
경상남도,고성군,상리면,관내사전투표,436,436,204,208,17,3,0,432,4,0
경상남도,고성군,상리면,상리면투표소,878,570,118,433,18,0,0,569,1,308
경상남도,고성군,대가면,관내사전투표,507,507,254,220,28,5,0,507,0,0
경상남도,고성군,대가면,대가면투표소,963,664,116,524,12,7,1,660,4,299
경상남도,고성군,영현면,관내사전투표,217,217,75,134,7,1,0,217,0,0
경상남도,고성군,영현면,영현면투표소,505,346,77,257,8,2,0,344,2,159
경상남도,고성군,영오면,관내사전투표,323,323,112,186,19,2,0,319,4,0
경상남도,고성군,영오면,영오면투표소,776,521,103,396,12,5,0,516,5,255
경상남도,고성군,개천면,관내사전투표,196,196,82,104,7,1,1,195,1,0
경상남도,고성군,개천면,개천면제1투,392,268,49,209,5,0,0,263,5,124
경상남도,고성군,개천면,개천면제2투,229,165,24,136,3,0,0,163,2,64
경상남도,고성군,구만면,관내사전투표,278,278,153,116,6,0,0,275,3,0
경상남도,고성군,구만면,구만면투표소,557,377,105,257,10,1,0,373,4,180
경상남도,고성군,회화면,관내사전투표,914,914,353,508,37,5,1,904,10,0
경상남도,고성군,회화면,회화면투표소,1916,1258,198,1004,38,8,0,1248,10,658
경상남도,고성군,마암면,관내사전투표,397,397,152,214,23,5,0,394,3,0
경상남도,고성군,마암면,마암면투표소,941,586,141,417,9,7,0,574,12,355
경상남도,고성군,동해면,관내사전투표,616,616,241,341,24,4,1,611,5,0
경상남도,고성군,동해면,동해면제1투,923,570,108,438,13,0,1,560,10,353
경상남도,고성군,동해면,동해면제2투,787,515,92,401,18,2,0,513,2,272
경상남도,고성군,거류면,관내사전투표,893,893,360,479,42,5,0,886,7,0
경상남도,고성군,거류면,거류면제1투,1678,1066,220,779,44,7,1,1051,15,612
경상남도,고성군,거류면,거류면제2투,895,618,134,452,21,4,1,612,6,277
경상남도,사천시,거소·선상투표,,285,269,81,130,35,3,4,253,16,16
경상남도,사천시,관외사전투표,,7365,7364,3225,2979,973,86,16,7279,85,1
경상남도,사천시,재외투표,,431,286,187,64,32,2,0,285,1,145
경상남도,사천시,사천읍,관내사전투표,4687,4687,2460,1682,452,49,6,4649,38,0
경상남도,사천시,사천읍,사천읍제1투,3107,1965,549,1243,142,14,5,1953,12,1142
경상남도,사천시,사천읍,사천읍제2투,2767,1796,474,1132,151,21,1,1779,17,971
경상남도,사천시,사천읍,사천읍제3투,3740,2182,473,1569,111,13,0,2166,16,1558
경상남도,사천시,정동면,관내사전투표,1394,1394,750,519,100,15,1,1385,9,0
경상남도,사천시,정동면,정동면제1투,2982,2116,680,1251,148,20,2,2101,15,866
경상남도,사천시,정동면,정동면제2투,2164,1468,500,788,151,13,2,1454,14,696
경상남도,사천시,정동면,정동면제3투,2108,1337,377,877,61,15,0,1330,7,771
경상남도,사천시,사남면,관내사전투표,3816,3816,2237,1194,306,41,5,3783,33,0
경상남도,사천시,사남면,사남면제1투,3159,2079,530,1364,137,20,3,2054,25,1080
경상남도,사천시,사남면,사남면제2투,3160,2150,726,1156,221,26,1,2130,20,1010
경상남도,사천시,사남면,사남면제3투,3026,2121,852,1062,164,24,2,2104,17,905
경상남도,사천시,용현면,관내사전투표,1831,1830,865,812,104,25,3,1809,21,1
경상남도,사천시,용현면,용현면제1투,1466,834,223,555,45,3,1,827,7,632
경상남도,사천시,용현면,용현면제2투,2106,1321,265,964,63,14,2,1308,13,785
경상남도,사천시,축동면,관내사전투표,643,643,279,314,41,4,0,638,5,0
경상남도,사천시,축동면,축동면투표소,948,651,87,535,23,2,0,647,4,297
경상남도,사천시,곤양면,관내사전투표,861,861,325,461,36,8,5,835,26,0
경상남도,사천시,곤양면,곤양면제1투,1335,872,185,642,31,6,1,865,7,463
경상남도,사천시,곤양면,곤양면제2투,559,385,80,290,11,0,0,381,4,174
경상남도,사천시,곤명면,관내사전투표,598,598,235,321,35,2,0,593,5,0
경상남도,사천시,곤명면,곤명면투표소,1559,1045,204,798,25,5,1,1033,12,514
경상남도,사천시,서포면,관내사전투표,949,949,365,527,40,5,3,940,9,0
경상남도,사천시,서포면,서포면투표소,1945,1150,194,907,26,8,3,1138,12,795
경상남도,사천시,동서동,관내사전투표,1273,1273,343,866,39,10,1,1259,14,0
경상남도,사천시,동서동,동서동제1투,1173,759,105,624,17,5,2,753,6,414
경상남도,사천시,동서동,동서동제2투,1139,752,105,619,15,2,1,742,10,387
경상남도,사천시,동서동,동서동제3투,960,652,105,522,16,4,0,647,5,308
경상남도,사천시,동서동,동서동제4투,167,123,14,107,1,1,0,123,0,44
경상남도,사천시,선구동,관내사전투표,1030,1030,357,610,53,4,0,1024,6,0
경상남도,사천시,선구동,선구동제1투,1656,1024,137,831,42,8,0,1018,6,632
경상남도,사천시,선구동,선구동제2투,1183,729,154,526,44,2,1,727,2,454
경상남도,사천시,동서금동,관내사전투표,1878,1878,734,1001,117,10,2,1864,14,0
경상남도,사천시,동서금동,동서금동제1투,2427,1629,369,1155,79,8,6,1617,12,798
경상남도,사천시,동서금동,동서금동제2투,938,589,104,461,21,2,0,588,1,349
경상남도,사천시,벌용동,관내사전투표,3371,3371,1591,1506,210,41,2,3350,21,0
경상남도,사천시,벌용동,벌용동제1투,2275,1610,486,1008,89,15,3,1601,9,665
경상남도,사천시,벌용동,벌용동제2투,1651,1123,206,852,44,12,1,1115,8,528
경상남도,사천시,벌용동,벌용동제3투,2539,1618,342,1176,67,20,1,1606,12,921
경상남도,사천시,벌용동,벌용동제4투,1911,1290,308,885,69,13,0,1275,15,621
경상남도,사천시,향촌동,관내사전투표,1942,1942,865,902,121,25,5,1918,24,0
경상남도,사천시,향촌동,향촌동제1투,2689,1692,381,1189,89,11,3,1673,19,997
경상남도,사천시,향촌동,향촌동제2투,1034,632,130,465,32,2,1,630,2,402
경상남도,사천시,남양동,관내사전투표,1503,1503,661,752,64,11,1,1489,14,0
경상남도,사천시,남양동,남양동투표소,2626,1725,337,1302,56,12,6,1713,12,901
경상남도,김해시,거소·선상투표,,1033,976,376,339,204,10,6,935,41,57
경상남도,김해시,관외사전투표,,30799,30797,15672,9518,4832,316,67,30405,392,2
경상남도,김해시,재외투표,,1681,1277,823,286,147,16,1,1273,4,404
경상남도,김해시,진영읍,관내사전투표,9858,9858,6560,2483,627,104,10,9784,74,0
경상남도,김해시,진영읍,진영읍제1투,1376,946,350,515,62,15,1,943,3,430
경상남도,김해시,진영읍,진영읍제2투,2944,1883,799,924,128,18,3,1872,11,1061
경상남도,김해시,진영읍,진영읍제3투,3240,2072,919,934,171,25,2,2051,21,1168
경상남도,김해시,진영읍,진영읍제4투,3395,2430,1174,1019,180,36,4,2413,17,965
경상남도,김해시,진영읍,진영읍제5투,2806,1942,891,859,153,23,1,1927,15,864
경상남도,김해시,진영읍,진영읍제6투,2803,2077,978,943,118,20,4,2063,14,726
경상남도,김해시,진영읍,진영읍제7투,2838,1608,618,826,137,14,1,1596,12,1230
경상남도,김해시,진영읍,진영읍제8투,2539,1428,526,797,83,12,2,1420,8,1111
경상남도,김해시,진영읍,진영읍제9투,3459,2176,932,1051,152,12,6,2153,23,1283
경상남도,김해시,진영읍,진영읍제10투,1453,885,319,527,31,5,0,882,3,568
경상남도,김해시,진영읍,진영읍제11투,2924,2211,1031,957,180,31,4,2203,8,713
경상남도,김해시,주촌면,관내사전투표,3765,3765,2431,1033,250,31,5,3750,15,0
경상남도,김해시,주촌면,주촌면제1투,3080,1943,631,1154,129,13,0,1927,16,1137
경상남도,김해시,주촌면,주촌면제2투,2763,2199,1025,918,214,22,2,2181,18,564
경상남도,김해시,주촌면,주촌면제3투,3182,2536,1186,1077,229,30,1,2523,13,646
경상남도,김해시,주촌면,주촌면제4투,2281,1729,760,767,162,27,3,1719,10,552
경상남도,김해시,진례면,관내사전투표,2327,2327,1347,800,149,16,3,2315,12,0
경상남도,김해시,진례면,진례면제1투,1695,1048,311,679,42,8,1,1041,7,647
경상남도,김해시,진례면,진례면제2투,1750,1083,291,730,54,2,1,1078,5,667
경상남도,김해시,한림면,관내사전투표,1880,1880,1109,619,107,13,4,1852,28,0
경상남도,김해시,한림면,한림면제1투,883,547,177,339,23,6,0,545,2,336
경상남도,김해시,한림면,한림면제2투,1141,707,199,472,31,3,0,705,2,434
경상남도,김해시,한림면,한림면제3투,1204,754,256,446,34,5,3,744,10,450
경상남도,김해시,한림면,한림면제4투,981,642,235,378,21,1,2,637,5,339
경상남도,김해시,생림면,관내사전투표,1388,1388,765,531,72,13,1,1382,6,0
경상남도,김해시,생림면,생림면제1투,1076,680,155,499,22,2,0,678,2,396
경상남도,김해시,생림면,생림면제2투,1065,724,189,504,20,6,0,719,5,341
경상남도,김해시,상동면,관내사전투표,1172,1172,625,430,57,18,6,1136,36,0
경상남도,김해시,상동면,상동면제1투,1284,765,174,558,24,5,0,761,4,519
경상남도,김해시,상동면,상동면제2투,515,354,95,235,19,1,2,352,2,161
경상남도,김해시,대동면,관내사전투표,964,964,531,382,34,8,0,955,9,0
경상남도,김해시,대동면,대동면제1투,1261,872,213,617,29,9,0,868,4,389
경상남도,김해시,대동면,대동면제2투,1187,802,169,591,30,7,1,798,4,385
경상남도,김해시,대동면,대동면제3투,938,675,154,503,12,4,1,674,1,263
경상남도,김해시,동상동,관내사전투표,2565,2565,1423,959,144,23,2,2551,14,0
경상남도,김해시,동상동,동상동제1투,3066,1903,583,1178,110,13,2,1886,17,1163
경상남도,김해시,동상동,동상동제2투,2268,1298,373,834,72,8,1,1288,10,970
경상남도,김해시,회현동,관내사전투표,3227,3227,1769,1209,191,36,5,3210,17,0
경상남도,김해시,회현동,회현동제1투,1901,1170,272,826,56,9,1,1164,6,731
경상남도,김해시,회현동,회현동제2투,2883,2006,659,1164,134,27,4,1988,18,877
경상남도,김해시,부원동,관내사전투표,3550,3550,2060,1097,319,44,2,3522,28,0
경상남도,김해시,부원동,부원동제1투,2349,1484,450,919,93,9,3,1474,10,865
경상남도,김해시,부원동,부원동제2투,3071,1863,515,1204,116,14,4,1853,10,1208
경상남도,김해시,내외동,관내사전투표,12048,12048,7451,3539,854,128,9,11981,67,0
경상남도,김해시,내외동,내외동제1투,3078,2034,801,1043,153,21,2,2020,14,1044
경상남도,김해시,내외동,내외동제2투,2078,1184,424,675,69,9,1,1178,6,894
경상남도,김해시,내외동,내외동제3투,1901,1135,401,616,87,13,6,1123,12,766
경상남도,김해시,내외동,내외동제4투,2661,1693,548,988,124,20,0,1680,13,968
경상남도,김해시,내외동,내외동제5투,3380,2178,752,1211,178,21,0,2162,16,1202
경상남도,김해시,내외동,내외동제6투,3429,2518,949,1331,197,24,3,2504,14,911
경상남도,김해시,내외동,내외동제7투,2284,1170,391,669,90,9,0,1159,11,1114
경상남도,김해시,내외동,내외동제8투,2370,1537,572,796,136,14,6,1524,13,833
경상남도,김해시,내외동,내외동제9투,2705,1922,757,995,129,18,5,1904,18,783
경상남도,김해시,내외동,내외동제10투,2452,1664,638,871,117,27,2,1655,9,788
경상남도,김해시,내외동,내외동제11투,1230,762,291,399,53,9,2,754,8,468
경상남도,김해시,내외동,내외동제12투,3097,2337,947,1179,164,23,2,2315,22,760
경상남도,김해시,내외동,내외동제13투,3101,1858,662,1009,146,20,2,1839,19,1243
경상남도,김해시,내외동,내외동제14투,3593,2314,892,1169,204,31,2,2298,16,1279
경상남도,김해시,내외동,내외동제15투,3225,2126,792,1150,135,28,3,2108,18,1099
경상남도,김해시,내외동,내외동제16투,2432,1878,888,772,170,28,3,1861,17,554
경상남도,김해시,북부동,관내사전투표,12272,12272,7897,3290,891,110,10,12198,74,0
경상남도,김해시,북부동,북부동제1투,2551,1415,468,830,90,14,3,1405,10,1136
경상남도,김해시,북부동,북부동제2투,2381,1595,549,928,91,12,4,1584,11,786
경상남도,김해시,북부동,북부동제3투,2775,1899,673,1073,115,18,2,1881,18,876
경상남도,김해시,북부동,북부동제4투,3281,2446,1130,1044,222,29,3,2428,18,835
경상남도,김해시,북부동,북부동제5투,3201,2235,952,1043,188,34,4,2221,14,966
경상남도,김해시,북부동,북부동제6투,3158,2222,865,1185,125,28,4,2207,15,936
경상남도,김해시,북부동,북부동제7투,3255,2485,854,1405,174,34,5,2472,13,770
경상남도,김해시,북부동,북부동제8투,2724,1773,602,985,151,23,4,1765,8,951
경상남도,김해시,북부동,북부동제9투,1726,1108,380,613,96,11,0,1100,8,618
경상남도,김해시,북부동,북부동제10투,2510,1681,735,773,127,23,5,1663,18,829
경상남도,김해시,북부동,북부동제11투,2637,1848,748,890,160,30,2,1830,18,789
경상남도,김해시,북부동,북부동제12투,2510,1463,508,790,128,14,3,1443,20,1047
경상남도,김해시,북부동,북부동제13투,2522,1677,646,850,146,19,3,1664,13,845
경상남도,김해시,북부동,북부동제14투,2896,2074,923,947,169,17,2,2058,16,822
경상남도,김해시,북부동,북부동제15투,2804,1952,894,856,168,20,2,1940,12,852
경상남도,김해시,북부동,북부동제16투,2938,2197,952,1029,178,19,1,2179,18,741
경상남도,김해시,북부동,북부동제17투,3107,2408,1058,1047,251,27,1,2384,24,699
경상남도,김해시,칠산서부동,관내사전투표,3046,3046,1844,982,171,29,2,3028,18,0
경상남도,김해시,칠산서부동,칠산서부동제1투,1817,1169,365,734,50,11,3,1163,6,648
경상남도,김해시,칠산서부동,칠산서부동제2투,1951,1204,393,732,65,6,0,1196,8,747
경상남도,김해시,칠산서부동,칠산서부동제3투,1690,1123,387,648,72,9,0,1116,7,567
경상남도,김해시,활천동,관내사전투표,5836,5836,3531,1812,397,47,6,5793,43,0
경상남도,김해시,활천동,활천동제1투,3080,1817,633,1062,97,10,2,1804,13,1263
경상남도,김해시,활천동,활천동제2투,2870,1850,675,1005,144,14,3,1841,9,1020
경상남도,김해시,활천동,활천동제3투,2939,1893,602,1116,126,24,4,1872,21,1046
경상남도,김해시,활천동,활천동제4투,4011,2411,856,1358,163,15,4,2396,15,1600
경상남도,김해시,활천동,활천동제5투,3570,2202,843,1135,172,24,6,2180,22,1368
경상남도,김해시,활천동,활천동제6투,3126,2263,895,1164,163,18,5,2245,18,863
경상남도,김해시,활천동,활천동제7투,3244,1825,681,995,107,27,2,1812,13,1419
경상남도,김해시,삼안동,관내사전투표,7880,7880,4690,2486,576,50,8,7810,70,0
경상남도,김해시,삼안동,삼안동제1투,2964,1762,625,947,157,15,2,1746,16,1202
경상남도,김해시,삼안동,삼안동제2투,4274,3213,1287,1511,358,29,0,3185,28,1061
경상남도,김해시,삼안동,삼안동제3투,4082,2779,1062,1477,183,29,5,2756,23,1303
경상남도,김해시,삼안동,삼안동제4투,2292,1340,421,765,125,15,4,1330,10,952
경상남도,김해시,삼안동,삼안동제5투,2870,2092,781,1081,183,31,2,2078,14,778
경상남도,김해시,삼안동,삼안동제6투,1986,1221,428,684,91,9,2,1214,7,765
경상남도,김해시,삼안동,삼안동제7투,2142,1353,488,756,86,14,0,1344,9,789
경상남도,김해시,삼안동,삼안동제8투,2436,1301,387,778,109,12,0,1286,15,1135
경상남도,김해시,불암동,관내사전투표,1935,1935,1237,566,107,8,3,1921,14,0
경상남도,김해시,불암동,불암동제1투,3310,2286,847,1241,152,23,1,2264,22,1024
경상남도,김해시,불암동,불암동제2투,614,412,115,271,23,1,0,410,2,202
경상남도,김해시,장유1동,관내사전투표,9549,9549,6152,2566,695,78,4,9495,54,0
경상남도,김해시,장유1동,장유1동제1투,3632,2719,1272,1147,231,40,6,2696,23,913
경상남도,김해시,장유1동,장유1동제2투,3710,2552,1098,1222,182,27,2,2531,21,1158
경상남도,김해시,장유1동,장유1동제3투,3033,2083,853,1061,125,25,2,2066,17,950
경상남도,김해시,장유1동,장유1동제4투,3272,2465,1127,1097,193,24,2,2443,22,807
경상남도,김해시,장유1동,장유1동제5투,3433,2469,964,1266,191,24,3,2448,21,964
경상남도,김해시,장유1동,장유1동제6투,3841,2411,871,1287,203,29,2,2392,19,1430
경상남도,김해시,장유1동,장유1동제7투,4397,2798,1085,1415,241,30,4,2775,23,1599
경상남도,김해시,장유1동,장유1동제8투,4240,2924,1196,1417,254,33,4,2904,20,1316
경상남도,김해시,장유1동,장유1동제9투,3983,2729,1120,1306,252,27,3,2708,21,1254
경상남도,김해시,장유1동,장유1동제10투,2967,2371,1049,993,284,26,0,2352,19,596
경상남도,김해시,장유2동,관내사전투표,8833,8834,6027,2042,626,69,7,8771,63,-1
경상남도,김해시,장유2동,장유2동제1투,2726,1667,627,907,107,7,5,1653,14,1059
경상남도,김해시,장유2동,장유2동제2투,2814,1985,882,900,164,22,1,1969,16,829
경상남도,김해시,장유2동,장유2동제3투,2335,1537,647,737,123,23,1,1531,6,798
경상남도,김해시,장유2동,장유2동제4투,3256,2180,877,1081,169,32,3,2162,18,1076
경상남도,김해시,장유2동,장유2동제5투,2950,1987,779,1025,139,24,1,1968,19,963
경상남도,김해시,장유2동,장유2동제6투,3067,2267,947,1072,204,32,1,2256,11,800
경상남도,김해시,장유2동,장유2동제7투,3379,2396,942,1137,269,25,4,2377,19,983
경상남도,김해시,장유3동,관내사전투표,11193,11192,7754,2360,884,113,11,11122,70,1
경상남도,김해시,장유3동,장유3동제1투,3761,2794,1208,1340,198,27,4,2777,17,967
경상남도,김해시,장유3동,장유3동제2투,3106,2396,1104,1063,187,28,1,2383,13,710
경상남도,김해시,장유3동,장유3동제3투,3507,2409,1102,1058,197,30,1,2388,21,1098
경상남도,김해시,장유3동,장유3동제4투,3189,2242,891,1119,189,22,2,2223,19,947
경상남도,김해시,장유3동,장유3동제5투,3622,2699,1285,1139,226,41,2,2693,6,923
경상남도,김해시,장유3동,장유3동제6투,3827,2749,1045,1435,226,24,2,2732,17,1078
경상남도,김해시,장유3동,장유3동제7투,3517,2762,1420,1021,252,45,1,2739,23,755
경상남도,김해시,장유3동,장유3동제8투,3317,2209,877,1164,134,18,3,2196,13,1108
경상남도,김해시,장유3동,장유3동제9투,3808,3000,1417,1171,348,44,1,2981,19,808
경상남도,김해시,장유3동,장유3동제10투,3266,2555,1234,1055,220,32,4,2545,10,711
경상남도,김해시,장유3동,장유3동제11투,3013,2106,780,1014,254,33,2,2083,23,907
경상남도,밀양시,거소·선상투표,,255,241,77,104,34,4,3,222,19,14
경상남도,밀양시,관외사전투표,,6712,6712,2753,3089,736,56,19,6653,59,0
경상남도,밀양시,재외투표,,466,286,173,89,22,1,0,285,1,180
경상남도,밀양시,삼랑진읍,관내사전투표,1312,1312,570,663,55,9,4,1301,11,0
경상남도,밀양시,삼랑진읍,삼랑진읍제1투,1742,1128,192,880,39,9,0,1120,8,614
경상남도,밀양시,삼랑진읍,삼랑진읍제2투,1266,698,128,527,22,4,3,684,14,568
경상남도,밀양시,삼랑진읍,삼랑진읍제3투,996,706,148,516,31,3,1,699,7,290
경상남도,밀양시,하남읍,관내사전투표,1775,1775,812,860,80,8,2,1762,13,0
경상남도,밀양시,하남읍,하남읍제1투,777,482,82,371,22,4,0,479,3,295
경상남도,밀양시,하남읍,하남읍제2투,921,533,116,379,33,1,0,529,4,388
경상남도,밀양시,하남읍,하남읍제3투,956,618,134,460,16,1,0,611,7,338
경상남도,밀양시,하남읍,하남읍제4투,1479,914,216,650,34,4,3,907,7,565
경상남도,밀양시,부북면,관내사전투표,1146,1146,477,599,60,7,0,1143,3,0
경상남도,밀양시,부북면,부북면제1투,1064,693,150,508,32,1,0,691,2,371
경상남도,밀양시,부북면,부북면제2투,1104,742,138,560,28,10,1,737,5,362
경상남도,밀양시,부북면,부북면제3투,1142,728,129,553,33,3,1,719,9,414
경상남도,밀양시,상동면,관내사전투표,819,819,348,437,23,1,1,810,9,0
경상남도,밀양시,상동면,상동면제1투,1205,763,140,604,14,4,0,762,1,442
경상남도,밀양시,상동면,상동면제2투,561,376,68,298,6,1,0,373,3,185
경상남도,밀양시,산외면,관내사전투표,960,960,424,472,52,4,0,952,8,0
경상남도,밀양시,산외면,산외면제1투,941,645,129,488,19,7,0,643,2,296
경상남도,밀양시,산외면,산외면제2투,665,444,81,345,12,3,0,441,3,221
경상남도,밀양시,산내면,관내사전투표,864,864,373,431,48,7,1,860,4,0
경상남도,밀양시,산내면,산내면제1투,1326,890,151,710,15,3,0,879,11,436
경상남도,밀양시,산내면,산내면제2투,892,628,146,449,21,3,0,619,9,264
경상남도,밀양시,단장면,관내사전투표,906,906,390,456,45,10,1,902,4,0
경상남도,밀양시,단장면,단장면제1투,732,509,98,385,16,3,1,503,6,223
경상남도,밀양시,단장면,단장면제2투,965,607,86,495,16,3,0,600,7,358
경상남도,밀양시,단장면,단장면제3투,840,591,112,456,18,1,0,587,4,249
경상남도,밀양시,상남면,관내사전투표,1143,1143,545,519,62,6,4,1136,7,0
경상남도,밀양시,상남면,상남면제1투,1660,1139,274,803,45,4,1,1127,12,521
경상남도,밀양시,상남면,상남면제2투,1599,1111,313,730,53,11,0,1107,4,488
경상남도,밀양시,상남면,상남면제3투,1632,1019,202,775,22,6,2,1007,12,613
경상남도,밀양시,초동면,관내사전투표,879,879,321,509,30,10,0,870,9,0
경상남도,밀양시,초동면,초동면투표소,1758,1073,210,819,36,5,0,1070,3,685
경상남도,밀양시,무안면,관내사전투표,1210,1210,507,630,53,6,1,1197,13,0
경상남도,밀양시,무안면,무안면제1투,1425,920,160,715,28,8,1,912,8,505
경상남도,밀양시,무안면,무안면제2투,1267,792,134,622,17,8,0,781,11,475
경상남도,밀양시,청도면,관내사전투표,517,517,222,263,22,6,0,513,4,0
경상남도,밀양시,청도면,청도면투표소,953,621,106,498,8,3,1,616,5,332
경상남도,밀양시,내일동,관내사전투표,829,829,319,468,33,4,1,825,4,0
경상남도,밀양시,내일동,내일동제1투,1264,795,154,601,28,8,0,791,4,469
경상남도,밀양시,내일동,내일동제2투,425,277,51,222,1,1,0,275,2,148
경상남도,밀양시,내이동,관내사전투표,2977,2977,1354,1397,161,32,4,2948,29,0
경상남도,밀양시,내이동,내이동제1투,2312,1538,440,999,79,10,1,1529,9,774
경상남도,밀양시,내이동,내이동제2투,1543,948,188,715,34,5,1,943,5,595
경상남도,밀양시,내이동,내이동제3투,2446,1381,354,907,97,12,2,1372,9,1065
경상남도,밀양시,내이동,내이동제4투,3140,2130,682,1256,150,24,3,2115,15,1010
경상남도,밀양시,교동,관내사전투표,2704,2704,1364,1065,218,32,4,2683,21,0
경상남도,밀양시,교동,교동제1투,1142,813,216,549,37,3,0,805,8,329
경상남도,밀양시,교동,교동제2투,2171,1387,332,975,60,8,1,1376,11,784
경상남도,밀양시,삼문동,관내사전투표,3863,3863,2051,1524,226,29,2,3832,31,0
경상남도,밀양시,삼문동,삼문동제1투,1733,1267,338,849,58,13,0,1258,9,466
경상남도,밀양시,삼문동,삼문동제2투,1514,952,213,681,44,8,2,948,4,562
경상남도,밀양시,삼문동,삼문동제3투,1981,1217,368,739,93,10,1,1211,6,764
경상남도,밀양시,삼문동,삼문동제4투,2254,1541,422,1009,87,9,3,1530,11,713
경상남도,밀양시,삼문동,삼문동제5투,2668,1809,618,1028,120,20,4,1790,19,859
경상남도,밀양시,가곡동,관내사전투표,2425,2425,1126,1089,165,17,3,2400,25,0
경상남도,밀양시,가곡동,가곡동제1투,2089,1306,316,905,71,4,1,1297,9,783
경상남도,밀양시,가곡동,가곡동제2투,2338,1458,384,981,63,11,3,1442,16,880
경상남도,거제시,거소·선상투표,,647,621,200,194,105,12,13,524,97,26
경상남도,거제시,관외사전투표,,12685,12683,6041,4374,1905,164,30,12514,169,2
경상남도,거제시,재외투표,,679,541,364,109,35,31,1,540,1,138
경상남도,거제시,일운면,관내사전투표,2447,2447,1381,891,128,26,1,2427,20,0
경상남도,거제시,일운면,일운면제1투,3296,1933,590,1219,79,25,2,1915,18,1363
경상남도,거제시,일운면,일운면제2투,675,433,91,313,19,2,1,426,7,242
경상남도,거제시,동부면,관내사전투표,951,951,457,427,52,8,0,944,7,0
경상남도,거제시,동부면,동부면투표소,1610,1083,180,853,34,8,2,1077,6,527
경상남도,거제시,남부면,관내사전투표,367,367,168,167,24,3,0,362,5,0
경상남도,거제시,남부면,남부면투표소,830,548,83,448,9,1,0,541,7,282
경상남도,거제시,거제면,관내사전투표,2134,2134,1109,902,92,12,7,2122,12,0
경상남도,거제시,거제면,거제면제1투,1891,1216,271,885,46,7,2,1211,5,675
경상남도,거제시,거제면,거제면제2투,1992,1198,318,816,50,5,1,1190,8,794
경상남도,거제시,둔덕면,관내사전투표,830,830,357,425,34,4,2,822,8,0
경상남도,거제시,둔덕면,둔덕면투표소,1524,1012,168,792,46,2,2,1010,2,512
경상남도,거제시,사등면,관내사전투표,2022,2022,1084,800,108,13,1,2006,16,0
경상남도,거제시,사등면,사등면제1투,1294,779,184,559,29,2,0,774,5,515
경상남도,거제시,사등면,사등면제2투,1311,852,170,642,24,4,1,841,11,459
경상남도,거제시,사등면,사등면제3투,736,546,86,437,15,5,1,544,2,190
경상남도,거제시,사등면,사등면제4투,3252,2148,748,1205,139,28,1,2121,27,1104
경상남도,거제시,연초면,관내사전투표,1879,1879,1043,681,115,21,1,1861,18,0
경상남도,거제시,연초면,연초면제1투,2381,1406,408,893,75,17,1,1394,12,975
경상남도,거제시,연초면,연초면제2투,2175,1243,405,743,69,11,0,1228,15,932
경상남도,거제시,연초면,연초면제3투,450,285,82,189,9,2,0,282,3,165
경상남도,거제시,하청면,관내사전투표,1260,1260,656,532,52,15,1,1256,4,0
경상남도,거제시,하청면,하청면제1투,1711,1068,205,794,51,9,2,1061,7,643
경상남도,거제시,하청면,하청면제2투,661,460,71,373,6,3,0,453,7,201
경상남도,거제시,장목면,관내사전투표,944,943,379,511,42,6,0,938,5,1
경상남도,거제시,장목면,장목면제1투,1675,1060,151,871,30,2,0,1054,6,615
경상남도,거제시,장목면,장목면제2투,870,579,99,453,17,4,0,573,6,291
경상남도,거제시,장승포동,관내사전투표,1985,1985,1255,583,106,27,0,1971,14,0
경상남도,거제시,장승포동,장승포동제1투,1497,840,231,543,55,5,1,835,5,657
경상남도,거제시,장승포동,장승포동제2투,1400,796,334,372,61,16,0,783,13,604
경상남도,거제시,능포동,관내사전투표,1927,1927,1311,473,103,27,1,1915,12,0
경상남도,거제시,능포동,능포동제1투,1323,706,218,442,30,14,0,704,2,617
경상남도,거제시,능포동,능포동제2투,1866,1388,603,663,80,34,0,1380,8,478
경상남도,거제시,능포동,능포동제3투,1751,1078,380,619,50,16,1,1066,12,673
경상남도,거제시,아주동,관내사전투표,3901,3901,2803,744,278,52,2,3879,22,0
경상남도,거제시,아주동,아주동제1투,3057,1642,783,681,139,22,0,1625,17,1415
경상남도,거제시,아주동,아주동제2투,2122,1356,713,528,93,16,0,1350,6,766
경상남도,거제시,아주동,아주동제3투,2526,1707,928,618,125,22,1,1694,13,819
경상남도,거제시,아주동,아주동제4투,1804,1353,776,444,101,20,4,1345,8,451
경상남도,거제시,아주동,아주동제5투,1727,1317,795,379,110,24,2,1310,7,410
경상남도,거제시,아주동,아주동제6투,2088,1548,847,530,131,26,0,1534,14,540
경상남도,거제시,옥포1동,관내사전투표,2834,2834,1839,768,171,33,2,2813,21,0
경상남도,거제시,옥포1동,옥포1동제1투,2420,1351,524,702,101,16,0,1343,8,1069
경상남도,거제시,옥포1동,옥포1동제2투,1582,912,310,534,55,10,0,909,3,670
경상남도,거제시,옥포2동,관내사전투표,4576,4576,3011,1192,305,42,3,4553,23,0
경상남도,거제시,옥포2동,옥포2동제1투,1883,1070,378,608,61,15,2,1064,6,813
경상남도,거제시,옥포2동,옥포2동제2투,2413,1480,574,780,93,20,1,1468,12,933
경상남도,거제시,옥포2동,옥포2동제3투,2820,1987,954,835,138,32,2,1961,26,833
경상남도,거제시,옥포2동,옥포2동제4투,1886,1125,397,648,54,14,1,1114,11,761
경상남도,거제시,옥포2동,옥포2동제5투,3504,2056,917,947,141,40,0,2045,11,1448
경상남도,거제시,옥포2동,옥포2동제6투,1156,760,293,409,44,8,1,755,5,396
경상남도,거제시,장평동,관내사전투표,6228,6228,3955,1671,484,55,11,6176,52,0
경상남도,거제시,장평동,장평동제1투,1861,1039,354,600,66,9,0,1029,10,822
경상남도,거제시,장평동,장평동제2투,2242,1290,509,654,101,18,2,1284,6,952
경상남도,거제시,장평동,장평동제3투,2135,1057,334,608,97,9,1,1049,8,1078
경상남도,거제시,장평동,장평동제4투,2293,1362,488,744,111,10,0,1353,9,931
경상남도,거제시,장평동,장평동제5투,2628,1637,557,911,141,15,1,1625,12,991
경상남도,거제시,고현동,관내사전투표,5719,5718,3321,1792,486,63,9,5671,47,1
경상남도,거제시,고현동,고현동제1투,1436,794,200,531,52,4,0,787,7,642
경상남도,거제시,고현동,고현동제2투,2307,1383,295,990,71,12,3,1371,12,924
경상남도,거제시,고현동,고현동제3투,3964,2676,982,1401,241,27,4,2655,21,1288
경상남도,거제시,고현동,고현동제4투,1616,970,309,591,51,6,3,960,10,646
경상남도,거제시,고현동,고현동제5투,1574,932,237,635,46,5,0,923,9,642
경상남도,거제시,고현동,고현동제6투,3331,2344,1023,1116,166,23,3,2331,13,987
경상남도,거제시,고현동,고현동제7투,2219,1632,692,790,120,15,8,1625,7,587
경상남도,거제시,고현동,고현동제8투,2319,1730,796,759,136,21,6,1718,12,589
경상남도,거제시,고현동,고현동제9투,2744,1900,872,838,142,26,3,1881,19,844
경상남도,거제시,상문동,관내사전투표,6308,6306,4337,1379,472,69,3,6260,46,2
경상남도,거제시,상문동,상문동제1투,2141,1303,451,741,87,11,1,1291,12,838
경상남도,거제시,상문동,상문동제2투,2618,1953,915,815,161,38,6,1935,18,665
경상남도,거제시,상문동,상문동제3투,4255,2683,1071,1306,239,36,4,2656,27,1572
경상남도,거제시,상문동,상문동제4투,3284,2156,908,1041,161,30,2,2142,14,1128
경상남도,거제시,상문동,상문동제5투,4076,2704,1290,1110,229,42,7,2678,26,1372
경상남도,거제시,수양동,관내사전투표,5502,5500,3681,1308,415,58,4,5466,34,2
경상남도,거제시,수양동,수양동제1투,2039,1494,648,690,130,21,0,1489,5,545
경상남도,거제시,수양동,수양동제2투,2583,1639,505,983,124,13,1,1626,13,944
경상남도,거제시,수양동,수양동제3투,2296,1692,692,831,140,17,3,1683,9,604
경상남도,거제시,수양동,수양동제4투,3314,2242,892,1115,195,26,3,2231,11,1072
경상남도,의령군,거소·선상투표,,93,90,33,47,4,1,1,86,4,3
경상남도,의령군,관외사전투표,,2505,2505,948,1289,220,26,4,2487,18,0
경상남도,의령군,재외투표,,295,113,45,62,4,0,0,111,2,182
경상남도,의령군,의령읍,관내사전투표,2237,2237,1069,1004,130,16,2,2221,16,0
경상남도,의령군,의령읍,의령읍제1투,1918,1249,281,900,47,9,1,1238,11,669
경상남도,의령군,의령읍,의령읍제2투,2725,1793,474,1206,83,14,3,1780,13,932
경상남도,의령군,가례면,관내사전투표,542,542,212,268,27,7,4,518,24,0
경상남도,의령군,가례면,가례면투표소,885,555,98,429,16,2,0,545,10,330
경상남도,의령군,칠곡면,관내사전투표,338,338,137,179,15,3,1,335,3,0
경상남도,의령군,칠곡면,칠곡면투표소,603,380,76,282,16,1,0,375,5,223
경상남도,의령군,대의면,관내사전투표,233,233,82,131,16,1,1,231,2,0
경상남도,의령군,대의면,대의면투표소,594,406,77,303,10,3,1,394,12,188
경상남도,의령군,화정면,관내사전투표,318,318,118,184,11,2,0,315,3,0
경상남도,의령군,화정면,화정면투표소,846,562,111,424,18,1,0,554,8,284
경상남도,의령군,용덕면,관내사전투표,303,303,106,167,18,5,1,297,6,0
경상남도,의령군,용덕면,용덕면제1투,464,334,59,257,5,0,0,321,13,130
경상남도,의령군,용덕면,용덕면제2투,437,286,63,215,5,2,0,285,1,151
경상남도,의령군,정곡면,관내사전투표,356,356,133,197,16,4,2,352,4,0
경상남도,의령군,정곡면,정곡면투표소,748,484,76,389,12,1,0,478,6,264
경상남도,의령군,지정면,관내사전투표,386,386,155,199,21,3,2,380,6,0
경상남도,의령군,지정면,지정면투표소,1038,626,101,492,22,6,0,621,5,412
경상남도,의령군,낙서면,관내사전투표,142,142,41,91,4,3,1,140,2,0
경상남도,의령군,낙서면,낙서면투표소,453,320,33,272,6,4,1,316,4,133
경상남도,의령군,부림면,관내사전투표,794,794,308,433,34,5,3,783,11,0
경상남도,의령군,부림면,부림면투표소,1507,978,179,759,25,2,2,967,11,529
경상남도,의령군,봉수면,관내사전투표,225,225,52,162,5,2,0,221,4,0
경상남도,의령군,봉수면,봉수면투표소,478,286,33,239,6,3,1,282,4,192
경상남도,의령군,궁류면,관내사전투표,317,317,94,209,9,3,0,315,2,0
경상남도,의령군,궁류면,궁류면투표소,607,370,60,290,9,3,2,364,6,237
경상남도,의령군,유곡면,관내사전투표,195,195,74,110,4,3,0,191,4,0
경상남도,의령군,유곡면,유곡면제1투,377,267,46,201,9,3,1,260,7,110
경상남도,의령군,유곡면,유곡면제2투,335,224,47,169,5,2,0,223,1,111
경상남도,창녕군,거소·선상투표,,146,139,36,77,17,1,0,131,8,7
경상남도,창녕군,관외사전투표,,4183,4183,1619,2115,369,34,8,4145,38,0
경상남도,창녕군,재외투표,,333,164,92,49,18,5,0,164,0,169
경상남도,창녕군,창녕읍,관내사전투표,3134,3134,1315,1588,173,22,2,3100,34,0
경상남도,창녕군,창녕읍,창녕읍제1투,1630,1090,186,850,37,7,0,1080,10,540
경상남도,창녕군,창녕읍,창녕읍제2투,1901,1091,233,807,38,7,0,1085,6,810
경상남도,창녕군,창녕읍,창녕읍제3투,2528,1638,343,1210,63,8,2,1626,12,890
경상남도,창녕군,창녕읍,창녕읍제4투,2696,1736,403,1224,75,20,1,1723,13,960
경상남도,창녕군,남지읍,관내사전투표,2837,2836,1183,1462,143,19,7,2814,22,1
경상남도,창녕군,남지읍,남지읍제1투,2542,1586,340,1174,47,12,0,1573,13,956
경상남도,창녕군,남지읍,남지읍제2투,3111,1961,485,1366,83,13,3,1950,11,1150
경상남도,창녕군,남지읍,남지읍제3투,704,478,94,366,9,4,1,474,4,226
경상남도,창녕군,고암면,관내사전투표,481,481,182,257,27,9,0,475,6,0
경상남도,창녕군,고암면,고암면투표소,1022,670,110,533,17,5,1,666,4,352
경상남도,창녕군,성산면,관내사전투표,306,306,94,194,10,6,0,304,2,0
경상남도,창녕군,성산면,성산면투표소,923,617,70,517,19,3,1,610,7,306
경상남도,창녕군,대합면,관내사전투표,775,775,239,497,33,0,0,769,6,0
경상남도,창녕군,대합면,대합면투표소,2176,1269,185,1017,49,2,0,1253,16,907
경상남도,창녕군,이방면,관내사전투표,477,477,134,299,32,4,2,471,6,0
경상남도,창녕군,이방면,이방면투표소,1249,807,101,670,16,8,0,795,12,442
경상남도,창녕군,유어면,관내사전투표,538,538,176,318,30,5,1,530,8,0
경상남도,창녕군,유어면,유어면투표소,979,597,115,459,14,0,0,588,9,382
경상남도,창녕군,대지면,관내사전투표,855,855,330,461,44,9,0,844,11,0
경상남도,창녕군,대지면,대지면투표소,1343,864,148,686,20,4,1,859,5,479
경상남도,창녕군,계성면,관내사전투표,713,713,291,379,36,5,0,711,2,0
경상남도,창녕군,계성면,계성면투표소,1225,776,107,631,27,2,1,768,8,449
경상남도,창녕군,영산면,관내사전투표,1291,1291,510,709,52,9,2,1282,9,0
경상남도,창녕군,영산면,영산면제1투,2246,1420,284,1061,59,8,1,1413,7,826
경상남도,창녕군,영산면,영산면제2투,627,424,88,325,5,1,1,420,4,203
경상남도,창녕군,장마면,관내사전투표,455,455,166,272,13,1,1,453,2,0
경상남도,창녕군,장마면,장마면투표소,1033,616,110,473,20,8,1,612,4,417
경상남도,창녕군,도천면,관내사전투표,756,756,269,442,31,3,1,746,10,0
경상남도,창녕군,도천면,도천면투표소,1322,820,145,642,23,5,0,815,5,502
경상남도,창녕군,길곡면,관내사전투표,383,383,150,203,20,5,0,378,5,0
경상남도,창녕군,길곡면,길곡면투표소,810,556,100,435,15,2,0,552,4,254
경상남도,창녕군,부곡면,관내사전투표,1063,1063,405,607,40,4,1,1057,6,0
경상남도,창녕군,부곡면,부곡면투표소,1845,1158,175,934,36,3,1,1149,9,687
경상남도,양산시,거소·선상투표,,815,760,264,319,121,6,4,714,46,55
경상남도,양산시,관외사전투표,,21524,21518,11409,6824,2822,211,27,21293,225,6
경상남도,양산시,재외투표,,1164,951,605,205,116,17,1,944,7,213
경상남도,양산시,물금읍,관내사전투표,13181,13181,8542,3477,969,90,11,13089,92,0
경상남도,양산시,물금읍,물금읍제1투,3392,2300,732,1369,156,16,4,2277,23,1092
경상남도,양산시,물금읍,물금읍제2투,3266,2269,811,1168,255,21,2,2257,12,997
경상남도,양산시,물금읍,물금읍제3투,4026,3139,1436,1400,246,37,2,3121,18,887
경상남도,양산시,물금읍,물금읍제4투,2081,1375,477,771,100,10,3,1361,14,706
경상남도,양산시,물금읍,물금읍제5투,1535,1032,384,560,58,15,1,1018,14,503
경상남도,양산시,물금읍,물금읍제6투,1932,1480,575,748,125,11,2,1461,19,452
경상남도,양산시,물금읍,물금읍제7투,2765,1620,519,880,188,20,1,1608,12,1145
경상남도,양산시,물금읍,물금읍제8투,2847,2238,1024,1012,172,20,2,2230,8,609
경상남도,양산시,물금읍,물금읍제9투,2227,1783,789,834,127,15,1,1766,17,444
경상남도,양산시,물금읍,물금읍제10투,2519,2014,989,822,159,26,4,2000,14,505
경상남도,양산시,물금읍,물금읍제11투,4048,2925,1299,1284,284,34,3,2904,21,1123
경상남도,양산시,물금읍,물금읍제12투,2134,1775,871,701,169,16,2,1759,16,359
경상남도,양산시,물금읍,물금읍제13투,1863,1526,624,734,141,19,1,1519,7,337
경상남도,양산시,물금읍,물금읍제14투,1376,939,238,633,50,10,2,933,6,437
경상남도,양산시,물금읍,물금읍제15투,1738,1028,376,556,81,8,1,1022,6,710
경상남도,양산시,물금읍,물금읍제16투,2455,1721,597,963,132,12,2,1706,15,734
경상남도,양산시,물금읍,물금읍제17투,3217,2197,904,1064,179,27,1,2175,22,1020
경상남도,양산시,물금읍,물금읍제18투,3932,2733,1071,1412,195,34,4,2716,17,1199
경상남도,양산시,물금읍,물금읍제19투,2692,2161,883,1096,150,20,1,2150,11,531
경상남도,양산시,물금읍,물금읍제20투,4211,3081,1353,1413,238,38,4,3046,35,1130
경상남도,양산시,물금읍,물금읍제21투,3976,3001,1311,1396,249,30,2,2988,13,975
경상남도,양산시,물금읍,물금읍제22투,3614,2469,948,1322,164,19,0,2453,16,1145
경상남도,양산시,물금읍,물금읍제23투,4374,3364,1378,1665,273,18,6,3340,24,1010
경상남도,양산시,물금읍,물금읍제24투,1904,1509,703,651,129,20,0,1503,6,395
경상남도,양산시,물금읍,물금읍제25투,1258,974,382,479,96,8,2,967,7,284
경상남도,양산시,동면,관내사전투표,5362,5362,3423,1464,394,43,3,5327,35,0
경상남도,양산시,동면,동면제1투,4137,2569,856,1538,122,23,4,2543,26,1568
경상남도,양산시,동면,동면제2투,3457,2482,912,1353,162,26,8,2461,21,975
경상남도,양산시,동면,동면제3투,1773,1366,538,738,63,14,1,1354,12,407
경상남도,양산시,동면,동면제4투,608,457,78,349,18,2,2,449,8,151
경상남도,양산시,동면,동면제5투,3732,2783,1302,1258,169,35,6,2770,13,949
경상남도,양산시,동면,동면제6투,4031,2760,1234,1249,233,27,1,2744,16,1271
경상남도,양산시,동면,동면제7투,3635,2851,1341,1264,198,31,1,2835,16,784
경상남도,양산시,동면,동면제8투,4552,3283,1274,1603,345,42,1,3265,18,1269
경상남도,양산시,동면,동면제9투,2952,2293,832,1189,227,19,3,2270,23,659
경상남도,양산시,동면,동면제10투,4673,3173,1202,1580,330,28,3,3143,30,1500
경상남도,양산시,원동면,관내사전투표,667,667,259,357,36,9,0,661,6,0
경상남도,양산시,원동면,원동면제1투,690,417,58,344,11,2,0,415,2,273
경상남도,양산시,원동면,원동면제2투,838,611,117,469,19,2,1,608,3,227
경상남도,양산시,원동면,원동면제3투,403,301,41,247,11,1,0,300,1,102
경상남도,양산시,상북면,관내사전투표,3582,3582,1845,1480,191,32,6,3554,28,0
경상남도,양산시,상북면,상북면제1투,988,653,160,447,36,3,1,647,6,335
경상남도,양산시,상북면,상북면제2투,3373,2174,603,1405,131,14,3,2156,18,1199
경상남도,양산시,상북면,상북면제3투,1915,1321,385,831,78,9,0,1303,18,594
경상남도,양산시,상북면,상북면제4투,1351,928,286,589,43,6,0,924,4,423
경상남도,양산시,상북면,상북면제5투,919,582,84,471,20,3,0,578,4,337
경상남도,양산시,하북면,관내사전투표,2032,2032,1008,868,133,11,1,2021,11,0
경상남도,양산시,하북면,하북면제1투,1989,1267,249,942,59,9,3,1262,5,722
경상남도,양산시,하북면,하북면제2투,600,389,66,307,13,1,0,387,2,211
경상남도,양산시,하북면,하북면제3투,768,510,80,413,13,1,1,508,2,258
경상남도,양산시,하북면,하북면제4투,1320,860,209,623,19,4,0,855,5,460
경상남도,양산시,중앙동,관내사전투표,3094,3094,1594,1295,154,30,1,3074,20,0
경상남도,양산시,중앙동,중앙동제1투,2034,1241,351,801,76,5,0,1233,8,793
경상남도,양산시,중앙동,중앙동제2투,1745,1094,272,738,63,12,0,1085,9,651
경상남도,양산시,중앙동,중앙동제3투,1426,799,198,545,43,9,0,795,4,627
경상남도,양산시,중앙동,중앙동제4투,1732,1064,267,720,62,7,2,1058,6,668
경상남도,양산시,양주동,관내사전투표,8450,8450,5229,2475,590,83,8,8385,65,0
경상남도,양산시,양주동,양주동제1투,1565,927,302,527,82,12,0,923,4,638
경상남도,양산시,양주동,양주동제2투,3366,2415,732,1452,195,20,2,2401,14,951
경상남도,양산시,양주동,양주동제3투,2549,1779,524,1118,102,20,5,1769,10,770
경상남도,양산시,양주동,양주동제4투,2671,2085,870,1048,130,26,3,2077,8,586
경상남도,양산시,양주동,양주동제5투,4743,3424,1177,1980,207,35,2,3401,23,1319
경상남도,양산시,양주동,양주동제6투,3098,2381,1028,1125,172,33,3,2361,20,717
경상남도,양산시,삼성동,관내사전투표,4579,4579,2588,1576,336,41,11,4552,27,0
경상남도,양산시,삼성동,삼성동제1투,3853,2527,747,1565,169,25,4,2510,17,1326
경상남도,양산시,삼성동,삼성동제2투,2611,1482,479,868,110,10,3,1470,12,1129
경상남도,양산시,삼성동,삼성동제3투,2212,1434,501,797,108,15,2,1423,11,778
경상남도,양산시,삼성동,삼성동제4투,2007,1371,557,720,74,13,0,1364,7,636
경상남도,양산시,삼성동,삼성동제5투,2169,1378,476,785,91,16,3,1371,7,791
경상남도,양산시,강서동,관내사전투표,2397,2397,1477,687,192,24,2,2382,15,0
경상남도,양산시,강서동,강서동제1투,2936,1945,676,1104,131,25,1,1937,8,991
경상남도,양산시,강서동,강서동제2투,2043,1380,562,714,81,5,5,1367,13,663
경상남도,양산시,서창동,관내사전투표,5073,5073,2926,1763,305,42,4,5040,33,0
경상남도,양산시,서창동,서창동제1투,1397,927,213,660,38,9,1,921,6,470
경상남도,양산시,서창동,서창동제2투,2301,1577,565,879,93,22,1,1560,17,724
경상남도,양산시,서창동,서창동제3투,1905,1075,325,673,67,7,0,1072,3,830
경상남도,양산시,서창동,서창동제4투,3631,2593,1091,1286,166,33,2,2578,15,1038
경상남도,양산시,서창동,서창동제5투,1731,1079,354,640,66,5,1,1066,13,652
경상남도,양산시,서창동,서창동제6투,1942,985,293,621,60,5,1,980,5,957
경상남도,양산시,서창동,서창동제7투,2924,2085,858,1035,150,28,2,2073,12,839
경상남도,양산시,소주동,관내사전투표,3572,3572,2123,1187,214,25,2,3551,21,0
경상남도,양산시,소주동,소주동제1투,1605,1116,348,670,74,11,1,1104,12,489
경상남도,양산시,소주동,소주동제2투,3792,2445,807,1448,145,23,3,2426,19,1347
경상남도,양산시,소주동,소주동제3투,1361,960,380,510,47,14,0,951,9,401
경상남도,양산시,소주동,소주동제4투,1678,960,241,658,36,12,1,948,12,718
경상남도,양산시,소주동,소주동제5투,3801,2522,1025,1286,161,27,3,2502,20,1279
경상남도,양산시,평산동,관내사전투표,4704,4704,2896,1470,263,37,6,4672,32,0
경상남도,양산시,평산동,평산동제1투,4034,2640,945,1479,165,26,2,2617,23,1394
경상남도,양산시,평산동,평산동제2투,2146,1537,523,913,79,12,1,1528,9,609
경상남도,양산시,평산동,평산동제3투,1427,1055,362,634,43,7,2,1048,7,372
경상남도,양산시,평산동,평산동제4투,3223,1850,588,1137,94,12,1,1832,18,1373
경상남도,양산시,평산동,평산동제5투,2104,1259,416,734,89,11,0,1250,9,845
경상남도,양산시,평산동,평산동제6투,1582,1044,275,703,52,8,0,1038,6,538
경상남도,양산시,평산동,평산동제7투,2432,1807,727,940,113,18,1,1799,8,625
경상남도,양산시,덕계동,관내사전투표,5298,5298,3101,1790,333,35,5,5264,34,0
경상남도,양산시,덕계동,덕계동제1투,2907,1975,570,1224,145,20,3,1962,13,932
경상남도,양산시,덕계동,덕계동제2투,3573,2402,701,1527,130,25,5,2388,14,1171
경상남도,양산시,덕계동,덕계동제3투,5670,4284,1857,2006,345,46,3,4257,27,1386
경상남도,하동군,거소·선상투표,,183,170,61,75,10,4,2,152,18,13
경상남도,하동군,관외사전투표,,3775,3775,1686,1694,315,40,7,3742,33,0
경상남도,하동군,재외투표,,223,151,97,44,8,1,0,150,1,72
경상남도,하동군,하동읍,관내사전투표,3051,3051,1514,1272,185,36,2,3009,42,0
경상남도,하동군,하동읍,하동읍제1투,2482,1606,394,1122,67,8,6,1597,9,876
경상남도,하동군,하동읍,하동읍제2투,1920,1236,351,790,67,15,1,1224,12,684
경상남도,하동군,화개면,관내사전투표,950,950,512,385,35,5,0,937,13,0
경상남도,하동군,화개면,화개면제1투,879,522,153,342,15,4,1,515,7,357
경상남도,하동군,화개면,화개면제2투,452,329,105,212,3,1,2,323,6,123
경상남도,하동군,악양면,관내사전투표,1130,1130,548,512,39,15,1,1115,15,0
경상남도,하동군,악양면,악양면투표소,1591,950,223,659,38,17,2,939,11,641
경상남도,하동군,적량면,관내사전투표,710,710,358,296,41,8,1,704,6,0
경상남도,하동군,적량면,적량면투표소,915,560,135,397,17,9,0,558,2,355
경상남도,하동군,횡천면,관내사전투표,605,605,246,320,28,2,1,597,8,0
경상남도,하동군,횡천면,횡천면투표소,972,666,133,499,22,3,1,658,8,306
경상남도,하동군,고전면,관내사전투표,527,527,227,252,34,4,0,517,10,0
경상남도,하동군,고전면,고전면투표소,1092,658,173,448,21,10,0,652,6,434
경상남도,하동군,금남면,관내사전투표,894,894,377,452,49,5,1,884,10,0
경상남도,하동군,금남면,금남면투표소,1556,918,210,651,38,5,1,905,13,638
경상남도,하동군,금성면,관내사전투표,723,723,345,305,52,10,2,714,9,0
경상남도,하동군,금성면,금성면투표소,1384,875,224,598,34,5,0,861,14,509
경상남도,하동군,진교면,관내사전투표,1881,1881,763,974,104,13,3,1857,24,0
경상남도,하동군,진교면,진교면투표소,2730,1676,426,1164,64,5,1,1660,16,1054
경상남도,하동군,양보면,관내사전투표,493,493,172,288,23,5,2,490,3,0
경상남도,하동군,양보면,양보면투표소,823,565,113,418,24,4,1,560,5,258
경상남도,하동군,북천면,관내사전투표,562,562,190,336,20,6,0,552,10,0
경상남도,하동군,북천면,북천면투표소,716,427,64,341,10,3,2,420,7,289
경상남도,하동군,청암면,관내사전투표,410,410,165,220,14,2,1,402,8,0
경상남도,하동군,청암면,청암면제1투,305,208,30,169,4,3,0,206,2,97
경상남도,하동군,청암면,청암면제2투,296,215,76,130,6,1,0,213,2,81
경상남도,하동군,옥종면,관내사전투표,1193,1193,521,594,55,6,3,1179,14,0
경상남도,하동군,옥종면,옥종면투표소,2117,1456,312,1076,50,6,3,1447,9,661
경상남도,남해군,거소·선상투표,,104,98,32,51,10,0,1,94,4,6
경상남도,남해군,관외사전투표,,2723,2723,1207,1186,268,30,2,2693,30,0
경상남도,남해군,재외투표,,232,114,73,34,5,2,0,114,0,118
경상남도,남해군,남해읍,관내사전투표,4042,4042,2038,1629,255,52,5,3979,63,0
경상남도,남해군,남해읍,남해읍제1투,1483,936,289,576,49,13,1,928,8,547
경상남도,남해군,남해읍,남해읍제2투,921,604,139,433,14,7,2,595,9,317
경상남도,남해군,남해읍,남해읍제3투,1548,962,282,612,45,13,1,953,9,586
경상남도,남해군,남해읍,남해읍제4투,1999,1311,317,888,71,16,3,1295,16,688
경상남도,남해군,이동면,관내사전투표,987,987,444,475,48,4,2,973,14,0
경상남도,남해군,이동면,이동면제1투,774,516,106,390,14,4,0,514,2,258
경상남도,남해군,이동면,이동면제2투,664,445,118,304,15,4,1,442,3,219
경상남도,남해군,이동면,이동면제3투,644,455,81,346,18,7,0,452,3,189
경상남도,남해군,상주면,관내사전투표,539,539,234,258,19,17,2,530,9,0
경상남도,남해군,상주면,상주면투표소,761,444,115,301,17,3,1,437,7,317
경상남도,남해군,삼동면,관내사전투표,1053,1053,470,510,50,9,0,1039,14,0
경상남도,남해군,삼동면,삼동면제1투,950,570,132,405,25,2,0,564,6,380
경상남도,남해군,삼동면,삼동면제2투,1065,706,167,503,22,3,1,696,10,359
경상남도,남해군,미조면,관내사전투표,596,596,279,284,17,8,2,590,6,0
경상남도,남해군,미조면,미조면투표소,1131,761,139,589,24,2,1,755,6,370
경상남도,남해군,남면,관내사전투표,1131,1131,455,600,56,6,2,1119,12,0
경상남도,남해군,남면,남면제1투,948,562,117,415,23,3,0,558,4,386
경상남도,남해군,남면,남면제2투,695,351,74,267,6,1,1,349,2,344
경상남도,남해군,서면,관내사전투표,693,693,297,347,33,8,1,686,7,0
경상남도,남해군,서면,서면제1투,896,542,130,386,16,1,0,533,9,354
경상남도,남해군,서면,서면제2투,523,382,84,285,9,0,0,378,4,141
경상남도,남해군,고현면,관내사전투표,1107,1107,534,504,43,12,1,1094,13,0
경상남도,남해군,고현면,고현면제1투,884,529,116,386,20,4,1,527,2,355
경상남도,남해군,고현면,고현면제2투,854,604,206,366,16,7,3,598,6,250
경상남도,남해군,설천면,관내사전투표,671,670,299,333,28,4,2,666,4,1
경상남도,남해군,설천면,설천면제1투,968,613,135,435,28,7,1,606,7,355
경상남도,남해군,설천면,설천면제2투,513,387,102,255,19,4,0,380,7,126
경상남도,남해군,창선면,관내사전투표,1544,1544,450,1025,39,6,1,1521,23,0
경상남도,남해군,창선면,창선면제1투,1991,1231,194,979,40,7,0,1220,11,760
경상남도,남해군,창선면,창선면제2투,870,549,75,451,15,3,1,545,4,321
경상남도,함양군,거소·선상투표,,149,145,65,50,14,7,2,138,7,4
경상남도,함양군,관외사전투표,,2671,2671,1146,1219,259,20,2,2646,25,0
경상남도,함양군,재외투표,,213,128,65,48,11,2,0,126,2,85
경상남도,함양군,함양읍,관내사전투표,4302,4302,2036,1932,261,45,2,4276,26,0
경상남도,함양군,함양읍,함양읍제1투,1017,609,122,453,20,3,1,599,10,408
경상남도,함양군,함양읍,함양읍제2투,1238,786,161,582,28,8,1,780,6,452
경상남도,함양군,함양읍,함양읍제3투,2558,1647,485,1023,105,16,1,1630,17,911
경상남도,함양군,함양읍,함양읍제4투,792,523,123,376,10,2,1,512,11,269
경상남도,함양군,함양읍,함양읍제5투,1539,1064,250,747,53,6,3,1059,5,475
경상남도,함양군,함양읍,함양읍제6투,1054,643,164,439,27,5,0,635,8,411
경상남도,함양군,함양읍,함양읍제7투,528,328,67,250,6,3,1,327,1,200
경상남도,함양군,마천면,관내사전투표,707,707,339,316,36,8,3,702,5,0
경상남도,함양군,마천면,마천면투표소,1016,634,135,472,16,2,0,625,9,382
경상남도,함양군,휴천면,관내사전투표,533,533,226,268,31,3,1,529,4,0
경상남도,함양군,휴천면,휴천면투표소,683,405,96,293,10,3,0,402,3,278
경상남도,함양군,유림면,관내사전투표,420,420,155,236,17,8,0,416,4,0
경상남도,함양군,유림면,유림면투표소,840,507,89,396,14,1,1,501,6,333
경상남도,함양군,수동면,관내사전투표,769,769,287,405,51,9,3,755,14,0
경상남도,함양군,수동면,수동면투표소,1243,812,161,619,22,2,2,806,6,431
경상남도,함양군,지곡면,관내사전투표,818,818,333,418,38,8,1,798,20,0
경상남도,함양군,지곡면,지곡면투표소,1039,694,127,532,18,7,4,688,6,345
경상남도,함양군,안의면,관내사전투표,1422,1422,482,846,63,10,2,1403,19,0
경상남도,함양군,안의면,안의면제1투,1125,729,123,562,30,3,2,720,9,396
경상남도,함양군,안의면,안의면제2투,1074,639,114,489,22,5,0,630,9,435
경상남도,함양군,서하면,관내사전투표,399,399,157,207,21,5,2,392,7,0
경상남도,함양군,서하면,서하면투표소,679,445,76,346,11,2,0,435,10,234
경상남도,함양군,서상면,관내사전투표,599,599,239,310,40,5,0,594,5,0
경상남도,함양군,서상면,서상면투표소,889,591,111,454,16,2,0,583,8,298
경상남도,함양군,백전면,관내사전투표,437,437,191,215,23,5,1,435,2,0
경상남도,함양군,백전면,백전면투표소,791,505,85,400,13,3,0,501,4,286
경상남도,함양군,병곡면,관내사전투표,509,509,197,267,29,9,0,502,7,0
경상남도,함양군,병곡면,병곡면투표소,649,428,82,333,6,2,0,423,5,221
경상남도,산청군,거소·선상투표,,141,133,41,69,9,3,2,124,9,8
경상남도,산청군,관외사전투표,,3514,3512,1417,1735,294,37,6,3489,23,2
경상남도,산청군,재외투표,,224,118,79,28,11,0,0,118,0,106
경상남도,산청군,산청읍,관내사전투표,1761,1761,788,804,114,29,3,1738,23,0
경상남도,산청군,산청읍,산청읍제1투,2579,1640,343,1190,74,18,1,1626,14,939
경상남도,산청군,산청읍,산청읍제2투,734,481,91,369,16,1,1,478,3,253
경상남도,산청군,차황면,관내사전투표,344,344,127,197,14,1,0,339,5,0
경상남도,산청군,차황면,차황면투표소,761,514,97,401,5,4,0,507,7,247
경상남도,산청군,오부면,관내사전투표,264,264,87,154,13,4,1,259,5,0
경상남도,산청군,오부면,오부면투표소,533,347,48,281,11,4,0,344,3,186
경상남도,산청군,생초면,관내사전투표,500,500,146,322,24,2,0,494,6,0
경상남도,산청군,생초면,생초면투표소,1042,670,102,529,24,4,2,661,9,372
경상남도,산청군,금서면,관내사전투표,806,806,348,384,46,12,1,791,15,0
경상남도,산청군,금서면,금서면제1투,1129,675,149,493,19,4,3,668,7,454
경상남도,산청군,금서면,금서면제2투,487,341,59,260,11,4,2,336,5,146
경상남도,산청군,삼장면,관내사전투표,489,489,178,282,26,1,0,487,2,0
경상남도,산청군,삼장면,삼장면투표소,947,661,108,534,12,1,2,657,4,286
경상남도,산청군,시천면,관내사전투표,1147,1147,524,569,35,11,1,1140,7,0
경상남도,산청군,시천면,시천면제1투,1152,778,145,607,18,2,0,772,6,374
경상남도,산청군,시천면,시천면제2투,979,665,111,530,15,3,1,660,5,314
경상남도,산청군,단성면,관내사전투표,1546,1546,611,844,60,16,0,1531,15,0
경상남도,산청군,단성면,단성면제1투,2299,1408,242,1096,37,9,5,1389,19,891
경상남도,산청군,단성면,단성면제2투,613,436,94,318,16,4,0,432,4,177
경상남도,산청군,신안면,관내사전투표,1442,1442,688,657,75,13,1,1434,8,0
경상남도,산청군,신안면,신안면제1투,2037,1350,245,1010,62,14,0,1331,19,687
경상남도,산청군,신안면,신안면제2투,821,551,110,417,16,3,1,547,4,270
경상남도,산청군,생비량면,관내사전투표,316,316,93,204,10,2,0,309,7,0
경상남도,산청군,생비량면,생비량면투표소,635,437,58,356,13,4,0,431,6,198
경상남도,산청군,신등면,관내사전투표,598,598,222,337,25,6,1,591,7,0
경상남도,산청군,신등면,신등면투표소,1128,738,127,571,25,3,2,728,10,390
경상남도,거창군,거소·선상투표,,106,101,29,52,17,0,0,98,3,5
경상남도,거창군,관외사전투표,,3872,3870,1532,1715,534,38,7,3826,44,2
경상남도,거창군,재외투표,,380,221,134,63,15,8,0,220,1,159
경상남도,거창군,거창읍,관내사전투표,8033,8033,3572,3687,628,77,9,7973,60,0
경상남도,거창군,거창읍,거창읍제1투,2999,1952,601,1185,132,15,2,1935,17,1047
경상남도,거창군,거창읍,거창읍제2투,2110,1383,280,1008,75,6,2,1371,12,727
경상남도,거창군,거창읍,거창읍제3투,2153,1484,349,1035,78,8,2,1472,12,669
경상남도,거창군,거창읍,거창읍제4투,2810,1827,405,1276,111,19,1,1812,15,983
경상남도,거창군,거창읍,거창읍제5투,2680,1755,357,1277,86,14,4,1738,17,925
경상남도,거창군,거창읍,거창읍제6투,1808,1200,254,887,43,6,1,1191,9,608
경상남도,거창군,거창읍,거창읍제7투,2214,1428,360,916,120,10,1,1407,21,786
경상남도,거창군,거창읍,거창읍제8투,1061,747,123,581,26,3,2,735,12,314
경상남도,거창군,거창읍,거창읍제9투,1244,848,226,558,45,9,0,838,10,396
경상남도,거창군,거창읍,거창읍제10투,2032,1313,294,916,78,8,3,1299,14,719
경상남도,거창군,주상면,관내사전투표,728,728,244,433,31,4,2,714,14,0
경상남도,거창군,주상면,주상면투표소,761,528,76,424,17,0,1,518,10,233
경상남도,거창군,웅양면,관내사전투표,667,667,249,370,35,6,1,661,6,0
경상남도,거창군,웅양면,웅양면투표소,904,608,133,439,17,10,2,601,7,296
경상남도,거창군,고제면,관내사전투표,571,571,215,321,24,3,2,565,6,0
경상남도,거창군,고제면,고제면투표소,718,465,88,355,18,1,1,463,2,253
경상남도,거창군,북상면,관내사전투표,596,596,234,325,26,3,2,590,6,0
경상남도,거창군,북상면,북상면투표소,713,444,82,335,13,2,2,434,10,269
경상남도,거창군,위천면,관내사전투표,691,691,244,386,45,6,0,681,10,0
경상남도,거창군,위천면,위천면투표소,967,638,99,494,29,6,3,631,7,329
경상남도,거창군,마리면,관내사전투표,845,845,319,466,48,7,0,840,5,0
경상남도,거창군,마리면,마리면투표소,1070,682,109,544,19,1,0,673,9,388
경상남도,거창군,남상면,관내사전투표,928,928,336,513,47,10,4,910,18,0
경상남도,거창군,남상면,남상면투표소,1239,759,138,576,30,1,2,747,12,480
경상남도,거창군,남하면,관내사전투표,995,995,374,539,61,9,3,986,9,0
경상남도,거창군,남하면,남하면투표소,738,485,95,362,18,2,2,479,6,253
경상남도,거창군,신원면,관내사전투표,529,529,164,330,21,4,2,521,8,0
경상남도,거창군,신원면,신원면투표소,742,476,92,349,19,4,1,465,11,266
경상남도,거창군,가조면,관내사전투표,1419,1419,413,906,66,15,1,1401,18,0
경상남도,거창군,가조면,가조면투표소,1898,1294,197,1023,47,13,0,1280,14,604
경상남도,거창군,가북면,관내사전투표,383,383,124,238,13,1,0,376,7,0
경상남도,거창군,가북면,가북면투표소,712,480,82,375,8,3,0,468,12,232
경상남도,합천군,거소·선상투표,,259,215,34,130,21,4,6,195,20,44
경상남도,합천군,관외사전투표,,3422,3422,1175,1930,262,31,3,3401,21,0
경상남도,합천군,재외투표,,305,131,65,54,9,1,0,129,2,174
경상남도,합천군,합천읍,관내사전투표,3149,3149,1259,1634,189,40,0,3122,27,0
경상남도,합천군,합천읍,합천읍제1투,2993,1862,321,1460,61,4,1,1847,15,1131
경상남도,합천군,합천읍,합천읍제2투,2410,1614,265,1262,62,11,2,1602,12,796
경상남도,합천군,봉산면,관내사전투표,339,339,100,225,8,0,0,333,6,0
경상남도,합천군,봉산면,봉산면투표소,772,464,68,378,9,1,0,456,8,308
경상남도,합천군,묘산면,관내사전투표,375,375,107,250,11,1,0,369,6,0
경상남도,합천군,묘산면,묘산면투표소,844,536,65,442,13,3,0,523,13,308
경상남도,합천군,가야면,관내사전투표,776,776,300,427,32,8,1,768,8,0
경상남도,합천군,가야면,가야면제1투,992,633,89,514,25,0,2,630,3,359
경상남도,합천군,가야면,가야면제2투,985,714,100,589,11,3,1,704,10,271
경상남도,합천군,가야면,가야면제3투,419,275,69,189,13,1,1,273,2,144
경상남도,합천군,야로면,관내사전투표,557,557,165,359,20,2,1,547,10,0
경상남도,합천군,야로면,야로면투표소,1321,845,112,694,21,4,0,831,14,476
경상남도,합천군,율곡면,관내사전투표,471,471,134,305,23,3,2,467,4,0
경상남도,합천군,율곡면,율곡면투표소,1239,804,115,648,19,5,2,789,15,435
경상남도,합천군,초계면,관내사전투표,561,561,162,369,24,1,0,556,5,0
경상남도,합천군,초계면,초계면투표소,1316,875,146,695,16,6,3,866,9,441
경상남도,합천군,쌍책면,관내사전투표,234,234,59,149,18,0,0,226,8,0
경상남도,합천군,쌍책면,쌍책면투표소,801,594,58,511,13,4,0,586,8,207
경상남도,합천군,덕곡면,관내사전투표,183,183,46,126,9,0,1,182,1,0
경상남도,합천군,덕곡면,덕곡면투표소,494,331,42,279,4,1,0,326,5,163
경상남도,합천군,청덕면,관내사전투표,249,249,73,165,7,2,1,248,1,0
경상남도,합천군,청덕면,청덕면투표소,933,605,81,497,6,3,1,588,17,328
경상남도,합천군,적중면,관내사전투표,276,276,81,172,15,5,1,274,2,0
경상남도,합천군,적중면,적중면투표소,833,543,84,433,12,1,1,531,12,290
경상남도,합천군,대양면,관내사전투표,309,308,114,169,20,4,0,307,1,1
경상남도,합천군,대양면,대양면투표소,962,606,86,487,21,3,0,597,9,356
경상남도,합천군,쌍백면,관내사전투표,401,401,122,252,18,1,2,395,6,0
경상남도,합천군,쌍백면,쌍백면투표소,940,573,75,460,18,4,3,560,13,367
경상남도,합천군,삼가면,관내사전투표,777,777,258,466,29,10,1,764,13,0
경상남도,합천군,삼가면,삼가면투표소,1814,1163,185,916,34,10,3,1148,15,651
경상남도,합천군,가회면,관내사전투표,447,447,163,256,18,5,2,444,3,0
경상남도,합천군,가회면,가회면투표소,863,537,92,416,14,1,2,525,12,326
경상남도,합천군,대병면,관내사전투표,549,549,168,338,25,7,1,539,10,0
경상남도,합천군,대병면,대병면투표소,1032,630,75,532,12,2,0,621,9,402
경상남도,합천군,용주면,관내사전투표,601,601,174,390,27,7,0,598,3,0
경상남도,합천군,용주면,용주면투표소,1126,710,114,564,19,1,2,700,10,416
경상남도,창원시의창구,거소·선상투표,,409,395,104,205,62,5,1,377,18,14
경상남도,창원시의창구,관외사전투표,,16918,16917,8042,6042,2420,204,27,16735,182,1
경상남도,창원시의창구,재외투표,,719,540,342,121,64,9,0,536,4,179
경상남도,창원시의창구,동읍,관내사전투표,3326,3326,1809,1239,202,46,7,3303,23,0
경상남도,창원시의창구,동읍,동읍제1투,1026,749,289,349,82,21,1,742,7,277
경상남도,창원시의창구,동읍,동읍제2투,1862,1205,315,790,80,13,1,1199,6,657
경상남도,창원시의창구,동읍,동읍제3투,1524,1101,349,677,50,13,0,1089,12,423
경상남도,창원시의창구,동읍,동읍제4투,2297,1722,686,881,114,24,2,1707,15,575
경상남도,창원시의창구,동읍,동읍제5투,2691,1818,570,1087,115,33,4,1809,9,873
경상남도,창원시의창구,동읍,동읍제6투,1100,757,147,563,34,5,1,750,7,343
경상남도,창원시의창구,동읍,동읍제7투,1025,695,142,516,27,8,0,693,2,330
경상남도,창원시의창구,북면,관내사전투표,6782,6782,3906,2210,531,90,6,6743,39,0
경상남도,창원시의창구,북면,북면제1투,3342,2506,816,1473,175,27,1,2492,14,836
경상남도,창원시의창구,북면,북면제2투,2223,1673,548,971,123,21,1,1664,9,550
경상남도,창원시의창구,북면,북면제3투,2224,1815,696,946,142,25,0,1809,6,409
경상남도,창원시의창구,북면,북면제4투,2451,1812,660,940,167,19,3,1789,23,639
경상남도,창원시의창구,북면,북면제5투,2160,1529,446,958,98,17,1,1520,9,631
경상남도,창원시의창구,북면,북면제6투,2233,1643,687,765,152,24,4,1632,11,590
경상남도,창원시의창구,북면,북면제7투,2924,2204,870,1098,188,26,1,2183,21,720
경상남도,창원시의창구,북면,북면제8투,3133,2090,495,1488,83,10,2,2078,12,1043
경상남도,창원시의창구,북면,북면제9투,771,561,116,421,17,2,0,556,5,210
경상남도,창원시의창구,북면,북면제10투,2325,1653,580,853,172,26,1,1632,21,672
경상남도,창원시의창구,대산면,관내사전투표,1532,1532,830,589,88,11,1,1519,13,0
경상남도,창원시의창구,대산면,대산면제1투,1195,802,204,554,29,7,2,796,6,393
경상남도,창원시의창구,대산면,대산면제2투,2179,1297,363,836,67,16,3,1285,12,882
경상남도,창원시의창구,대산면,대산면제3투,845,567,173,355,25,12,0,565,2,278
경상남도,창원시의창구,의창동,관내사전투표,5840,5840,2895,2421,414,65,5,5800,40,0
경상남도,창원시의창구,의창동,의창동제1투,1604,1119,223,825,58,7,0,1113,6,485
경상남도,창원시의창구,의창동,의창동제2투,2232,1588,364,1124,73,12,3,1576,12,644
경상남도,창원시의창구,의창동,의창동제3투,2255,1634,512,974,121,13,1,1621,13,621
경상남도,창원시의창구,의창동,의창동제4투,2477,1657,442,1071,98,22,3,1636,21,820
경상남도,창원시의창구,의창동,의창동제5투,2490,1802,462,1183,105,36,2,1788,14,688
경상남도,창원시의창구,의창동,의창동제6투,2222,1485,380,957,114,21,1,1473,12,737
경상남도,창원시의창구,의창동,의창동제7투,1642,1207,342,786,61,7,1,1197,10,435
경상남도,창원시의창구,의창동,의창동제8투,1437,1075,307,680,67,10,1,1065,10,362
경상남도,창원시의창구,의창동,의창동제9투,2838,1766,516,1020,188,16,5,1745,21,1072
경상남도,창원시의창구,의창동,의창동제10투,3176,2694,911,1499,249,23,4,2686,8,482
경상남도,창원시의창구,의창동,의창동제11투,2146,1747,572,971,178,17,1,1739,8,399
경상남도,창원시의창구,의창동,의창동제12투,2589,2217,719,1244,216,23,0,2202,15,372
경상남도,창원시의창구,의창동,의창동제13투,3084,2580,882,1401,249,35,1,2568,12,504
경상남도,창원시의창구,팔룡동,관내사전투표,5352,5352,2751,2028,474,59,5,5317,35,0
경상남도,창원시의창구,팔룡동,팔룡동제1투,2145,1498,388,972,109,17,1,1487,11,647
경상남도,창원시의창구,팔룡동,팔룡동제2투,2048,1249,310,804,97,22,2,1235,14,799
경상남도,창원시의창구,팔룡동,팔룡동제3투,2687,1764,491,1116,121,23,3,1754,10,923
경상남도,창원시의창구,팔룡동,팔룡동제4투,2666,1975,687,1027,201,39,3,1957,18,691
경상남도,창원시의창구,팔룡동,팔룡동제5투,2981,2357,874,1218,202,37,3,2334,23,624
경상남도,창원시의창구,팔룡동,팔룡동제6투,2179,1628,607,819,169,17,5,1617,11,551
경상남도,창원시의창구,명곡동,관내사전투표,7162,7162,3830,2635,558,84,6,7113,49,0
경상남도,창원시의창구,명곡동,명곡동제1투,2808,1999,593,1227,135,21,1,1977,22,809
경상남도,창원시의창구,명곡동,명곡동제2투,2826,2037,659,1192,137,30,2,2020,17,789
경상남도,창원시의창구,명곡동,명곡동제3투,2456,1851,615,1048,146,28,5,1842,9,605
경상남도,창원시의창구,명곡동,명곡동제4투,1970,1259,381,757,93,19,2,1252,7,711
경상남도,창원시의창구,명곡동,명곡동제5투,2839,2293,627,1416,213,24,1,2281,12,546
경상남도,창원시의창구,명곡동,명곡동제6투,1984,1366,391,866,89,9,1,1356,10,618
경상남도,창원시의창구,명곡동,명곡동제7투,2309,1622,380,1101,113,10,4,1608,14,687
경상남도,창원시의창구,명곡동,명곡동제8투,2139,1446,369,940,104,18,1,1432,14,693
경상남도,창원시의창구,명곡동,명곡동제9투,2150,1459,417,938,86,10,1,1452,7,691
경상남도,창원시의창구,명곡동,명곡동제10투,1750,1237,361,772,75,15,2,1225,12,513
경상남도,창원시의창구,명곡동,명곡동제11투,1695,1132,284,747,78,14,0,1123,9,563
경상남도,창원시의창구,봉림동,관내사전투표,4557,4557,2411,1709,344,54,3,4521,36,0
경상남도,창원시의창구,봉림동,봉림동제1투,2724,1823,496,1184,115,13,2,1810,13,901
경상남도,창원시의창구,봉림동,봉림동제2투,2419,1693,486,1060,120,15,1,1682,11,726
경상남도,창원시의창구,봉림동,봉림동제3투,2209,1448,388,928,108,14,2,1440,8,761
경상남도,창원시의창구,봉림동,봉림동제4투,2159,1451,441,871,111,16,1,1440,11,708
경상남도,창원시의창구,봉림동,봉림동제5투,3100,2089,633,1260,160,15,5,2073,16,1011
경상남도,창원시의창구,봉림동,봉림동제6투,3939,2671,680,1663,290,18,1,2652,19,1268
경상남도,창원시의창구,봉림동,봉림동제7투,2584,1758,475,1101,145,17,1,1739,19,826
경상남도,창원시성산구,거소·선상투표,,412,400,108,203,70,5,2,388,12,12
경상남도,창원시성산구,관외사전투표,,16799,16797,7781,5796,2738,259,26,16600,197,2
경상남도,창원시성산구,재외투표,,896,712,413,183,98,14,0,708,4,184
경상남도,창원시성산구,반송동,관내사전투표,6831,6831,3959,2178,537,108,6,6788,43,0
경상남도,창원시성산구,반송동,반송동제1투,1872,1533,462,931,115,18,2,1528,5,339
경상남도,창원시성산구,반송동,반송동제2투,2049,1621,494,925,152,32,1,1604,17,428
경상남도,창원시성산구,반송동,반송동제3투,1904,1528,521,808,164,24,1,1518,10,376
경상남도,창원시성산구,반송동,반송동제4투,1971,1595,563,862,133,28,2,1588,7,376
경상남도,창원시성산구,반송동,반송동제5투,1759,1386,435,811,116,14,0,1376,10,373
경상남도,창원시성산구,반송동,반송동제6투,1944,1549,504,877,141,20,1,1543,6,395
경상남도,창원시성산구,반송동,반송동제7투,2159,1629,510,966,120,17,0,1613,16,530
경상남도,창원시성산구,반송동,반송동제8투,2177,1575,432,1013,100,20,2,1567,8,602
경상남도,창원시성산구,반송동,반송동제9투,2130,1550,478,927,110,23,1,1539,11,580
경상남도,창원시성산구,반송동,반송동제10투,2102,1538,501,882,117,21,3,1524,14,564
경상남도,창원시성산구,반송동,반송동제11투,2470,2070,721,1164,139,32,1,2057,13,400
경상남도,창원시성산구,중앙동,관내사전투표,5445,5445,3001,1669,651,86,1,5408,37,0
경상남도,창원시성산구,중앙동,중앙동제1투,2283,1314,329,831,132,9,2,1303,11,969
경상남도,창원시성산구,중앙동,중앙동제2투,3322,1831,425,1146,226,16,0,1813,18,1491
경상남도,창원시성산구,중앙동,중앙동제3투,1840,1206,306,765,110,15,2,1198,8,634
경상남도,창원시성산구,중앙동,중앙동제4투,2926,1777,484,1040,222,15,1,1762,15,1149
경상남도,창원시성산구,중앙동,중앙동제5투,1845,1271,424,704,117,19,1,1265,6,574
경상남도,창원시성산구,중앙동,중앙동제6투,2850,2259,841,1149,211,34,1,2236,23,591
경상남도,창원시성산구,중앙동,중앙동제7투,3298,2689,993,1363,261,47,0,2664,25,609
경상남도,창원시성산구,중앙동,중앙동제8투,2163,1693,611,925,117,26,4,1683,10,470
경상남도,창원시성산구,중앙동,중앙동제9투,1828,1493,378,968,121,17,2,1486,7,335
경상남도,창원시성산구,중앙동,중앙동제10투,2236,1832,669,886,231,29,1,1816,16,404
경상남도,창원시성산구,용지동,관내사전투표,4474,4474,2474,1361,504,81,3,4423,51,0
경상남도,창원시성산구,용지동,용지동제1투,3482,2677,827,1518,279,31,0,2655,22,805
경상남도,창원시성산구,용지동,용지동제2투,2376,1682,409,1068,170,14,1,1662,20,694
경상남도,창원시성산구,용지동,용지동제3투,2515,1832,567,1063,143,37,2,1812,20,683
경상남도,창원시성산구,용지동,용지동제4투,2103,1462,441,888,109,15,3,1456,6,641
경상남도,창원시성산구,용지동,용지동제5투,3158,2173,637,1313,174,29,3,2156,17,985
경상남도,창원시성산구,용지동,용지동제6투,2501,1940,577,1154,166,31,1,1929,11,561
경상남도,창원시성산구,상남동,관내사전투표,6434,6434,3716,1971,606,89,6,6388,46,0
경상남도,창원시성산구,상남동,상남동제1투,2374,1732,579,924,186,29,3,1721,11,642
경상남도,창원시성산구,상남동,상남동제2투,1873,1315,411,746,121,20,2,1300,15,558
경상남도,창원시성산구,상남동,상남동제3투,2381,1852,598,1063,145,38,1,1845,7,529
경상남도,창원시성산구,상남동,상남동제4투,2448,1821,556,1083,147,25,0,1811,10,627
경상남도,창원시성산구,상남동,상남동제5투,2985,2247,793,1204,198,42,1,2238,9,738
경상남도,창원시성산구,상남동,상남동제6투,2868,1909,508,1216,145,32,2,1903,6,959
경상남도,창원시성산구,사파동,관내사전투표,8048,8046,4757,2441,651,125,11,7985,61,2
경상남도,창원시성산구,사파동,사파동제1투,3214,2264,763,1248,196,34,3,2244,20,950
경상남도,창원시성산구,사파동,사파동제2투,2264,1634,472,996,131,17,0,1616,18,630
경상남도,창원시성산구,사파동,사파동제3투,1548,1178,432,604,114,22,0,1172,6,370
경상남도,창원시성산구,사파동,사파동제4투,2574,1929,663,1055,152,41,3,1914,15,645
경상남도,창원시성산구,사파동,사파동제5투,2695,1972,642,1128,155,38,2,1965,7,723
경상남도,창원시성산구,사파동,사파동제6투,2160,1719,601,926,140,34,3,1704,15,441
경상남도,창원시성산구,사파동,사파동제7투,2736,1864,534,1089,186,36,3,1848,16,872
경상남도,창원시성산구,사파동,사파동제8투,2253,1642,524,922,139,42,1,1628,14,611
경상남도,창원시성산구,사파동,사파동제9투,2541,1915,717,991,147,42,3,1900,15,626
경상남도,창원시성산구,사파동,사파동제10투,2162,1728,725,833,126,35,0,1719,9,434
경상남도,창원시성산구,사파동,사파동제11투,2718,2149,890,974,221,46,7,2138,11,569
경상남도,창원시성산구,가음정동,관내사전투표,6671,6671,4115,1858,551,98,0,6622,49,0
경상남도,창원시성산구,가음정동,가음정동제1투,1844,1362,476,683,176,12,3,1350,12,482
경상남도,창원시성산구,가음정동,가음정동제2투,2689,2241,891,1020,276,39,2,2228,13,448
경상남도,창원시성산구,가음정동,가음정동제3투,2690,2132,747,1126,195,42,5,2115,17,558
경상남도,창원시성산구,가음정동,가음정동제4투,1084,794,247,466,62,17,0,792,2,290
경상남도,창원시성산구,가음정동,가음정동제5투,2948,2348,898,1234,165,32,4,2333,15,600
경상남도,창원시성산구,가음정동,가음정동제6투,2619,2113,762,1130,168,34,7,2101,12,506
경상남도,창원시성산구,가음정동,가음정동제7투,2357,1877,654,1030,144,32,2,1862,15,480
경상남도,창원시성산구,가음정동,가음정동제8투,1793,1217,373,719,98,17,2,1209,8,576
경상남도,창원시성산구,가음정동,가음정동제9투,1819,1327,517,635,133,25,2,1312,15,492
경상남도,창원시성산구,가음정동,가음정동제10투,2665,2041,703,1122,154,41,2,2022,19,624
경상남도,창원시성산구,성주동,관내사전투표,3878,3878,2366,1072,341,69,8,3856,22,0
경상남도,창원시성산구,성주동,성주동제1투,2879,2234,670,1276,237,29,2,2214,20,645
경상남도,창원시성산구,성주동,성주동제2투,1986,1356,505,680,138,18,0,1341,15,630
경상남도,창원시성산구,성주동,성주동제3투,2389,1710,678,861,135,24,3,1701,9,679
경상남도,창원시성산구,성주동,성주동제4투,3302,2577,980,1284,234,41,4,2543,34,725
경상남도,창원시성산구,성주동,성주동제5투,2598,2108,715,1142,206,32,2,2097,11,490
경상남도,창원시성산구,성주동,성주동제6투,2305,1854,624,1009,172,33,1,1839,15,451
경상남도,창원시성산구,웅남동,관내사전투표,1755,1755,949,605,155,29,2,1740,15,0
경상남도,창원시성산구,웅남동,웅남동제1투,852,564,125,395,38,1,1,560,4,288
경상남도,창원시성산구,웅남동,웅남동제2투,1574,1164,377,659,99,19,4,1158,6,410
경상남도,창원시성산구,웅남동,웅남동제3투,1402,1019,286,650,59,9,0,1004,15,383
경상남도,창원시성산구,웅남동,웅남동제4투,445,320,60,212,40,2,1,315,5,125
경상남도,창원시마산합포구,거소·선상투표,,433,416,143,190,56,6,7,402,14,17
경상남도,창원시마산합포구,관외사전투표,,11813,11811,5526,4496,1519,131,14,11686,125,2
경상남도,창원시마산합포구,재외투표,,822,525,312,149,53,6,0,520,5,297
경상남도,창원시마산합포구,구산면,관내사전투표,662,662,245,379,27,6,1,658,4,0
경상남도,창원시마산합포구,구산면,구산면제1투,946,649,105,510,19,4,3,641,8,297
경상남도,창원시마산합포구,구산면,구산면제2투,1692,1148,170,917,29,6,1,1123,25,544
경상남도,창원시마산합포구,진동면,관내사전투표,2668,2668,1320,1168,137,17,1,2643,25,0
경상남도,창원시마산합포구,진동면,진동면제1투,704,524,90,405,15,7,1,518,6,180
경상남도,창원시마산합포구,진동면,진동면제2투,2217,1502,352,1075,58,7,0,1492,10,715
경상남도,창원시마산합포구,진동면,진동면제3투,1399,898,159,700,31,2,0,892,6,501
경상남도,창원시마산합포구,진동면,진동면제4투,2304,1601,484,995,104,7,1,1591,10,703
경상남도,창원시마산합포구,진북면,관내사전투표,653,653,271,345,26,5,0,647,6,0
경상남도,창원시마산합포구,진북면,진북면제1투,1477,953,141,773,22,6,1,943,10,524
경상남도,창원시마산합포구,진북면,진북면제2투,613,402,63,311,14,6,1,395,7,211
경상남도,창원시마산합포구,진전면,관내사전투표,747,747,251,433,40,9,2,735,12,0
경상남도,창원시마산합포구,진전면,진전면제1투,1256,826,132,659,23,7,0,821,5,430
경상남도,창원시마산합포구,진전면,진전면제2투,1052,760,113,605,26,3,1,748,12,292
경상남도,창원시마산합포구,현동,관내사전투표,3319,3319,1768,1284,214,30,3,3299,20,0
경상남도,창원시마산합포구,현동,현동제1투,2098,1552,517,917,94,10,2,1540,12,546
경상남도,창원시마산합포구,현동,현동제2투,2362,1608,377,1132,79,15,3,1606,2,754
경상남도,창원시마산합포구,현동,현동제3투,2125,1586,601,822,135,18,1,1577,9,539
경상남도,창원시마산합포구,가포동,관내사전투표,1468,1468,784,511,145,18,0,1458,10,0
경상남도,창원시마산합포구,가포동,가포동투표소,2762,1840,504,1108,181,22,2,1817,23,922
경상남도,창원시마산합포구,월영동,관내사전투표,6847,6847,3440,2814,476,69,8,6807,40,0
경상남도,창원시마산합포구,월영동,월영동제1투,1777,1062,200,749,92,13,2,1056,6,715
경상남도,창원시마산합포구,월영동,월영동제2투,1471,975,219,703,38,9,3,972,3,496
경상남도,창원시마산합포구,월영동,월영동제3투,2478,1793,530,1094,146,17,0,1787,6,685
경상남도,창원시마산합포구,월영동,월영동제4투,2326,1592,410,1073,92,9,2,1586,6,734
경상남도,창원시마산합포구,월영동,월영동제5투,1800,1373,337,940,75,9,0,1361,12,427
경상남도,창원시마산합포구,월영동,월영동제6투,2393,1695,412,1136,113,20,4,1685,10,698
경상남도,창원시마산합포구,월영동,월영동제7투,3623,2554,698,1642,175,24,1,2540,14,1069
경상남도,창원시마산합포구,월영동,월영동제8투,3278,2689,1055,1337,253,23,1,2669,20,589
경상남도,창원시마산합포구,월영동,월영동제9투,3000,2361,915,1218,191,20,0,2344,17,639
경상남도,창원시마산합포구,문화동,관내사전투표,3252,3252,1434,1496,263,21,6,3220,32,0
경상남도,창원시마산합포구,문화동,문화동제1투,2199,1401,263,1019,97,8,2,1389,12,798
경상남도,창원시마산합포구,문화동,문화동제2투,1749,1140,242,816,68,7,0,1133,7,609
경상남도,창원시마산합포구,문화동,문화동제3투,2616,1737,381,1226,100,18,0,1725,12,879
경상남도,창원시마산합포구,반월중앙동,관내사전투표,2455,2455,1143,1138,131,22,4,2438,17,0
경상남도,창원시마산합포구,반월중앙동,반월중앙동제1투,2729,1965,484,1333,110,21,1,1949,16,764
경상남도,창원시마산합포구,반월중앙동,반월중앙동제2투,844,511,84,395,23,8,0,510,1,333
경상남도,창원시마산합포구,반월중앙동,반월중앙동제3투,2089,1481,330,1046,68,19,4,1467,14,608
경상남도,창원시마산합포구,반월중앙동,반월중앙동제4투,2552,1957,480,1360,94,14,2,1950,7,595
경상남도,창원시마산합포구,완월동,관내사전투표,2468,2468,1133,1114,170,25,3,2445,23,0
경상남도,창원시마산합포구,완월동,완월동제1투,1145,736,143,539,41,4,0,727,9,409
경상남도,창원시마산합포구,완월동,완월동제2투,1859,1287,243,951,76,11,0,1281,6,572
경상남도,창원시마산합포구,완월동,완월동제3투,2330,1591,386,1086,87,17,2,1578,13,739
경상남도,창원시마산합포구,자산동,관내사전투표,1934,1934,816,988,102,14,4,1924,10,0
경상남도,창원시마산합포구,자산동,자산동제1투,2737,1855,341,1403,91,9,0,1844,11,882
경상남도,창원시마산합포구,자산동,자산동제2투,2756,1764,356,1292,84,14,2,1748,16,992
경상남도,창원시마산합포구,오동동,관내사전투표,2833,2833,1109,1536,148,18,6,2817,16,0
경상남도,창원시마산합포구,오동동,오동동제1투,2621,1519,254,1156,89,6,1,1506,13,1102
경상남도,창원시마산합포구,오동동,오동동제2투,2074,1506,352,1056,73,13,2,1496,10,568
경상남도,창원시마산합포구,오동동,오동동제3투,1689,1338,303,935,81,10,1,1330,8,351
경상남도,창원시마산합포구,오동동,오동동제4투,1879,1237,259,912,47,6,1,1225,12,642
경상남도,창원시마산합포구,오동동,오동동제5투,2437,1548,414,990,117,11,1,1533,15,889
경상남도,창원시마산합포구,오동동,오동동제6투,1328,795,156,595,37,2,0,790,5,533
경상남도,창원시마산합포구,교방동,관내사전투표,3017,3016,1474,1267,226,30,2,2999,17,1
경상남도,창원시마산합포구,교방동,교방동제1투,3684,2622,597,1801,168,32,4,2602,20,1062
경상남도,창원시마산합포구,교방동,교방동제2투,2601,1957,581,1174,166,21,3,1945,12,644
경상남도,창원시마산합포구,교방동,교방동제3투,2689,2091,585,1330,138,21,0,2074,17,598
경상남도,창원시마산합포구,교방동,교방동제4투,1950,1265,237,953,52,9,2,1253,12,685
경상남도,창원시마산합포구,합포동,관내사전투표,1902,1901,867,893,109,21,2,1892,9,1
경상남도,창원시마산합포구,합포동,합포동제1투,2768,1882,482,1242,129,15,2,1870,12,886
경상남도,창원시마산합포구,합포동,합포동제2투,1242,729,124,569,26,7,0,726,3,513
경상남도,창원시마산합포구,산호동,관내사전투표,2150,2150,939,1020,148,18,3,2128,22,0
경상남도,창원시마산합포구,산호동,산호동제1투,1891,1350,325,939,47,24,5,1340,10,541
경상남도,창원시마산합포구,산호동,산호동제2투,1604,1055,255,717,60,9,0,1041,14,549
경상남도,창원시마산합포구,산호동,산호동제3투,2169,1501,363,1025,84,13,2,1487,14,668
경상남도,창원시마산합포구,산호동,산호동제4투,1691,1043,218,751,57,8,1,1035,8,648
경상남도,창원시마산회원구,거소·선상투표,,380,352,95,156,72,3,5,331,21,28
경상남도,창원시마산회원구,관외사전투표,,13369,13368,6174,5081,1792,147,31,13225,143,1
경상남도,창원시마산회원구,재외투표,,533,417,277,94,40,4,0,415,2,116
경상남도,창원시마산회원구,내서읍,관내사전투표,6955,6955,3940,2440,481,51,7,6919,36,0
경상남도,창원시마산회원구,내서읍,내서읍제1투,369,291,54,227,7,2,0,290,1,78
경상남도,창원시마산회원구,내서읍,내서읍제2투,3341,2582,847,1480,203,33,3,2566,16,759
경상남도,창원시마산회원구,내서읍,내서읍제3투,1978,1452,443,862,113,14,6,1438,14,526
경상남도,창원시마산회원구,내서읍,내서읍제4투,2916,2423,893,1320,170,30,1,2414,9,493
경상남도,창원시마산회원구,내서읍,내서읍제5투,2730,1995,584,1238,126,24,5,1977,18,735
경상남도,창원시마산회원구,내서읍,내서읍제6투,2058,1568,439,1027,74,16,0,1556,12,490
경상남도,창원시마산회원구,내서읍,내서읍제7투,2591,1757,405,1234,102,6,0,1747,10,834
경상남도,창원시마산회원구,내서읍,내서읍제8투,2539,1804,529,1129,106,27,1,1792,12,735
경상남도,창원시마산회원구,내서읍,내서읍제9투,1942,1334,345,893,64,11,2,1315,19,608
경상남도,창원시마산회원구,내서읍,내서읍제10투,3763,2771,953,1569,188,36,3,2749,22,992
경상남도,창원시마산회원구,내서읍,내서읍제11투,2466,1835,674,989,127,32,4,1826,9,631
경상남도,창원시마산회원구,내서읍,내서읍제12투,3305,2515,865,1411,182,27,4,2489,26,790
경상남도,창원시마산회원구,내서읍,내서읍제13투,3412,2627,944,1437,185,41,4,2611,16,785
경상남도,창원시마산회원구,내서읍,내서읍제14투,3226,2476,1040,1210,179,25,3,2457,19,750
경상남도,창원시마산회원구,내서읍,내서읍제15투,632,484,101,353,24,3,0,481,3,148
경상남도,창원시마산회원구,회원1동,관내사전투표,2020,2020,819,1087,86,13,2,2007,13,0
경상남도,창원시마산회원구,회원1동,회원1동제1투,2260,1637,293,1260,64,10,2,1629,8,623
경상남도,창원시마산회원구,회원1동,회원1동제2투,2209,1436,268,1082,63,10,3,1426,10,773
경상남도,창원시마산회원구,회원1동,회원1동제3투,1671,1072,219,771,61,11,2,1064,8,599
경상남도,창원시마산회원구,회원2동,관내사전투표,1764,1764,803,835,101,9,2,1750,14,0
경상남도,창원시마산회원구,회원2동,회원2동제1투,1773,1191,260,851,54,12,2,1179,12,582
경상남도,창원시마산회원구,회원2동,회원2동제2투,2475,1810,506,1115,148,15,3,1787,23,665
경상남도,창원시마산회원구,회원2동,회원2동제3투,1544,1022,193,776,45,3,1,1018,4,522
경상남도,창원시마산회원구,석전동,관내사전투표,2996,2996,1389,1373,180,27,6,2975,21,0
경상남도,창원시마산회원구,석전동,석전동제1투,943,682,173,455,36,12,3,679,3,261
경상남도,창원시마산회원구,석전동,석전동제2투,2955,2375,714,1411,195,29,3,2352,23,580
경상남도,창원시마산회원구,석전동,석전동제3투,1343,954,224,663,46,10,4,947,7,389
경상남도,창원시마산회원구,석전동,석전동제4투,1072,754,159,552,26,7,0,744,10,318
경상남도,창원시마산회원구,석전동,석전동제5투,1224,798,127,612,42,11,0,792,6,426
경상남도,창원시마산회원구,석전동,석전동제6투,2368,1556,349,1102,81,12,3,1547,9,812
경상남도,창원시마산회원구,회성동,관내사전투표,1371,1371,559,727,70,5,3,1364,7,0
경상남도,창원시마산회원구,회성동,회성동제1투,1587,1066,213,797,44,1,3,1058,8,521
경상남도,창원시마산회원구,회성동,회성동제2투,1271,842,153,625,47,8,0,833,9,429
경상남도,창원시마산회원구,회성동,회성동제3투,425,290,59,221,7,3,0,290,0,135
경상남도,창원시마산회원구,양덕1동,관내사전투표,2145,2145,932,1053,131,13,1,2130,15,0
경상남도,창원시마산회원구,양덕1동,양덕1동제1투,3364,2262,509,1587,127,17,2,2242,20,1102
경상남도,창원시마산회원구,양덕1동,양덕1동제2투,2903,1815,381,1338,80,8,2,1809,6,1088
경상남도,창원시마산회원구,양덕2동,관내사전투표,4778,4778,2472,1881,337,49,5,4744,34,0
경상남도,창원시마산회원구,양덕2동,양덕2동제1투,2970,2272,714,1340,180,22,3,2259,13,698
경상남도,창원시마산회원구,양덕2동,양덕2동제2투,2449,1878,521,1200,125,22,3,1871,7,571
경상남도,창원시마산회원구,양덕2동,양덕2동제3투,1871,1314,283,945,67,9,1,1305,9,557
경상남도,창원시마산회원구,양덕2동,양덕2동제4투,2834,2269,774,1234,202,36,5,2251,18,565
경상남도,창원시마산회원구,양덕2동,양덕2동제5투,3242,2316,700,1354,216,26,2,2298,18,926
경상남도,창원시마산회원구,양덕2동,양덕2동제6투,3366,2733,639,1868,192,18,0,2717,16,633
경상남도,창원시마산회원구,양덕2동,양덕2동제7투,3048,2486,767,1501,183,21,3,2475,11,562
경상남도,창원시마산회원구,합성1동,관내사전투표,2241,2241,1054,994,147,21,3,2219,22,0
경상남도,창원시마산회원구,합성1동,합성1동제1투,1789,1111,213,820,56,10,0,1099,12,678
경상남도,창원시마산회원구,합성1동,합성1동제2투,3271,2284,580,1498,167,21,1,2267,17,987
경상남도,창원시마산회원구,합성2동,관내사전투표,2105,2105,873,1038,165,16,1,2093,12,0
경상남도,창원시마산회원구,합성2동,합성2동제1투,2142,1410,312,998,74,9,4,1397,13,732
경상남도,창원시마산회원구,합성2동,합성2동제2투,3142,2041,471,1376,155,19,5,2026,15,1101
경상남도,창원시마산회원구,구암1동,관내사전투표,1613,1613,742,751,82,25,1,1601,12,0
경상남도,창원시마산회원구,구암1동,구암1동제1투,1705,1131,256,801,55,7,0,1119,12,574
경상남도,창원시마산회원구,구암1동,구암1동제2투,1383,997,243,686,49,7,3,988,9,386
경상남도,창원시마산회원구,구암1동,구암1동제3투,2312,1694,459,1107,89,25,2,1682,12,618
경상남도,창원시마산회원구,구암2동,관내사전투표,1480,1480,720,632,99,15,2,1468,12,0
경상남도,창원시마산회원구,구암2동,구암2동제1투,1952,1399,376,892,101,17,2,1388,11,553
경상남도,창원시마산회원구,구암2동,구암2동제2투,2345,1654,457,1057,103,18,4,1639,15,691
경상남도,창원시마산회원구,구암2동,구암2동제3투,1194,859,211,576,59,8,0,854,5,335
경상남도,창원시마산회원구,봉암동,관내사전투표,905,905,476,339,68,10,1,894,11,0
경상남도,창원시마산회원구,봉암동,봉암동제1투,818,519,141,338,32,4,1,516,3,299
경상남도,창원시마산회원구,봉암동,봉암동제2투,1108,711,163,496,40,5,1,705,6,397
경상남도,창원시진해구,거소·선상투표,,1352,1320,361,508,366,16,7,1258,62,32
경상남도,창원시진해구,관외사전투표,,10969,10966,5435,3696,1560,131,22,10844,122,3
경상남도,창원시진해구,재외투표,,646,490,289,121,67,4,1,482,8,156
경상남도,창원시진해구,충무동,관내사전투표,3075,3075,1465,1083,436,25,10,3019,56,0
경상남도,창원시진해구,충무동,충무동제1투,2747,1833,390,1336,77,16,1,1820,13,914
경상남도,창원시진해구,충무동,충무동제2투,2923,1880,515,1101,223,18,3,1860,20,1043
경상남도,창원시진해구,충무동,충무동제3투,1784,1263,300,874,66,10,1,1251,12,521
경상남도,창원시진해구,충무동,충무동제4투,1723,1285,355,840,67,4,1,1267,18,438
경상남도,창원시진해구,여좌동,관내사전투표,1844,1844,814,865,133,12,1,1825,19,0
경상남도,창원시진해구,여좌동,여좌동제1투,930,634,137,461,28,4,1,631,3,296
경상남도,창원시진해구,여좌동,여좌동제2투,1766,1166,249,844,58,9,0,1160,6,600
경상남도,창원시진해구,여좌동,여좌동제3투,2265,1570,351,1110,77,11,3,1552,18,695
경상남도,창원시진해구,태백동,관내사전투표,1080,1080,487,528,58,3,0,1076,4,0
경상남도,창원시진해구,태백동,태백동제1투,1670,1086,227,792,52,7,1,1079,7,584
경상남도,창원시진해구,태백동,태백동제2투,577,389,86,270,28,3,0,387,2,188
경상남도,창원시진해구,경화동,관내사전투표,2300,2300,1176,921,160,23,1,2281,19,0
경상남도,창원시진해구,경화동,경화동제1투,2072,1292,290,923,59,11,0,1283,9,780
경상남도,창원시진해구,경화동,경화동제2투,3730,2550,760,1535,209,31,4,2539,11,1180
경상남도,창원시진해구,병암동,관내사전투표,1736,1736,885,690,118,30,4,1727,9,0
경상남도,창원시진해구,병암동,병암동제1투,1852,1288,386,817,68,6,0,1277,11,564
경상남도,창원시진해구,병암동,병암동제2투,2099,1332,365,848,88,18,1,1320,12,767
경상남도,창원시진해구,석동,관내사전투표,3281,3281,1833,1107,281,29,1,3251,30,0
경상남도,창원시진해구,석동,석동제1투,3345,2078,611,1267,160,27,4,2069,9,1267
경상남도,창원시진해구,석동,석동제2투,3278,2299,754,1306,204,26,0,2290,9,979
경상남도,창원시진해구,석동,석동제3투,2953,2330,802,1319,179,26,1,2327,3,623
경상남도,창원시진해구,이동,관내사전투표,1550,1550,757,674,92,18,1,1542,8,0
경상남도,창원시진해구,이동,이동제1투,1889,1132,279,747,82,12,0,1120,12,757
경상남도,창원시진해구,이동,이동제2투,1609,1011,243,690,60,14,1,1008,3,598
경상남도,창원시진해구,이동,이동제3투,1886,1303,309,898,74,10,0,1291,12,583
경상남도,창원시진해구,자은동,관내사전투표,3324,3324,1820,1224,224,38,4,3310,14,0
경상남도,창원시진해구,자은동,자은동제1투,2324,1547,387,1030,107,12,1,1537,10,777
경상남도,창원시진해구,자은동,자은동제2투,3065,2060,612,1255,149,26,3,2045,15,1005
경상남도,창원시진해구,자은동,자은동제3투,3119,2548,1153,1139,203,35,0,2530,18,571
경상남도,창원시진해구,자은동,자은동제4투,2964,2155,742,1218,152,23,5,2140,15,809
경상남도,창원시진해구,덕산동,관내사전투표,2042,2042,1048,804,156,17,4,2029,13,0
경상남도,창원시진해구,덕산동,덕산동제1투,2991,2053,596,1277,150,20,0,2043,10,938
경상남도,창원시진해구,덕산동,덕산동제2투,2183,1430,384,933,89,11,2,1419,11,753
경상남도,창원시진해구,풍호동,관내사전투표,4533,4533,2580,1484,385,44,11,4504,29,0
경상남도,창원시진해구,풍호동,풍호동제1투,3040,2185,622,1392,131,24,1,2170,15,855
경상남도,창원시진해구,풍호동,풍호동제2투,2660,1988,577,1250,115,29,4,1975,13,672
경상남도,창원시진해구,풍호동,풍호동제3투,3693,2691,957,1492,184,33,2,2668,23,1002
경상남도,창원시진해구,풍호동,풍호동제4투,3616,2793,1125,1378,237,29,1,2770,23,823
경상남도,창원시진해구,웅천동,관내사전투표,2590,2590,1402,977,174,16,2,2571,19,0
경상남도,창원시진해구,웅천동,웅천동제1투,1729,1072,208,795,54,11,0,1068,4,657
경상남도,창원시진해구,웅천동,웅천동제2투,2990,2175,803,1143,185,24,1,2156,19,815
경상남도,창원시진해구,웅천동,웅천동제3투,2735,1824,638,979,161,26,4,1808,16,911
경상남도,창원시진해구,웅동1동,관내사전투표,1754,1754,975,625,131,6,3,1740,14,0
경상남도,창원시진해구,웅동1동,웅동1동투표소,4503,2823,845,1776,160,24,1,2806,17,1680
경상남도,창원시진해구,웅동2동,관내사전투표,6778,6778,4498,1781,412,49,4,6744,34,0
경상남도,창원시진해구,웅동2동,웅동2동제1투,1399,740,228,461,36,8,2,735,5,659
경상남도,창원시진해구,웅동2동,웅동2동제2투,3973,2645,1057,1385,169,20,2,2633,12,1328
경상남도,창원시진해구,웅동2동,웅동2동제3투,3542,2531,1102,1243,137,26,2,2510,21,1011
경상남도,창원시진해구,웅동2동,웅동2동제4투,2805,1811,755,887,129,16,7,1794,17,994
경상남도,창원시진해구,웅동2동,웅동2동제5투,2101,1415,544,751,95,14,3,1407,8,686
경상남도,창원시진해구,웅동2동,웅동2동제6투,3260,1460,504,809,128,9,0,1450,10,1800
경상남도,창원시진해구,웅동2동,웅동2동제7투,4322,2808,1300,1256,201,29,4,2790,18,1514
경상남도,창원시진해구,웅동2동,웅동2동제8투,4300,2883,1357,1237,229,40,2,2865,18,1417
제주특별자치도,제주시,거소·선상투표,,1090,1011,477,259,180,19,8,943,68,79
제주특별자치도,제주시,관외사전투표,,23460,23456,12621,6104,3975,381,36,23117,339,4
제주특별자치도,제주시,재외투표,,3161,2018,1284,491,166,51,2,1994,24,1143
제주특별자치도,제주시,한림읍,관내사전투표,5415,5415,3631,1257,412,75,4,5379,36,0
제주특별자치도,제주시,한림읍,한림읍제1투,1068,662,241,365,33,16,1,656,6,406
제주특별자치도,제주시,한림읍,한림읍제2투,881,499,234,232,20,8,0,494,5,382
제주특별자치도,제주시,한림읍,한림읍제3투,1545,803,349,378,64,4,2,797,6,742
제주특별자치도,제주시,한림읍,한림읍제4투,576,367,196,150,15,4,0,365,2,209
제주특별자치도,제주시,한림읍,한림읍제5투,1082,614,219,359,26,7,1,612,2,468
제주특별자치도,제주시,한림읍,한림읍제6투,925,553,247,261,34,3,1,546,7,372
제주특별자치도,제주시,한림읍,한림읍제7투,1188,633,265,316,35,9,1,626,7,555
제주특별자치도,제주시,한림읍,한림읍제8투,804,535,222,255,35,14,0,526,9,269
제주특별자치도,제주시,한림읍,한림읍제9투,1357,695,327,308,43,10,3,691,4,662
제주특별자치도,제주시,한림읍,한림읍제10투,1142,582,236,298,40,4,0,578,4,560
제주특별자치도,제주시,한림읍,한림읍제11투,95,66,7,53,3,1,0,64,2,29
제주특별자치도,제주시,한림읍,한림읍제12투,399,243,100,122,17,2,1,242,1,156
제주특별자치도,제주시,한림읍,한림읍제13투,431,276,109,135,20,7,0,271,5,155
제주특별자치도,제주시,애월읍,관내사전투표,4972,4972,3502,1026,338,62,9,4937,35,0
제주특별자치도,제주시,애월읍,애월읍제1투,1902,969,415,466,65,11,1,958,11,933
제주특별자치도,제주시,애월읍,애월읍제2투,900,574,268,262,24,14,2,570,4,326
제주특별자치도,제주시,애월읍,애월읍제3투,2229,1325,586,606,108,18,0,1318,7,904
제주특별자치도,제주시,애월읍,애월읍제4투,2865,1856,885,767,160,22,1,1835,21,1009
제주특별자치도,제주시,애월읍,애월읍제5투,962,669,343,267,39,10,2,661,8,293
제주특별자치도,제주시,애월읍,애월읍제6투,2991,1890,949,739,159,33,0,1880,10,1101
제주특별자치도,제주시,애월읍,애월읍제7투,837,556,258,259,29,7,1,554,2,281
제주특별자치도,제주시,애월읍,애월읍제8투,1067,688,335,288,42,8,2,675,13,379
제주특별자치도,제주시,애월읍,애월읍제9투,919,584,246,283,38,11,2,580,4,335
제주특별자치도,제주시,애월읍,애월읍제10투,927,592,274,272,30,11,0,587,5,335
제주특별자치도,제주시,애월읍,애월읍제11투,3294,2074,1060,806,159,33,2,2060,14,1220
제주특별자치도,제주시,애월읍,애월읍제12투,1205,794,412,316,45,12,2,787,7,411
제주특별자치도,제주시,애월읍,애월읍제13투,1043,673,360,262,36,6,3,667,6,370
제주특별자치도,제주시,구좌읍,관내사전투표,2958,2958,1909,793,181,53,5,2941,17,0
제주특별자치도,제주시,구좌읍,구좌읍제1투,1679,1082,448,524,63,24,4,1063,19,597
제주특별자치도,제주시,구좌읍,구좌읍제2투,1122,624,251,318,37,9,0,615,9,498
제주특별자치도,제주시,구좌읍,구좌읍제3투,708,363,135,186,29,4,2,356,7,345
제주특별자치도,제주시,구좌읍,구좌읍제4투,891,562,300,210,39,6,0,555,7,329
제주특별자치도,제주시,구좌읍,구좌읍제5투,1400,725,268,389,47,13,1,718,7,675
제주특별자치도,제주시,구좌읍,구좌읍제6투,955,529,215,277,30,7,0,529,0,426
제주특별자치도,제주시,구좌읍,구좌읍제7투,730,454,215,200,22,12,1,450,4,276
제주특별자치도,제주시,구좌읍,구좌읍제8투,503,324,132,168,16,7,0,323,1,179
제주특별자치도,제주시,구좌읍,구좌읍제9투,711,426,144,255,13,3,2,417,9,285
제주특별자치도,제주시,조천읍,관내사전투표,6252,6252,4223,1471,407,91,4,6196,56,0
제주특별자치도,제주시,조천읍,조천읍제1투,2924,1833,850,778,148,38,4,1818,15,1091
제주특별자치도,제주시,조천읍,조천읍제2투,1380,756,298,387,50,9,2,746,10,624
제주특별자치도,제주시,조천읍,조천읍제3투,1460,905,405,428,53,11,2,899,6,555
제주특별자치도,제주시,조천읍,조천읍제4투,1052,709,305,331,51,12,3,702,7,343
제주특별자치도,제주시,조천읍,조천읍제5투,871,557,255,261,33,4,2,555,2,314
제주특별자치도,제주시,조천읍,조천읍제6투,2157,1348,577,645,86,22,4,1334,14,809
제주특별자치도,제주시,조천읍,조천읍제7투,1538,882,382,412,67,14,1,876,6,656
제주특별자치도,제주시,조천읍,조천읍제8투,2573,1535,649,706,137,27,2,1521,14,1038
제주특별자치도,제주시,한경면,관내사전투표,1910,1909,1322,448,93,31,2,1896,13,1
제주특별자치도,제주시,한경면,한경면제1투,579,398,184,181,25,5,1,396,2,181
제주특별자치도,제주시,한경면,한경면제2투,771,527,225,258,31,4,4,522,5,244
제주특별자치도,제주시,한경면,한경면제3투,1330,743,340,351,35,9,0,735,8,587
제주특별자치도,제주시,한경면,한경면제4투,1165,717,345,316,39,8,1,709,8,448
제주특별자치도,제주시,한경면,한경면제5투,1544,946,382,485,59,9,0,935,11,598
제주특별자치도,제주시,추자면,관내사전투표,464,464,288,132,33,6,2,461,3,0
제주특별자치도,제주시,추자면,추자면제1투,445,244,105,131,4,1,0,241,3,201
제주특별자치도,제주시,추자면,추자면제2투,353,205,92,103,5,0,1,201,4,148
제주특별자치도,제주시,우도면,관내사전투표,562,562,377,141,31,8,1,558,4,0
제주특별자치도,제주시,우도면,우도면투표소,732,342,137,175,21,1,0,334,8,390
제주특별자치도,제주시,일도1동,관내사전투표,1339,1339,820,394,94,15,2,1325,14,0
제주특별자치도,제주시,일도1동,일도1동투표소,1262,618,250,331,23,6,1,611,7,644
제주특별자치도,제주시,일도2동,관내사전투표,5994,5992,3859,1570,427,94,6,5956,36,2
제주특별자치도,제주시,일도2동,일도2동제1투,1664,1045,527,420,76,10,0,1033,12,619
제주특별자치도,제주시,일도2동,일도2동제2투,2024,1065,483,475,80,17,3,1058,7,959
제주특별자치도,제주시,일도2동,일도2동제3투,1701,1116,499,503,82,21,0,1105,11,585
제주특별자치도,제주시,일도2동,일도2동제4투,1991,1150,464,552,108,18,2,1144,6,841
제주특별자치도,제주시,일도2동,일도2동제5투,1541,1027,463,441,89,14,1,1008,19,514
제주특별자치도,제주시,일도2동,일도2동제6투,2023,1313,586,591,108,17,0,1302,11,710
제주특별자치도,제주시,일도2동,일도2동제7투,2420,1719,895,634,152,24,0,1705,14,701
제주특별자치도,제주시,일도2동,일도2동제8투,2467,1762,876,705,141,23,4,1749,13,705
제주특별자치도,제주시,일도2동,일도2동제9투,1832,1359,620,586,119,29,0,1354,5,473
제주특별자치도,제주시,이도1동,관내사전투표,2134,2134,1398,531,155,26,4,2114,20,0
제주특별자치도,제주시,이도1동,이도1동제1투,1263,635,226,344,54,6,0,630,5,628
제주특별자치도,제주시,이도1동,이도1동제2투,1592,921,354,447,93,18,1,913,8,671
제주특별자치도,제주시,이도1동,이도1동제3투,1430,868,358,415,78,11,1,863,5,562
제주특별자치도,제주시,이도2동,관내사전투표,8896,8896,5722,2035,879,147,16,8799,97,0
제주특별자치도,제주시,이도2동,이도2동제1투,2368,1480,648,652,145,24,1,1470,10,888
제주특별자치도,제주시,이도2동,이도2동제2투,4318,2994,1532,1140,248,42,2,2964,30,1324
제주특별자치도,제주시,이도2동,이도2동제3투,2697,1525,694,637,157,18,2,1508,17,1172
제주특별자치도,제주시,이도2동,이도2동제4투,3342,2246,1091,876,210,42,2,2221,25,1096
제주특별자치도,제주시,이도2동,이도2동제5투,2238,1561,850,495,156,38,6,1545,16,677
제주특별자치도,제주시,이도2동,이도2동제6투,1972,1195,504,578,83,16,2,1183,12,777
제주특별자치도,제주시,이도2동,이도2동제7투,3036,1877,885,766,176,30,6,1863,14,1159
제주특별자치도,제주시,이도2동,이도2동제8투,2332,1678,724,742,170,32,2,1670,8,654
제주특별자치도,제주시,이도2동,이도2동제9투,967,554,257,242,42,11,0,552,2,413
제주특별자치도,제주시,이도2동,이도2동제10투,3178,2128,1038,845,196,36,1,2116,12,1050
제주특별자치도,제주시,삼도1동,관내사전투표,3609,3609,2295,1012,218,56,6,3587,22,0
제주특별자치도,제주시,삼도1동,삼도1동제1투,1907,1161,503,534,91,27,2,1157,4,746
제주특별자치도,제주시,삼도1동,삼도1동제2투,1548,968,434,439,75,11,0,959,9,580
제주특별자치도,제주시,삼도1동,삼도1동제3투,1856,1037,446,452,109,19,1,1027,10,819
제주특별자치도,제주시,삼도1동,삼도1동제4투,1683,990,400,473,87,18,1,979,11,693
제주특별자치도,제주시,삼도2동,관내사전투표,1850,1850,1276,399,130,25,3,1833,17,0
제주특별자치도,제주시,삼도2동,삼도2동제1투,1613,862,344,416,68,19,0,847,15,751
제주특별자치도,제주시,삼도2동,삼도2동제2투,1111,659,288,327,39,2,0,656,3,452
제주특별자치도,제주시,삼도2동,삼도2동제3투,1837,1180,529,530,98,12,1,1170,10,657
제주특별자치도,제주시,용담1동,관내사전투표,1576,1576,1007,429,104,19,2,1561,15,0
제주특별자치도,제주시,용담1동,용담1동제1투,1313,663,283,333,36,8,1,661,2,650
제주특별자치도,제주시,용담1동,용담1동제2투,1192,635,285,285,53,7,1,631,4,557
제주특별자치도,제주시,용담1동,용담1동제3투,1222,690,281,331,61,14,1,688,2,532
제주특별자치도,제주시,용담2동,관내사전투표,2882,2882,1803,832,192,28,4,2859,23,0
제주특별자치도,제주시,용담2동,용담2동제1투,1499,860,369,410,48,19,2,848,12,639
제주특별자치도,제주시,용담2동,용담2동제2투,1644,887,381,423,63,11,2,880,7,757
제주특별자치도,제주시,용담2동,용담2동제3투,1507,914,400,418,74,13,1,906,8,593
제주특별자치도,제주시,용담2동,용담2동제4투,1424,834,335,393,80,15,1,824,10,590
제주특별자치도,제주시,용담2동,용담2동제5투,1622,1018,440,483,73,12,0,1008,10,604
제주특별자치도,제주시,건입동,관내사전투표,2723,2723,1775,713,182,36,2,2708,15,0
제주특별자치도,제주시,건입동,건입동제1투,464,240,85,125,26,1,0,237,3,224
제주특별자치도,제주시,건입동,건입동제2투,1179,610,250,312,35,6,1,604,6,569
제주특별자치도,제주시,건입동,건입동제3투,1778,1151,506,531,75,20,1,1133,18,627
제주특별자치도,제주시,건입동,건입동제4투,1281,774,356,357,46,8,1,768,6,507
제주특별자치도,제주시,화북동,관내사전투표,4599,4599,3130,1049,317,51,7,4554,45,0
제주특별자치도,제주시,화북동,화북동제1투,1364,837,389,357,62,13,1,822,15,527
제주특별자치도,제주시,화북동,화북동제2투,2443,1490,713,612,126,16,2,1469,21,953
제주특별자치도,제주시,화북동,화북동제3투,909,555,265,223,52,8,0,548,7,354
제주특별자치도,제주시,화북동,화북동제4투,1587,950,429,419,74,17,1,940,10,637
제주특별자치도,제주시,화북동,화북동제5투,1610,1176,600,427,111,27,3,1168,8,434
제주특별자치도,제주시,화북동,화북동제6투,1739,1123,590,409,97,17,0,1113,10,616
제주특별자치도,제주시,화북동,화북동제7투,2732,1846,996,650,155,31,3,1835,11,886
제주특별자치도,제주시,삼양동,관내사전투표,6456,6456,4549,1299,488,75,4,6415,41,0
제주특별자치도,제주시,삼양동,삼양동제1투,1843,1137,488,506,108,23,0,1125,12,706
제주특별자치도,제주시,삼양동,삼양동제2투,3013,1712,871,657,142,29,1,1700,12,1301
제주특별자치도,제주시,삼양동,삼양동제3투,2567,1638,833,591,169,23,3,1619,19,929
제주특별자치도,제주시,삼양동,삼양동제4투,480,308,137,142,22,4,1,306,2,172
제주특별자치도,제주시,삼양동,삼양동제5투,1836,1325,764,383,150,21,0,1318,7,511
제주특별자치도,제주시,삼양동,삼양동제6투,2895,1946,1081,645,171,36,0,1933,13,949
제주특별자치도,제주시,봉개동,관내사전투표,3084,3084,2126,663,230,43,2,3064,20,0
제주특별자치도,제주시,봉개동,봉개동제1투,2084,1262,559,536,130,21,4,1250,12,822
제주특별자치도,제주시,봉개동,봉개동제2투,432,280,139,115,21,1,0,276,4,152
제주특별자치도,제주시,봉개동,봉개동제3투,213,161,68,78,7,5,0,158,3,52
제주특별자치도,제주시,아라동,관내사전투표,10926,10926,7490,2060,1113,171,12,10846,80,0
제주특별자치도,제주시,아라동,아라동제1투,4452,2491,1093,986,326,49,2,2456,35,1961
제주특별자치도,제주시,아라동,아라동제2투,3515,2301,1156,845,231,45,3,2280,21,1214
제주특별자치도,제주시,아라동,아라동제3투,4353,2736,1393,999,257,63,4,2716,20,1617
제주특별자치도,제주시,아라동,아라동제4투,1655,1080,564,399,92,17,1,1073,7,575
제주특별자치도,제주시,아라동,아라동제5투,5194,3219,1524,1256,352,60,0,3192,27,1975
제주특별자치도,제주시,오라동,관내사전투표,6910,6910,4715,1526,518,98,8,6865,45,0
제주특별자치도,제주시,오라동,오라동제1투,2637,1572,654,722,151,32,1,1560,12,1065
제주특별자치도,제주시,오라동,오라동제2투,4915,3100,1596,1082,324,58,6,3066,34,1815
제주특별자치도,제주시,연동,관내사전투표,11347,11347,7565,2595,936,156,9,11261,86,0
제주특별자치도,제주시,연동,연동제1투,2319,1224,487,600,108,17,1,1213,11,1095
제주특별자치도,제주시,연동,연동제2투,3757,2197,976,970,211,27,3,2187,10,1560
제주특별자치도,제주시,연동,연동제3투,2610,1528,652,724,121,17,2,1516,12,1082
제주특별자치도,제주시,연동,연동제4투,3115,1482,583,731,131,19,2,1466,16,1633
제주특별자치도,제주시,연동,연동제5투,3250,2050,997,824,171,31,2,2025,25,1200
제주특별자치도,제주시,연동,연동제6투,2428,1383,667,530,146,27,1,1371,12,1045
제주특별자치도,제주시,연동,연동제7투,3515,1688,726,766,152,25,0,1669,19,1827
제주특별자치도,제주시,연동,연동제8투,4017,2529,1122,1103,252,31,1,2509,20,1488
제주특별자치도,제주시,노형동,관내사전투표,9501,9499,6476,1874,937,121,11,9419,80,2
제주특별자치도,제주시,노형동,노형동제1투,1618,1014,500,402,84,17,2,1005,9,604
제주특별자치도,제주시,노형동,노형동제2투,2327,1484,695,611,143,23,0,1472,12,843
제주특별자치도,제주시,노형동,노형동제3투,4438,2502,1033,1081,297,48,8,2467,35,1936
제주특별자치도,제주시,노형동,노형동제4투,3455,2595,1244,1027,272,36,2,2581,14,860
제주특별자치도,제주시,노형동,노형동제5투,2888,1807,866,718,166,35,1,1786,21,1081
제주특별자치도,제주시,노형동,노형동제6투,4772,3008,1423,1207,288,52,8,2978,30,1764
제주특별자치도,제주시,노형동,노형동제7투,1297,845,407,357,64,12,0,840,5,452
제주특별자치도,제주시,노형동,노형동제8투,3753,2405,1110,985,237,50,4,2386,19,1348
제주특별자치도,제주시,노형동,노형동제9투,2602,1688,834,664,151,24,2,1675,13,914
제주특별자치도,제주시,노형동,노형동제10투,3580,2532,1266,954,276,27,1,2524,8,1048
제주특별자치도,제주시,외도동,관내사전투표,7473,7473,5470,1289,552,98,3,7412,61,0
제주특별자치도,제주시,외도동,외도동제1투,3396,1865,930,687,197,32,2,1848,17,1531
제주특별자치도,제주시,외도동,외도동제2투,1503,933,502,323,88,11,1,925,8,570
제주특별자치도,제주시,외도동,외도동제3투,3944,2401,1204,877,256,32,6,2375,26,1543
제주특별자치도,제주시,외도동,외도동제4투,2276,1601,854,533,173,27,2,1589,12,675
제주특별자치도,제주시,이호동,관내사전투표,1850,1850,1294,404,124,14,1,1837,13,0
제주특별자치도,제주시,이호동,이호동제1투,706,399,167,185,34,10,1,397,2,307
제주특별자치도,제주시,이호동,이호동제2투,1659,1045,490,448,89,6,1,1034,11,614
제주특별자치도,제주시,도두동,관내사전투표,1552,1552,1094,323,112,15,0,1544,8,0
제주특별자치도,제주시,도두동,도두동제1투,1147,635,262,303,49,12,1,627,8,512
제주특별자치도,제주시,도두동,도두동제2투,582,405,198,166,30,8,0,402,3,177
제주특별자치도,서귀포시,거소·선상투표,,348,327,141,112,49,7,1,310,17,21
제주특별자치도,서귀포시,관외사전투표,,13078,13077,6891,3921,1864,201,23,12900,177,1
제주특별자치도,서귀포시,재외투표,,1247,790,504,193,66,19,3,785,5,457
제주특별자치도,서귀포시,대정읍,관내사전투표,3850,3849,2411,1057,268,78,1,3815,34,1
제주특별자치도,서귀포시,대정읍,대정읍제1투,2126,1198,458,640,71,16,0,1185,13,928
제주특별자치도,서귀포시,대정읍,대정읍제2투,1505,819,294,457,53,10,1,815,4,686
제주특별자치도,서귀포시,대정읍,대정읍제3투,932,552,258,248,30,8,0,544,8,380
제주특별자치도,서귀포시,대정읍,대정읍제4투,420,288,105,163,12,5,0,285,3,132
제주특별자치도,서귀포시,대정읍,대정읍제5투,2783,1614,547,921,123,17,1,1609,5,1169
제주특별자치도,서귀포시,대정읍,대정읍제6투,138,98,45,45,6,2,0,98,0,40
제주특별자치도,서귀포시,대정읍,대정읍제7투,527,342,136,185,17,1,1,340,2,185
제주특별자치도,서귀포시,대정읍,대정읍제8투,1607,803,309,416,64,6,0,795,8,804
제주특별자치도,서귀포시,대정읍,대정읍제9투,353,235,83,134,12,3,0,232,3,118
제주특별자치도,서귀포시,대정읍,대정읍제10투,410,274,131,123,11,4,1,270,4,136
제주특별자치도,서귀포시,대정읍,대정읍제11투,284,216,124,73,11,4,0,212,4,68
제주특별자치도,서귀포시,대정읍,대정읍제12투,724,445,160,239,42,2,1,444,1,279
제주특별자치도,서귀포시,남원읍,관내사전투표,3546,3546,2334,910,241,38,4,3527,19,0
제주특별자치도,서귀포시,남원읍,남원읍제1투,519,316,135,157,14,4,2,312,4,203
제주특별자치도,서귀포시,남원읍,남원읍제2투,840,494,212,244,24,7,2,489,5,346
제주특별자치도,서귀포시,남원읍,남원읍제3투,645,423,182,199,32,2,1,416,7,222
제주특별자치도,서귀포시,남원읍,남원읍제4투,2089,1141,469,542,95,22,3,1131,10,948
제주특별자치도,서귀포시,남원읍,남원읍제5투,1072,712,288,348,54,14,1,705,7,360
제주특별자치도,서귀포시,남원읍,남원읍제6투,1084,671,288,316,49,5,1,659,12,413
제주특별자치도,서귀포시,남원읍,남원읍제7투,529,309,101,181,22,2,0,306,3,220
제주특별자치도,서귀포시,남원읍,남원읍제8투,1498,912,399,433,61,10,1,904,8,586
제주특별자치도,서귀포시,남원읍,남원읍제9투,344,233,95,115,14,1,1,226,7,111
제주특별자치도,서귀포시,남원읍,남원읍제10투,448,262,108,134,17,3,0,262,0,186
제주특별자치도,서귀포시,남원읍,남원읍제11투,247,160,75,66,13,4,0,158,2,87
제주특별자치도,서귀포시,남원읍,남원읍제12투,375,213,98,100,9,1,0,208,5,162
제주특별자치도,서귀포시,남원읍,남원읍제13투,338,214,114,85,10,3,2,214,0,124
제주특별자치도,서귀포시,남원읍,남원읍제14투,261,192,96,80,13,1,0,190,2,69
제주특별자치도,서귀포시,성산읍,관내사전투표,2904,2904,1715,973,150,45,6,2889,15,0
제주특별자치도,서귀포시,성산읍,성산읍제1투,970,590,198,360,24,1,1,584,6,380
제주특별자치도,서귀포시,성산읍,성산읍제2투,562,330,97,209,19,3,0,328,2,232
제주특별자치도,서귀포시,성산읍,성산읍제3투,2076,1037,394,551,74,11,0,1030,7,1039
제주특별자치도,서귀포시,성산읍,성산읍제4투,757,461,175,256,21,5,0,457,4,296
제주특별자치도,서귀포시,성산읍,성산읍제5투,737,432,140,237,40,5,4,426,6,305
제주특별자치도,서귀포시,성산읍,성산읍제6투,686,418,187,197,13,13,2,412,6,268
제주특별자치도,서귀포시,성산읍,성산읍제7투,424,269,92,156,11,5,0,264,5,155
제주특별자치도,서귀포시,성산읍,성산읍제8투,332,209,66,125,11,4,1,207,2,123
제주특별자치도,서귀포시,성산읍,성산읍제9투,455,261,77,165,12,2,0,256,5,194
제주특별자치도,서귀포시,성산읍,성산읍제10투,392,253,99,132,16,2,0,249,4,139
제주특별자치도,서귀포시,성산읍,성산읍제11투,696,409,141,231,27,5,2,406,3,287
제주특별자치도,서귀포시,성산읍,성산읍제12투,398,264,95,138,21,5,0,259,5,134
제주특별자치도,서귀포시,안덕면,관내사전투표,2685,2685,1839,609,179,38,2,2667,18,0
제주특별자치도,서귀포시,안덕면,안덕면제1투,1546,894,376,420,71,15,1,883,11,652
제주특별자치도,서귀포시,안덕면,안덕면제2투,1446,819,319,415,52,19,3,808,11,627
제주특별자치도,서귀포시,안덕면,안덕면제3투,712,457,150,256,33,11,2,452,5,255
제주특별자치도,서귀포시,안덕면,안덕면제4투,763,457,198,218,27,7,1,451,6,306
제주특별자치도,서귀포시,안덕면,안덕면제5투,774,445,202,192,42,4,1,441,4,329
제주특별자치도,서귀포시,안덕면,안덕면제6투,365,237,109,110,11,6,0,236,1,128
제주특별자치도,서귀포시,안덕면,안덕면제7투,449,275,129,118,18,4,3,272,3,174
제주특별자치도,서귀포시,안덕면,안덕면제8투,759,456,189,186,57,20,2,454,2,303
제주특별자치도,서귀포시,표선면,관내사전투표,3243,3243,2056,893,232,26,3,3210,33,0
제주특별자치도,서귀포시,표선면,표선면제1투,2875,1541,591,798,111,28,1,1529,12,1334
제주특별자치도,서귀포시,표선면,표선면제2투,659,394,147,218,25,2,0,392,2,265
제주특별자치도,서귀포시,표선면,표선면제3투,808,523,217,278,17,5,0,517,6,285
제주특별자치도,서귀포시,표선면,표선면제4투,494,335,135,179,13,6,0,333,2,159
제주특별자치도,서귀포시,표선면,표선면제5투,745,504,259,210,25,4,0,498,6,241
제주특별자치도,서귀포시,표선면,표선면제6투,290,208,102,77,16,9,0,204,4,82
제주특별자치도,서귀포시,표선면,표선면제7투,404,257,90,140,21,3,1,255,2,147
제주특별자치도,서귀포시,표선면,표선면제8투,316,213,102,95,13,2,0,212,1,103
제주특별자치도,서귀포시,표선면,표선면제9투,140,105,38,56,6,4,0,104,1,35
제주특별자치도,서귀포시,송산동,관내사전투표,1192,1192,778,304,90,15,2,1189,3,0
제주특별자치도,서귀포시,송산동,송산동제1투,994,502,192,271,26,7,0,496,6,492
제주특별자치도,서귀포시,송산동,송산동제2투,1243,775,286,435,42,7,0,770,5,468
제주특별자치도,서귀포시,정방동,관내사전투표,842,842,550,194,76,10,2,832,10,0
제주특별자치도,서귀포시,정방동,정방동투표소,1245,579,229,299,40,6,1,575,4,666
제주특별자치도,서귀포시,중앙동,관내사전투표,1493,1493,902,443,114,14,0,1473,20,0
제주특별자치도,서귀포시,중앙동,중앙동투표소,1765,863,340,454,53,7,0,854,9,902
제주특별자치도,서귀포시,천지동,관내사전투표,1611,1611,1006,466,99,31,2,1604,7,0
제주특별자치도,서귀포시,천지동,천지동제1투,1758,898,329,478,68,14,0,889,9,860
제주특별자치도,서귀포시,천지동,천지동제2투,187,122,67,46,7,2,0,122,0,65
제주특별자치도,서귀포시,효돈동,관내사전투표,2104,2104,1295,633,127,29,2,2086,18,0
제주특별자치도,서귀포시,효돈동,효돈동제1투,1230,711,275,383,42,8,1,709,2,519
제주특별자치도,서귀포시,효돈동,효돈동제2투,1496,908,371,458,56,9,2,896,12,588
제주특별자치도,서귀포시,영천동,관내사전투표,1911,1911,1217,511,143,25,1,1897,14,0
제주특별자치도,서귀포시,영천동,영천동제1투,1983,1074,432,536,85,12,1,1066,8,909
제주특별자치도,서귀포시,영천동,영천동제2투,464,303,104,170,21,5,0,300,3,161
제주특별자치도,서귀포시,영천동,영천동제3투,317,184,67,101,10,5,0,183,1,133
제주특별자치도,서귀포시,동홍동,관내사전투표,4798,4798,3227,1094,391,51,6,4769,29,0
제주특별자치도,서귀포시,동홍동,동홍동제1투,2622,1423,632,644,117,18,2,1413,10,1199
제주특별자치도,서귀포시,동홍동,동홍동제2투,3508,1830,820,779,185,22,4,1810,20,1678
제주특별자치도,서귀포시,동홍동,동홍동제3투,2852,1654,729,730,152,24,1,1636,18,1198
제주특별자치도,서귀포시,동홍동,동홍동제4투,2394,1474,636,685,101,30,1,1453,21,920
제주특별자치도,서귀포시,서홍동,관내사전투표,2941,2941,1944,729,196,45,1,2915,26,0
제주특별자치도,서귀포시,서홍동,서홍동제1투,3255,1893,893,785,167,25,0,1870,23,1362
제주특별자치도,서귀포시,서홍동,서홍동제2투,2007,1158,490,549,89,13,1,1142,16,849
제주특별자치도,서귀포시,대륜동,관내사전투표,5723,5723,3868,1257,475,66,4,5670,53,0
제주특별자치도,서귀포시,대륜동,대륜동제1투,1608,938,355,495,70,8,1,929,9,670
제주특별자치도,서귀포시,대륜동,대륜동제2투,2684,1625,709,726,148,23,0,1606,19,1059
제주특별자치도,서귀포시,대륜동,대륜동제3투,1490,937,380,460,81,9,2,932,5,553
제주특별자치도,서귀포시,대륜동,대륜동제4투,1683,1014,412,495,85,14,0,1006,8,669
제주특별자치도,서귀포시,대천동,관내사전투표,1593,1593,1072,366,125,19,1,1583,10,0
제주특별자치도,서귀포시,대천동,대천동제1투,1202,726,314,335,62,6,1,718,8,476
제주특별자치도,서귀포시,대천동,대천동제2투,995,602,237,298,47,12,1,595,7,393
제주특별자치도,서귀포시,대천동,대천동제3투,535,311,123,150,28,5,1,307,4,224
제주특별자치도,서귀포시,대천동,대천동제4투,340,228,112,95,15,2,0,224,4,112
제주특별자치도,서귀포시,대천동,대천동제5투,3533,2137,926,927,225,37,0,2115,22,1396
제주특별자치도,서귀포시,중문동,관내사전투표,3168,3168,2167,660,266,38,3,3134,34,0
제주특별자치도,서귀포시,중문동,중문동제1투,4043,2331,1015,1035,214,33,3,2300,31,1712
제주특별자치도,서귀포시,중문동,중문동제2투,1194,695,275,346,58,8,2,689,6,499
제주특별자치도,서귀포시,중문동,중문동제3투,799,539,264,220,38,7,3,532,7,260
제주특별자치도,서귀포시,중문동,중문동제4투,373,240,91,134,12,2,0,239,1,133
제주특별자치도,서귀포시,예래동,관내사전투표,1088,1088,692,286,88,11,1,1078,10,0
제주특별자치도,서귀포시,예래동,예래동제1투,684,392,164,190,27,5,3,389,3,292
제주특별자치도,서귀포시,예래동,예래동제2투,1099,572,217,311,32,7,1,568,4,527
제주특별자치도,서귀포시,예래동,예래동제3투,268,179,91,68,19,0,0,178,1,89
세종특별자치시,세종특별자치시,거소·선상투표,,443,423,174,147,81,5,1,408,15,20
세종특별자치시,세종특별자치시,관외사전투표,,33676,33672,20352,7959,4648,363,42,33364,308,4
세종특별자치시,세종특별자치시,재외투표,,2230,1895,1240,382,211,45,1,1879,16,335
세종특별자치시,세종특별자치시,조치원읍,관내사전투표,7070,7070,4348,1944,632,72,13,7009,61,0
세종특별자치시,세종특별자치시,조치원읍,조치원읍제1투,1860,1087,367,635,69,5,1,1077,10,773
세종특별자치시,세종특별자치시,조치원읍,조치원읍제2투,1174,699,239,410,38,3,2,692,7,475
세종특별자치시,세종특별자치시,조치원읍,조치원읍제3투,1999,1215,445,668,81,8,1,1203,12,784
세종특별자치시,세종특별자치시,조치원읍,조치원읍제4투,3195,1991,778,1013,169,15,3,1978,13,1204
세종특별자치시,세종특별자치시,조치원읍,조치원읍제5투,2439,1707,744,769,154,21,0,1688,19,732
세종특별자치시,세종특별자치시,조치원읍,조치원읍제6투,691,389,125,240,21,1,0,387,2,302
세종특별자치시,세종특별자치시,조치원읍,조치원읍제7투,1438,792,262,376,137,12,0,787,5,646
세종특별자치시,세종특별자치시,조치원읍,조치원읍제8투,3463,2324,1080,1052,156,22,2,2312,12,1139
세종특별자치시,세종특별자치시,조치원읍,조치원읍제9투,2125,1382,576,691,94,12,1,1374,8,743
세종특별자치시,세종특별자치시,조치원읍,조치원읍제10투,2597,1711,666,900,113,11,1,1691,20,886
세종특별자치시,세종특별자치시,조치원읍,조치원읍제11투,3316,2429,1184,1029,163,33,3,2412,17,887
세종특별자치시,세종특별자치시,연기면,관내사전투표,1006,1006,617,300,77,5,1,1000,6,0
세종특별자치시,세종특별자치시,연기면,연기면투표소,1351,742,239,465,33,3,1,741,1,609
세종특별자치시,세종특별자치시,연동면,관내사전투표,964,964,571,308,68,8,2,957,7,0
세종특별자치시,세종특별자치시,연동면,연동면제1투,841,513,140,346,21,2,0,509,4,328
세종특별자치시,세종특별자치시,연동면,연동면제2투,795,523,176,310,31,2,1,520,3,272
세종특별자치시,세종특별자치시,부강면,관내사전투표,1975,1975,1125,641,176,14,6,1962,13,0
세종특별자치시,세종특별자치시,부강면,부강면제1투,2023,1140,385,655,83,11,0,1134,6,883
세종특별자치시,세종특별자치시,부강면,부강면제2투,931,557,190,333,27,4,0,554,3,374
세종특별자치시,세종특별자치시,금남면,관내사전투표,2073,2073,1191,709,137,14,2,2053,20,0
세종특별자치시,세종특별자치시,금남면,금남면제1투,2126,1248,369,766,84,9,2,1230,18,878
세종특별자치시,세종특별자치시,금남면,금남면제2투,864,587,171,384,23,2,3,583,4,277
세종특별자치시,세종특별자치시,금남면,금남면제3투,886,576,171,365,28,4,1,569,7,310
세종특별자치시,세종특별자치시,금남면,금남면제4투,761,496,151,326,17,1,1,496,0,265
세종특별자치시,세종특별자치시,장군면,관내사전투표,1533,1533,954,475,91,4,0,1524,9,0
세종특별자치시,세종특별자치시,장군면,장군면제1투,1632,892,293,513,71,6,0,883,9,740
세종특별자치시,세종특별자치시,장군면,장군면제2투,1618,862,270,512,72,3,0,857,5,756
세종특별자치시,세종특별자치시,장군면,장군면제3투,392,256,79,157,16,1,1,254,2,136
세종특별자치시,세종특별자치시,연서면,관내사전투표,2464,2464,1559,657,200,27,3,2446,18,0
세종특별자치시,세종특별자치시,연서면,연서면제1투,772,502,166,308,19,4,0,497,5,270
세종특별자치시,세종특별자치시,연서면,연서면제2투,443,313,119,176,11,3,0,309,4,130
세종특별자치시,세종특별자치시,연서면,연서면제3투,558,336,94,231,9,0,0,334,2,222
세종특별자치시,세종특별자치시,연서면,연서면제4투,2177,1290,433,728,95,11,3,1270,20,887
세종특별자치시,세종특별자치시,전의면,관내사전투표,1634,1634,974,522,91,12,5,1604,30,0
세종특별자치시,세종특별자치시,전의면,전의면제1투,1229,710,209,464,28,3,1,705,5,519
세종특별자치시,세종특별자치시,전의면,전의면제2투,1263,761,232,489,32,3,0,756,5,502
세종특별자치시,세종특별자치시,전의면,전의면제3투,480,326,103,202,15,4,0,324,2,154
세종특별자치시,세종특별자치시,전동면,관내사전투표,981,981,552,348,49,12,6,967,14,0
세종특별자치시,세종특별자치시,전동면,전동면제1투,853,501,153,316,27,1,0,497,4,352
세종특별자치시,세종특별자치시,전동면,전동면제2투,400,258,86,158,11,0,1,256,2,142
세종특별자치시,세종특별자치시,전동면,전동면제3투,628,270,76,185,8,0,0,269,1,358
세종특별자치시,세종특별자치시,소정면,관내사전투표,654,654,354,253,35,8,0,650,4,0
세종특별자치시,세종특별자치시,소정면,소정면투표소,1127,682,182,453,32,8,2,677,5,445
세종특별자치시,세종특별자치시,한솔동,관내사전투표,3922,3922,2838,721,301,45,1,3906,16,0
세종특별자치시,세종특별자치시,한솔동,한솔동제1투,2104,1630,827,638,138,16,0,1619,11,474
세종특별자치시,세종특별자치시,한솔동,한솔동제2투,1730,1355,682,531,122,14,0,1349,6,375
세종특별자치시,세종특별자치시,한솔동,한솔동제3투,1661,1291,584,561,117,15,2,1279,12,370
세종특별자치시,세종특별자치시,한솔동,한솔동제4투,2362,1719,710,786,178,24,1,1699,20,643
세종특별자치시,세종특별자치시,도담동,관내사전투표,6273,6273,4277,1301,589,66,5,6238,35,0
세종특별자치시,세종특별자치시,도담동,도담동제1투,1435,1012,416,418,154,10,0,998,14,423
세종특별자치시,세종특별자치시,도담동,도담동제2투,1844,1275,464,673,95,25,1,1258,17,569
세종특별자치시,세종특별자치시,도담동,도담동제3투,3629,2599,1093,1207,253,27,2,2582,17,1030
세종특별자치시,세종특별자치시,도담동,도담동제4투,1749,1368,645,553,139,25,0,1362,6,381
세종특별자치시,세종특별자치시,도담동,도담동제5투,2169,1705,717,801,155,22,1,1696,9,464
세종특별자치시,세종특별자치시,아름동,관내사전투표,5799,5799,4156,1005,529,70,3,5763,36,0
세종특별자치시,세종특별자치시,아름동,아름동제1투,2252,1715,849,614,215,25,0,1703,12,537
세종특별자치시,세종특별자치시,아름동,아름동제2투,1900,1428,730,557,116,12,3,1418,10,472
세종특별자치시,세종특별자치시,아름동,아름동제3투,2474,1859,916,757,146,22,1,1842,17,615
세종특별자치시,세종특별자치시,아름동,아름동제4투,2699,2190,1192,742,195,41,2,2172,18,509
세종특별자치시,세종특별자치시,종촌동,관내사전투표,6105,6105,4270,1153,562,69,3,6057,48,0
세종특별자치시,세종특별자치시,종촌동,종촌동제1투,2391,1700,850,658,162,19,2,1691,9,691
세종특별자치시,세종특별자치시,종촌동,종촌동제2투,1310,952,453,397,80,15,0,945,7,358
세종특별자치시,세종특별자치시,종촌동,종촌동제3투,2407,1927,977,748,164,20,3,1912,15,480
세종특별자치시,세종특별자치시,종촌동,종촌동제4투,1832,1443,680,609,127,20,2,1438,5,389
세종특별자치시,세종특별자치시,종촌동,종촌동제5투,2281,1606,709,718,152,19,1,1599,7,675
세종특별자치시,세종특별자치시,종촌동,종촌동제6투,1593,1115,438,549,99,17,2,1105,10,478
세종특별자치시,세종특별자치시,고운동,관내사전투표,5802,5802,4335,993,393,56,1,5778,24,0
세종특별자치시,세종특별자치시,고운동,고운동제1투,3512,2615,1266,1083,220,23,1,2593,22,897
세종특별자치시,세종특별자치시,고운동,고운동제2투,4115,2935,1437,1174,278,21,3,2913,22,1180
세종특별자치시,세종특별자치시,고운동,고운동제3투,2076,1437,695,609,110,14,1,1429,8,639
세종특별자치시,세종특별자치시,고운동,고운동제4투,2926,2173,1142,808,180,33,0,2163,10,753
세종특별자치시,세종특별자치시,고운동,고운동제5투,2596,1830,869,793,139,19,0,1820,10,766
세종특별자치시,세종특별자치시,보람동,관내사전투표,5442,5442,3812,983,535,69,3,5402,40,0
세종특별자치시,세종특별자치시,보람동,보람동제1투,2838,2140,1049,887,175,18,1,2130,10,698
세종특별자치시,세종특별자치시,보람동,보람동제2투,2201,1650,717,763,150,11,0,1641,9,551
세종특별자치시,세종특별자치시,보람동,보람동제3투,2886,2152,897,961,239,31,5,2133,19,734
세종특별자치시,세종특별자치시,새롬동,관내사전투표,6027,6027,4218,1070,619,69,5,5981,46,0
세종특별자치시,세종특별자치시,새롬동,새롬동제1투,1974,1345,540,630,150,17,0,1337,8,629
세종특별자치시,세종특별자치시,새롬동,새롬동제2투,2874,2231,1013,962,224,18,2,2219,12,643
세종특별자치시,세종특별자치시,새롬동,새롬동제3투,2964,2273,1111,919,192,31,3,2256,17,691
세종특별자치시,세종특별자치시,새롬동,새롬동제4투,2784,2039,948,827,206,37,4,2022,17,745
세종특별자치시,세종특별자치시,대평동,관내사전투표,3121,3121,2179,607,290,33,1,3110,11,0
세종특별자치시,세종특별자치시,대평동,대평동제1투,2387,1773,747,808,187,17,2,1761,12,614
세종특별자치시,세종특별자치시,대평동,대평동제2투,2415,1672,705,785,152,15,1,1658,14,743
세종특별자치시,세종특별자치시,소담동,관내사전투표,5877,5877,4146,1076,547,69,1,5839,38,0
세종특별자치시,세종특별자치시,소담동,소담동제1투,2025,1564,741,650,137,21,2,1551,13,461
세종특별자치시,세종특별자치시,소담동,소담동제2투,2402,1808,857,737,187,20,0,1801,7,594
세종특별자치시,세종특별자치시,소담동,소담동제3투,2259,1656,739,708,179,17,1,1644,12,603
세종특별자치시,세종특별자치시,소담동,소담동제4투,2080,1491,637,675,145,21,1,1479,12,589
세종특별자치시,세종특별자치시,다정동,관내사전투표,6230,6230,4354,1168,592,82,3,6199,31,0
세종특별자치시,세종특별자치시,다정동,다정동제1투,2889,2254,1075,879,236,41,1,2232,22,635
세종특별자치시,세종특별자치시,다정동,다정동제2투,2749,1895,822,814,210,32,2,1880,15,854
세종특별자치시,세종특별자치시,다정동,다정동제3투,3223,2446,1132,1042,232,28,2,2436,10,777
세종특별자치시,세종특별자치시,다정동,다정동제4투,2643,1903,756,927,183,22,1,1889,14,740
세종특별자치시,세종특별자치시,해밀동,관내사전투표,4192,4192,3040,676,408,44,2,4170,22,0
세종특별자치시,세종특별자치시,해밀동,해밀동제1투,3624,2643,1302,984,288,45,3,2622,21,981
세종특별자치시,세종특별자치시,해밀동,해밀동제2투,2860,2217,1194,755,226,26,2,2203,14,643
세종특별자치시,세종특별자치시,해밀동,해밀동제3투,2536,1902,983,660,220,27,3,1893,9,634
세종특별자치시,세종특별자치시,반곡동,관내사전투표,5663,5663,3993,964,593,75,3,5628,35,0
세종특별자치시,세종특별자치시,반곡동,반곡동제1투,3209,2386,1133,933,256,39,1,2362,24,823
세종특별자치시,세종특별자치시,반곡동,반곡동제2투,2964,1968,830,828,254,31,1,1944,24,996
세종특별자치시,세종특별자치시,반곡동,반곡동제3투,2962,2326,1266,763,257,25,2,2313,13,636
세종특별자치시,세종특별자치시,반곡동,반곡동제4투,2910,2226,1068,778,319,39,5,2209,17,684
세종특별자치시,세종특별자치시,어진동,관내사전투표,3843,3843,2522,728,484,64,6,3804,39,0
세종특별자치시,세종특별자치시,어진동,어진동제1투,1983,1528,662,620,179,47,1,1509,19,455
세종특별자치시,세종특별자치시,어진동,어진동제2투,2711,1945,845,785,260,37,1,1928,17,766
세종특별자치시,세종특별자치시,나성동,관내사전투표,4072,4072,2792,695,482,66,6,4041,31,0
세종특별자치시,세종특별자치시,나성동,나성동제1투,2592,1875,831,779,226,24,1,1861,14,717
세종특별자치시,세종특별자치시,나성동,나성동제2투,2558,1728,783,711,193,32,3,1722,6,830
강원특별자치도,춘천시,거소·선상투표,,610,576,214,236,100,6,2,558,18,34
강원특별자치도,춘천시,관외사전투표,,16075,16074,8548,4611,2502,213,18,15892,182,1
강원특별자치도,춘천시,재외투표,,1152,939,668,152,103,15,0,938,1,213
강원특별자치도,춘천시,신북읍,관내사전투표,3426,3426,1996,1101,259,46,2,3404,22,0
강원특별자치도,춘천시,신북읍,신북읍제1투,1030,663,172,430,47,9,2,660,3,367
강원특별자치도,춘천시,신북읍,신북읍제2투,1625,1081,355,658,56,7,1,1077,4,544
강원특별자치도,춘천시,신북읍,신북읍제3투,1123,721,244,422,36,5,1,708,13,402
강원특별자치도,춘천시,신북읍,신북읍제4투,608,381,96,265,16,1,0,378,3,227
강원특별자치도,춘천시,동면,관내사전투표,2404,2404,1489,738,142,21,2,2392,12,0
강원특별자치도,춘천시,동면,동면제1투,2371,1771,711,900,136,18,0,1765,6,600
강원특별자치도,춘천시,동면,동면제2투,906,570,170,350,37,9,0,566,4,336
강원특별자치도,춘천시,동면,동면제3투,177,123,20,98,1,0,1,120,3,54
강원특별자치도,춘천시,동면,동면제4투,3173,2140,847,1109,146,24,3,2129,11,1033
강원특별자치도,춘천시,동면,동면제5투,3226,2228,902,1110,167,34,2,2215,13,998
강원특별자치도,춘천시,동산면,관내사전투표,516,516,290,166,54,3,0,513,3,0
강원특별자치도,춘천시,동산면,동산면제1투,542,359,67,274,14,0,0,355,4,183
강원특별자치도,춘천시,동산면,동산면제2투,318,185,42,138,4,0,0,184,1,133
강원특별자치도,춘천시,신동면,관내사전투표,1901,1901,1137,544,186,17,4,1888,13,0
강원특별자치도,춘천시,신동면,신동면투표소,1395,900,227,608,53,1,0,889,11,495
강원특별자치도,춘천시,동내면,관내사전투표,5353,5352,3391,1424,434,54,6,5309,43,1
강원특별자치도,춘천시,동내면,동내면제1투,2432,1477,489,857,111,11,1,1469,8,955
강원특별자치도,춘천시,동내면,동내면제2투,3727,2424,870,1320,197,20,2,2409,15,1303
강원특별자치도,춘천시,동내면,동내면제3투,2430,1814,725,879,173,27,2,1806,8,616
강원특별자치도,춘천시,동내면,동내면제4투,2507,1771,707,859,168,23,2,1759,12,736
강원특별자치도,춘천시,남면,관내사전투표,362,362,170,154,30,3,2,359,3,0
강원특별자치도,춘천시,남면,남면투표소,574,340,75,252,8,1,0,336,4,234
강원특별자치도,춘천시,남산면,관내사전투표,1018,1018,574,367,65,8,0,1014,4,0
강원특별자치도,춘천시,남산면,남산면제1투,1010,617,135,456,13,8,1,613,4,393
강원특별자치도,춘천시,남산면,남산면제2투,543,358,102,240,15,0,0,357,1,185
강원특별자치도,춘천시,남산면,남산면제3투,481,329,66,242,13,3,0,324,5,152
강원특별자치도,춘천시,서면,관내사전투표,1048,1048,590,353,89,9,1,1042,6,0
강원특별자치도,춘천시,서면,서면제1투,753,496,119,341,29,4,0,493,3,257
강원특별자치도,춘천시,서면,서면제2투,984,655,152,462,32,2,1,649,6,329
강원특별자치도,춘천시,서면,서면제3투,578,279,77,192,7,2,0,278,1,299
강원특별자치도,춘천시,사북면,관내사전투표,371,371,219,119,27,3,0,368,3,0
강원특별자치도,춘천시,사북면,사북면제1투,590,439,119,287,22,6,0,434,5,151
강원특별자치도,춘천시,사북면,사북면제2투,260,199,51,133,9,2,1,196,3,61
강원특별자치도,춘천시,사북면,사북면제3투,630,411,114,285,6,3,1,409,2,219
강원특별자치도,춘천시,북산면,관내사전투표,292,292,140,139,12,1,0,292,0,0
강원특별자치도,춘천시,북산면,북산면제1투,315,189,33,150,4,0,0,187,2,126
강원특별자치도,춘천시,북산면,북산면제2투,136,101,19,78,1,1,0,99,2,35
강원특별자치도,춘천시,소양동,관내사전투표,3248,3248,1949,967,274,33,3,3226,22,0
강원특별자치도,춘천시,소양동,소양동제1투,871,549,178,322,37,3,2,542,7,322
강원특별자치도,춘천시,소양동,소양동제2투,2843,1901,646,1083,144,16,0,1889,12,942
강원특별자치도,춘천시,소양동,소양동제3투,487,270,62,176,22,2,2,264,6,217
강원특별자치도,춘천시,교동,관내사전투표,1757,1756,985,484,247,21,1,1738,18,1
강원특별자치도,춘천시,교동,교동투표소,2297,1442,353,893,168,8,2,1424,18,855
강원특별자치도,춘천시,조운동,관내사전투표,2065,2065,1209,601,204,28,2,2044,21,0
강원특별자치도,춘천시,조운동,조운동투표소,1483,806,197,541,55,5,0,798,8,677
강원특별자치도,춘천시,약사명동,관내사전투표,1773,1773,987,606,146,22,1,1762,11,0
강원특별자치도,춘천시,약사명동,약사명동투표소,2401,1561,512,888,130,21,1,1552,9,840
강원특별자치도,춘천시,근화동,관내사전투표,1951,1951,1196,579,147,17,1,1940,11,0
강원특별자치도,춘천시,근화동,근화동제1투,3174,2047,714,1063,226,28,0,2031,16,1127
강원특별자치도,춘천시,근화동,근화동제2투,1459,778,230,474,57,7,3,771,7,681
강원특별자치도,춘천시,후평1동,관내사전투표,4085,4085,2456,1167,384,50,3,4060,25,0
강원특별자치도,춘천시,후평1동,후평1동제1투,2202,1267,377,787,70,15,3,1252,15,935
강원특별자치도,춘천시,후평1동,후평1동제2투,2245,1276,339,771,140,14,1,1265,11,969
강원특별자치도,춘천시,후평1동,후평1동제3투,2144,1326,405,803,95,11,1,1315,11,818
강원특별자치도,춘천시,후평2동,관내사전투표,3147,3147,1809,925,344,48,2,3128,19,0
강원특별자치도,춘천시,후평2동,후평2동제1투,2708,1769,623,949,162,26,1,1761,8,939
강원특별자치도,춘천시,후평2동,후평2동제2투,1890,1133,365,633,109,12,0,1119,14,757
강원특별자치도,춘천시,후평2동,후평2동제3투,2541,1677,553,972,124,21,1,1671,6,864
강원특별자치도,춘천시,후평3동,관내사전투표,4906,4906,2866,1530,414,60,5,4875,31,0
강원특별자치도,춘천시,후평3동,후평3동제1투,2776,1852,633,1066,124,12,5,1840,12,924
강원특별자치도,춘천시,후평3동,후평3동제2투,2320,1509,638,701,137,22,2,1500,9,811
강원특별자치도,춘천시,후평3동,후평3동제3투,1769,1006,333,572,74,14,3,996,10,763
강원특별자치도,춘천시,후평3동,후평3동제4투,1225,833,285,473,53,15,3,829,4,392
강원특별자치도,춘천시,후평3동,후평3동제5투,2680,1745,621,992,105,15,1,1734,11,935
강원특별자치도,춘천시,효자1동,관내사전투표,2081,2081,1180,705,150,26,1,2062,19,0
강원특별자치도,춘천시,효자1동,효자1동투표소,2061,1355,416,829,92,9,2,1348,7,706
강원특별자치도,춘천시,효자2동,관내사전투표,2567,2567,1329,701,479,33,1,2543,24,0
강원특별자치도,춘천시,효자2동,효자2동제1투,2148,1321,440,718,142,8,3,1311,10,827
강원특별자치도,춘천시,효자2동,효자2동제2투,2287,1439,433,858,122,14,3,1430,9,848
강원특별자치도,춘천시,효자2동,효자2동제3투,1841,1066,273,586,183,13,1,1056,10,775
강원특별자치도,춘천시,효자2동,효자2동제4투,1355,807,211,459,121,8,3,802,5,548
강원특별자치도,춘천시,효자3동,관내사전투표,1668,1668,894,474,259,24,1,1652,16,0
강원특별자치도,춘천시,효자3동,효자3동투표소,2578,1536,429,895,180,14,4,1522,14,1042
강원특별자치도,춘천시,석사동,관내사전투표,6138,6138,3790,1657,580,66,5,6098,40,0
강원특별자치도,춘천시,석사동,석사동제1투,2097,1420,478,820,96,13,1,1408,12,677
강원특별자치도,춘천시,석사동,석사동제2투,1432,798,184,509,81,11,2,787,11,634
강원특별자치도,춘천시,석사동,석사동제3투,1739,1165,392,589,163,9,1,1154,11,574
강원특별자치도,춘천시,석사동,석사동제4투,2567,1971,782,993,164,18,2,1959,12,596
강원특별자치도,춘천시,석사동,석사동제5투,1887,1314,547,634,108,15,1,1305,9,573
강원특별자치도,춘천시,석사동,석사동제6투,3163,2227,853,1142,190,27,2,2214,13,936
강원특별자치도,춘천시,석사동,석사동제7투,1369,832,277,486,60,5,0,828,4,537
강원특별자치도,춘천시,석사동,석사동제8투,1603,1203,562,502,118,16,0,1198,5,400
강원특별자치도,춘천시,석사동,석사동제9투,2889,1963,861,874,181,31,2,1949,14,926
강원특별자치도,춘천시,퇴계동,관내사전투표,7688,7688,4919,2002,650,68,5,7644,44,0
강원특별자치도,춘천시,퇴계동,퇴계동제1투,2889,1880,594,1055,186,29,0,1864,16,1009
강원특별자치도,춘천시,퇴계동,퇴계동제2투,1479,997,327,575,76,10,1,989,8,482
강원특별자치도,춘천시,퇴계동,퇴계동제3투,1568,1143,434,602,94,7,1,1138,5,425
강원특별자치도,춘천시,퇴계동,퇴계동제4투,1798,1358,492,743,99,16,1,1351,7,440
강원특별자치도,춘천시,퇴계동,퇴계동제5투,1226,910,373,462,67,4,0,906,4,316
강원특별자치도,춘천시,퇴계동,퇴계동제6투,2037,1527,563,853,89,15,0,1520,7,510
강원특별자치도,춘천시,퇴계동,퇴계동제7투,2798,1861,688,997,133,27,0,1845,16,937
강원특별자치도,춘천시,퇴계동,퇴계동제8투,2297,1616,630,846,107,20,3,1606,10,681
강원특별자치도,춘천시,퇴계동,퇴계동제9투,1639,1234,583,554,75,17,2,1231,3,405
강원특별자치도,춘천시,퇴계동,퇴계동제10투,2385,1693,660,889,120,19,1,1689,4,692
강원특별자치도,춘천시,퇴계동,퇴계동제11투,1980,1592,704,711,148,24,2,1589,3,388
강원특별자치도,춘천시,퇴계동,퇴계동제12투,3797,2917,1349,1235,279,43,0,2906,11,880
강원특별자치도,춘천시,강남동,관내사전투표,6503,6503,3825,1991,560,88,2,6466,37,0
강원특별자치도,춘천시,강남동,강남동제1투,1597,982,365,510,87,13,2,977,5,615
강원특별자치도,춘천시,강남동,강남동제2투,3655,2546,759,1498,252,22,3,2534,12,1109
강원특별자치도,춘천시,강남동,강남동제3투,1709,1192,349,746,90,6,0,1191,1,517
강원특별자치도,춘천시,강남동,강남동제4투,3122,2119,829,1127,127,24,2,2109,10,1003
강원특별자치도,춘천시,강남동,강남동제5투,3299,2493,1120,1113,223,26,2,2484,9,806
강원특별자치도,춘천시,신사우동,관내사전투표,5707,5707,3476,1699,433,64,5,5677,30,0
강원특별자치도,춘천시,신사우동,신사우동제1투,2793,1858,763,935,133,12,3,1846,12,935
강원특별자치도,춘천시,신사우동,신사우동제2투,1581,1147,372,678,76,10,2,1138,9,434
강원특별자치도,춘천시,신사우동,신사우동제3투,2067,1370,413,820,105,12,3,1353,17,697
강원특별자치도,춘천시,신사우동,신사우동제4투,944,591,177,361,46,4,0,588,3,353
강원특별자치도,춘천시,신사우동,신사우동제5투,2254,1504,536,794,148,11,3,1492,12,750
강원특별자치도,춘천시,신사우동,신사우동제6투,3454,2345,919,1167,216,29,2,2333,12,1109
강원특별자치도,원주시,거소·선상투표,,583,534,220,179,106,11,2,518,16,49
강원특별자치도,원주시,관외사전투표,,20854,20848,11413,5795,3136,237,35,20616,232,6
강원특별자치도,원주시,재외투표,,1156,930,638,181,86,18,1,924,6,226
강원특별자치도,원주시,문막읍,관내사전투표,4969,4969,3086,1486,312,55,3,4942,27,0
강원특별자치도,원주시,문막읍,문막읍제1투,3908,2417,954,1272,145,26,3,2400,17,1491
강원특별자치도,원주시,문막읍,문막읍제2투,1468,794,204,541,35,5,1,786,8,674
강원특별자치도,원주시,문막읍,문막읍제3투,774,513,135,358,16,1,1,511,2,261
강원특별자치도,원주시,문막읍,문막읍제4투,4062,2438,981,1231,174,32,5,2423,15,1624
강원특별자치도,원주시,소초면,관내사전투표,1565,1565,829,584,129,13,3,1558,7,0
강원특별자치도,원주시,소초면,소초면제1투,1426,908,279,581,35,10,0,905,3,518
강원특별자치도,원주시,소초면,소초면제2투,1138,805,241,530,25,8,0,804,1,333
강원특별자치도,원주시,소초면,소초면제3투,1778,1109,291,732,67,9,0,1099,10,669
강원특별자치도,원주시,소초면,소초면제4투,792,539,145,318,64,3,1,531,8,253
강원특별자치도,원주시,호저면,관내사전투표,1153,1153,597,443,85,10,2,1137,16,0
강원특별자치도,원주시,호저면,호저면제1투,1418,914,205,660,36,9,1,911,3,504
강원특별자치도,원주시,호저면,호저면제2투,692,457,122,308,17,3,0,450,7,235
강원특별자치도,원주시,지정면,관내사전투표,6743,6743,4545,1425,656,53,8,6687,56,0
강원특별자치도,원주시,지정면,지정면제1투,1067,700,174,478,32,10,1,695,5,367
강원특별자치도,원주시,지정면,지정면제2투,695,471,145,298,19,7,0,469,2,224
강원특별자치도,원주시,지정면,지정면제3투,2410,1627,744,699,162,12,0,1617,10,783
강원특별자치도,원주시,지정면,지정면제4투,3239,2131,967,934,185,28,4,2118,13,1108
강원특별자치도,원주시,지정면,지정면제5투,3867,2682,1219,1172,247,34,0,2672,10,1185
강원특별자치도,원주시,지정면,지정면제6투,3610,2302,988,1014,253,34,1,2290,12,1308
강원특별자치도,원주시,부론면,관내사전투표,585,585,268,285,24,4,0,581,4,0
강원특별자치도,원주시,부론면,부론면투표소,1271,838,171,630,23,5,2,831,7,433
강원특별자치도,원주시,귀래면,관내사전투표,745,745,386,315,33,4,1,739,6,0
강원특별자치도,원주시,귀래면,귀래면투표소,1180,738,169,547,18,2,2,738,0,442
강원특별자치도,원주시,흥업면,관내사전투표,4129,4129,2415,1199,426,43,4,4087,42,0
강원특별자치도,원주시,흥업면,흥업면제1투,3089,1873,615,1066,155,18,5,1859,14,1216
강원특별자치도,원주시,흥업면,흥업면제2투,764,508,152,318,33,3,1,507,1,256
강원특별자치도,원주시,흥업면,흥업면제3투,1223,707,188,443,63,6,0,700,7,516
강원특별자치도,원주시,판부면,관내사전투표,2018,2018,1312,469,199,22,0,2002,16,0
강원특별자치도,원주시,판부면,판부면제1투,800,585,178,361,35,4,0,578,7,215
강원특별자치도,원주시,판부면,판부면제2투,565,397,122,254,11,6,0,393,4,168
강원특별자치도,원주시,판부면,판부면제3투,2650,1500,493,866,118,14,1,1492,8,1150
강원특별자치도,원주시,신림면,관내사전투표,1224,1224,674,475,60,11,0,1220,4,0
강원특별자치도,원주시,신림면,신림면제1투,1459,936,228,670,27,5,1,931,5,523
강원특별자치도,원주시,신림면,신림면제2투,605,444,135,289,12,4,2,442,2,161
강원특별자치도,원주시,중앙동,관내사전투표,2261,2261,1139,932,155,22,2,2250,11,0
강원특별자치도,원주시,중앙동,중앙동투표소,1397,725,159,537,21,3,1,721,4,672
강원특별자치도,원주시,원인동,관내사전투표,846,846,433,337,56,10,1,837,9,0
강원특별자치도,원주시,원인동,원인동제1투,1682,1025,331,590,91,8,2,1022,3,657
강원특별자치도,원주시,원인동,원인동제2투,640,371,104,234,24,3,1,366,5,269
강원특별자치도,원주시,개운동,관내사전투표,2952,2952,1603,1085,209,30,5,2932,20,0
강원특별자치도,원주시,개운동,개운동제1투,2323,1389,413,859,89,16,0,1377,12,934
강원특별자치도,원주시,개운동,개운동제2투,2575,1696,529,1019,126,12,1,1687,9,879
강원특별자치도,원주시,개운동,개운동제3투,1974,1279,411,750,98,13,1,1273,6,695
강원특별자치도,원주시,명륜1동,관내사전투표,3420,3420,2035,1054,261,31,3,3384,36,0
강원특별자치도,원주시,명륜1동,명륜1동제1투,1408,890,257,572,51,3,2,885,5,518
강원특별자치도,원주시,명륜1동,명륜1동제2투,1256,782,249,475,46,8,2,780,2,474
강원특별자치도,원주시,명륜1동,명륜1동제3투,1948,1401,474,814,90,12,1,1391,10,547
강원특별자치도,원주시,명륜2동,관내사전투표,3835,3835,2248,1235,283,40,5,3811,24,0
강원특별자치도,원주시,명륜2동,명륜2동제1투,2281,1307,414,731,129,18,2,1294,13,974
강원특별자치도,원주시,명륜2동,명륜2동제2투,2792,2033,769,1093,140,22,1,2025,8,759
강원특별자치도,원주시,명륜2동,명륜2동제3투,2825,1893,598,1102,165,13,0,1878,15,932
강원특별자치도,원주시,명륜2동,명륜2동제4투,1666,983,291,611,56,15,1,974,9,683
강원특별자치도,원주시,단구동,관내사전투표,8618,8618,5486,2356,624,83,10,8559,59,0
강원특별자치도,원주시,단구동,단구동제1투,2396,1459,515,815,106,11,2,1449,10,937
강원특별자치도,원주시,단구동,단구동제2투,2500,1690,618,924,115,16,3,1676,14,810
강원특별자치도,원주시,단구동,단구동제3투,2234,1373,571,642,133,17,2,1365,8,861
강원특별자치도,원주시,단구동,단구동제4투,1297,767,212,480,61,8,3,764,3,530
강원특별자치도,원주시,단구동,단구동제5투,2635,1618,530,924,136,22,0,1612,6,1017
강원특별자치도,원주시,단구동,단구동제6투,2437,1568,580,822,128,19,3,1552,16,869
강원특별자치도,원주시,단구동,단구동제7투,2638,1567,600,805,131,17,1,1554,13,1071
강원특별자치도,원주시,단구동,단구동제8투,2326,1419,613,649,138,13,0,1413,6,907
강원특별자치도,원주시,단구동,단구동제9투,2912,1964,917,847,174,16,0,1954,10,948
강원특별자치도,원주시,단구동,단구동제10투,2157,1337,570,632,108,15,3,1328,9,820
강원특별자치도,원주시,일산동,관내사전투표,2273,2273,1301,673,249,23,3,2249,24,0
강원특별자치도,원주시,일산동,일산동제1투,2242,1381,461,773,126,9,1,1370,11,861
강원특별자치도,원주시,일산동,일산동제2투,2598,1611,453,970,160,13,1,1597,14,987
강원특별자치도,원주시,학성동,관내사전투표,2186,2186,1264,761,126,23,0,2174,12,0
강원특별자치도,원주시,학성동,학성동제1투,1880,1114,325,716,63,6,2,1112,2,766
강원특별자치도,원주시,학성동,학성동제2투,802,442,105,315,20,1,0,441,1,360
강원특별자치도,원주시,단계동,관내사전투표,6070,6068,3667,1810,495,56,2,6030,38,2
강원특별자치도,원주시,단계동,단계동제1투,2785,1669,486,1003,140,21,2,1652,17,1116
강원특별자치도,원주시,단계동,단계동제2투,3097,2031,680,1172,135,25,4,2016,15,1066
강원특별자치도,원주시,단계동,단계동제3투,3377,2170,710,1261,162,22,6,2161,9,1207
강원특별자치도,원주시,단계동,단계동제4투,1184,691,207,419,57,4,0,687,4,493
강원특별자치도,원주시,단계동,단계동제5투,2966,1977,732,1034,171,20,3,1960,17,989
강원특별자치도,원주시,단계동,단계동제6투,2419,1660,762,720,153,14,1,1650,10,759
강원특별자치도,원주시,우산동,관내사전투표,3127,3127,1858,913,289,45,3,3108,19,0
강원특별자치도,원주시,우산동,우산동제1투,2368,1336,340,859,107,15,4,1325,11,1032
강원특별자치도,원주시,우산동,우산동제2투,2894,1969,793,1021,125,15,2,1956,13,925
강원특별자치도,원주시,우산동,우산동제3투,2537,1541,488,915,121,9,3,1536,5,996
강원특별자치도,원주시,태장1동,관내사전투표,3436,3436,2008,1099,272,28,6,3413,23,0
강원특별자치도,원주시,태장1동,태장1동제1투,3295,2083,753,1140,151,24,4,2072,11,1212
강원특별자치도,원주시,태장1동,태장1동제2투,3414,1941,690,1061,162,16,4,1933,8,1473
강원특별자치도,원주시,태장2동,관내사전투표,5365,5365,3140,1736,400,49,7,5332,33,0
강원특별자치도,원주시,태장2동,태장2동제1투,1709,892,286,540,49,9,0,884,8,817
강원특별자치도,원주시,태장2동,태장2동제2투,3282,2144,876,1095,141,25,1,2138,6,1138
강원특별자치도,원주시,태장2동,태장2동제3투,2111,1325,467,734,99,19,1,1320,5,786
강원특별자치도,원주시,태장2동,태장2동제4투,1410,842,238,552,45,6,0,841,1,568
강원특별자치도,원주시,태장2동,태장2동제5투,2587,1574,586,876,88,16,2,1568,6,1013
강원특별자치도,원주시,태장2동,태장2동제6투,3057,1856,650,1024,132,26,5,1837,19,1201
강원특별자치도,원주시,봉산동,관내사전투표,1791,1791,1007,644,110,11,3,1775,16,0
강원특별자치도,원주시,봉산동,봉산동제1투,1289,839,224,559,43,7,1,834,5,450
강원특별자치도,원주시,봉산동,봉산동제2투,1258,744,202,487,43,6,1,739,5,514
강원특별자치도,원주시,봉산동,봉산동제3투,1921,1354,490,761,79,11,1,1342,12,567
강원특별자치도,원주시,행구동,관내사전투표,3577,3577,2321,914,278,33,2,3548,29,0
강원특별자치도,원주시,행구동,행구동제1투,1600,1002,229,696,65,4,0,994,8,598
강원특별자치도,원주시,행구동,행구동제2투,2857,1944,800,993,126,13,0,1932,12,913
강원특별자치도,원주시,무실동,관내사전투표,7543,7543,4891,1860,658,75,4,7488,55,0
강원특별자치도,원주시,무실동,무실동제1투,3120,1885,697,983,164,24,1,1869,16,1235
강원특별자치도,원주시,무실동,무실동제2투,3536,2399,949,1204,205,23,2,2383,16,1137
강원특별자치도,원주시,무실동,무실동제3투,2380,1901,863,848,154,22,3,1890,11,479
강원특별자치도,원주시,무실동,무실동제4투,3360,1942,649,1076,179,25,2,1931,11,1418
강원특별자치도,원주시,무실동,무실동제5투,3293,2299,1010,1071,182,21,1,2285,14,994
강원특별자치도,원주시,무실동,무실동제6투,3833,2690,1217,1175,258,28,0,2678,12,1143
강원특별자치도,원주시,반곡관설동,관내사전투표,8719,8719,5910,1866,790,101,6,8673,46,0
강원특별자치도,원주시,반곡관설동,반곡관설동제1투,1814,1294,480,705,89,10,4,1288,6,520
강원특별자치도,원주시,반곡관설동,반곡관설동제2투,2598,1941,878,822,193,30,0,1923,18,657
강원특별자치도,원주시,반곡관설동,반곡관설동제3투,4064,2504,1067,1173,216,25,0,2481,23,1560
강원특별자치도,원주시,반곡관설동,반곡관설동제4투,2754,1916,912,801,162,27,2,1904,12,838
강원특별자치도,원주시,반곡관설동,반곡관설동제5투,3320,2286,935,1126,181,27,2,2271,15,1034
강원특별자치도,원주시,반곡관설동,반곡관설동제6투,2940,1981,856,847,229,32,1,1965,16,959
강원특별자치도,원주시,반곡관설동,반곡관설동제7투,3148,2212,1018,949,211,26,0,2204,8,936
강원특별자치도,원주시,반곡관설동,반곡관설동제8투,2882,2000,929,903,144,12,1,1989,11,882
강원특별자치도,강릉시,거소·선상투표,,325,306,122,114,56,3,3,298,8,19
강원특별자치도,강릉시,관외사전투표,,10413,10409,5174,3347,1635,115,22,10293,116,4
강원특별자치도,강릉시,재외투표,,646,538,407,67,53,8,0,535,3,108
강원특별자치도,강릉시,주문진읍,관내사전투표,3361,3361,1740,1388,193,15,1,3337,24,0
강원특별자치도,강릉시,주문진읍,주문진읍제1투,1760,999,228,719,35,8,1,991,8,761
강원특별자치도,강릉시,주문진읍,주문진읍제2투,2291,1289,355,857,56,9,1,1278,11,1002
강원특별자치도,강릉시,주문진읍,주문진읍제3투,1813,1125,286,794,34,4,3,1121,4,688
강원특별자치도,강릉시,주문진읍,주문진읍제4투,693,427,80,322,19,3,0,424,3,266
강원특별자치도,강릉시,주문진읍,주문진읍제5투,2037,1263,395,778,69,9,1,1252,11,774
강원특별자치도,강릉시,주문진읍,주문진읍제6투,1493,876,250,563,49,8,0,870,6,617
강원특별자치도,강릉시,성산면,관내사전투표,1130,1130,588,444,74,15,3,1124,6,0
강원특별자치도,강릉시,성산면,성산면제1투,1483,935,213,678,32,4,1,928,7,548
강원특별자치도,강릉시,성산면,성산면제2투,583,405,119,257,23,3,0,402,3,178
강원특별자치도,강릉시,왕산면,관내사전투표,330,330,151,162,14,2,1,330,0,0
강원특별자치도,강릉시,왕산면,왕산면제1투,444,307,54,229,13,3,1,300,7,137
강원특별자치도,강릉시,왕산면,왕산면제2투,249,162,39,113,7,1,0,160,2,87
강원특별자치도,강릉시,왕산면,왕산면제3투,230,172,42,116,9,3,0,170,2,58
강원특별자치도,강릉시,구정면,관내사전투표,1290,1290,702,487,84,10,1,1284,6,0
강원특별자치도,강릉시,구정면,구정면제1투,1702,1140,317,728,71,10,3,1129,11,562
강원특별자치도,강릉시,구정면,구정면제2투,756,481,113,349,13,4,0,479,2,275
강원특별자치도,강릉시,강동면,관내사전투표,1411,1411,635,633,117,12,2,1399,12,0
강원특별자치도,강릉시,강동면,강동면제1투,1531,1001,209,751,27,5,1,993,8,530
강원특별자치도,강릉시,강동면,강동면제2투,848,522,122,380,15,1,0,518,4,326
강원특별자치도,강릉시,옥계면,관내사전투표,1067,1067,459,537,61,3,1,1061,6,0
강원특별자치도,강릉시,옥계면,옥계면제1투,1135,709,149,515,35,4,0,703,6,426
강원특별자치도,강릉시,옥계면,옥계면제2투,709,444,95,323,20,5,1,444,0,265
강원특별자치도,강릉시,사천면,관내사전투표,2187,2187,1237,750,159,16,0,2162,25,0
강원특별자치도,강릉시,사천면,사천면제1투,2055,1252,345,819,73,6,2,1245,7,803
강원특별자치도,강릉시,사천면,사천면제2투,926,641,160,436,32,6,0,634,7,285
강원특별자치도,강릉시,연곡면,관내사전투표,2491,2491,1343,950,155,29,1,2478,13,0
강원특별자치도,강릉시,연곡면,연곡면제1투,2380,1441,419,924,84,10,2,1439,2,939
강원특별자치도,강릉시,연곡면,연곡면제2투,1088,692,142,523,20,5,1,691,1,396
강원특별자치도,강릉시,홍제동,관내사전투표,2540,2540,1470,862,183,13,0,2528,12,0
강원특별자치도,강릉시,홍제동,홍제동제1투,2610,1666,521,1014,103,18,2,1658,8,944
강원특별자치도,강릉시,홍제동,홍제동제2투,1765,1154,288,790,58,9,0,1145,9,611
강원특별자치도,강릉시,홍제동,홍제동제3투,3425,2459,929,1290,194,24,1,2438,21,966
강원특별자치도,강릉시,중앙동,관내사전투표,2403,2403,1264,925,171,21,2,2383,20,0
강원특별자치도,강릉시,중앙동,중앙동제1투,1049,647,149,461,27,4,1,642,5,402
강원특별자치도,강릉시,중앙동,중앙동제2투,1652,958,194,711,41,5,1,952,6,694
강원특별자치도,강릉시,옥천동,관내사전투표,1666,1666,833,702,112,10,1,1658,8,0
강원특별자치도,강릉시,옥천동,옥천동투표소,1968,1123,273,789,47,9,1,1119,4,845
강원특별자치도,강릉시,교1동,관내사전투표,6053,6053,3568,1817,549,64,3,6001,52,0
강원특별자치도,강릉시,교1동,교1동제1투,2198,1394,378,911,83,18,0,1390,4,804
강원특별자치도,강릉시,교1동,교1동제2투,3764,2513,933,1353,195,19,3,2503,10,1251
강원특별자치도,강릉시,교1동,교1동제3투,1901,1397,495,774,107,9,1,1386,11,504
강원특별자치도,강릉시,교1동,교1동제4투,2525,1522,517,815,163,13,2,1510,12,1003
강원특별자치도,강릉시,교1동,교1동제5투,2111,1350,429,790,112,11,0,1342,8,761
강원특별자치도,강릉시,교1동,교1동제6투,2256,1480,464,874,124,13,0,1475,5,776
강원특별자치도,강릉시,교2동,관내사전투표,2300,2300,1280,795,183,28,4,2290,10,0
강원특별자치도,강릉시,교2동,교2동제1투,1285,705,143,524,33,1,0,701,4,580
강원특별자치도,강릉시,교2동,교2동제2투,1176,722,165,504,44,7,2,722,0,454
강원특별자치도,강릉시,교2동,교2동제3투,2405,1670,521,994,124,20,0,1659,11,735
강원특별자치도,강릉시,포남1동,관내사전투표,2470,2470,1328,941,165,17,2,2453,17,0
강원특별자치도,강릉시,포남1동,포남1동제1투,2369,1470,355,976,111,14,3,1459,11,899
강원특별자치도,강릉시,포남1동,포남1동제2투,1851,1176,245,868,53,5,0,1171,5,675
강원특별자치도,강릉시,포남1동,포남1동제3투,2266,1420,378,937,81,11,1,1408,12,846
강원특별자치도,강릉시,포남2동,관내사전투표,2984,2984,1675,1066,197,25,6,2969,15,0
강원특별자치도,강릉시,포남2동,포남2동제1투,2013,1139,293,760,69,12,0,1134,5,874
강원특별자치도,강릉시,포남2동,포남2동제2투,1804,1154,308,762,64,9,0,1143,11,650
강원특별자치도,강릉시,포남2동,포남2동제3투,1694,1084,269,729,60,16,2,1076,8,610
강원특별자치도,강릉시,포남2동,포남2동제4투,1588,1098,295,716,69,7,3,1090,8,490
강원특별자치도,강릉시,초당동,관내사전투표,1418,1418,868,409,119,12,1,1409,9,0
강원특별자치도,강릉시,초당동,초당동제1투,1027,708,175,467,58,3,0,703,5,319
강원특별자치도,강릉시,초당동,초당동제2투,1339,908,299,535,51,14,2,901,7,431
강원특별자치도,강릉시,송정동,관내사전투표,2460,2460,1476,779,169,19,4,2447,13,0
강원특별자치도,강릉시,송정동,송정동제1투,2533,1671,529,999,108,24,2,1662,9,862
강원특별자치도,강릉시,송정동,송정동제2투,2281,1566,462,972,113,8,0,1555,11,715
강원특별자치도,강릉시,내곡동,관내사전투표,3690,3690,2155,1128,345,37,2,3667,23,0
강원특별자치도,강릉시,내곡동,내곡동제1투,3597,2485,996,1283,173,19,2,2473,12,1112
강원특별자치도,강릉시,내곡동,내곡동제2투,3549,2349,854,1267,178,32,1,2332,17,1200
강원특별자치도,강릉시,내곡동,내곡동제3투,3036,1829,505,1113,176,19,1,1814,15,1207
강원특별자치도,강릉시,강남동,관내사전투표,2855,2855,1482,1120,200,37,3,2842,13,0
강원특별자치도,강릉시,강남동,강남동제1투,2243,1422,419,891,84,7,2,1403,19,821
강원특별자치도,강릉시,강남동,강남동제2투,3196,1952,575,1261,89,14,1,1940,12,1244
강원특별자치도,강릉시,강남동,강남동제3투,1716,1017,244,711,51,6,0,1012,5,699
강원특별자치도,강릉시,강남동,강남동제4투,1505,919,233,610,63,8,1,915,4,586
강원특별자치도,강릉시,강남동,강남동제5투,897,564,147,388,26,1,0,562,2,333
강원특별자치도,강릉시,강남동,강남동제6투,590,369,92,261,12,1,0,366,3,221
강원특별자치도,강릉시,성덕동,관내사전투표,4812,4812,2930,1470,327,49,6,4782,30,0
강원특별자치도,강릉시,성덕동,성덕동제1투,2798,1709,586,962,117,23,3,1691,18,1089
강원특별자치도,강릉시,성덕동,성덕동제2투,2729,1769,559,1032,145,17,2,1755,14,960
강원특별자치도,강릉시,성덕동,성덕동제3투,3077,1908,592,1180,108,12,2,1894,14,1169
강원특별자치도,강릉시,성덕동,성덕동제4투,2481,1652,607,902,126,8,4,1647,5,829
강원특별자치도,강릉시,성덕동,성덕동제5투,2758,1848,778,868,159,24,1,1830,18,910
강원특별자치도,강릉시,성덕동,성덕동제6투,909,587,165,378,38,2,1,584,3,322
강원특별자치도,강릉시,경포동,관내사전투표,3054,3054,1943,715,340,31,3,3032,22,0
강원특별자치도,강릉시,경포동,경포동제1투,2073,1237,339,710,168,5,2,1224,13,836
강원특별자치도,강릉시,경포동,경포동제2투,1485,1031,263,716,37,7,0,1023,8,454
강원특별자치도,강릉시,경포동,경포동제3투,2135,1573,623,778,139,26,2,1568,5,562
강원특별자치도,동해시,거소·선상투표,,687,664,235,216,178,6,5,640,24,23
강원특별자치도,동해시,관외사전투표,,5242,5242,2662,1636,788,65,9,5160,82,0
강원특별자치도,동해시,재외투표,,225,192,131,45,13,1,0,190,2,33
강원특별자치도,동해시,천곡동,관내사전투표,4440,4440,2503,1594,280,34,4,4415,25,0
강원특별자치도,동해시,천곡동,천곡동제1투,1579,998,277,666,44,4,0,991,7,581
강원특별자치도,동해시,천곡동,천곡동제2투,1267,768,202,510,41,7,1,761,7,499
강원특별자치도,동해시,천곡동,천곡동제3투,1823,1031,254,685,71,8,3,1021,10,792
강원특별자치도,동해시,천곡동,천곡동제4투,1474,931,252,627,40,7,3,929,2,543
강원특별자치도,동해시,천곡동,천곡동제5투,1647,1118,303,745,55,8,1,1112,6,529
강원특별자치도,동해시,천곡동,천곡동제6투,1998,1410,459,846,80,18,2,1405,5,588
강원특별자치도,동해시,천곡동,천곡동제7투,1384,813,240,528,35,5,1,809,4,571
강원특별자치도,동해시,천곡동,천곡동제8투,2380,1634,667,845,100,15,0,1627,7,746
강원특별자치도,동해시,천곡동,천곡동제9투,2431,1656,560,943,116,20,4,1643,13,775
강원특별자치도,동해시,송정동,관내사전투표,1625,1625,859,570,164,17,1,1611,14,0
강원특별자치도,동해시,송정동,송정동제1투,1313,820,206,564,37,3,4,814,6,493
강원특별자치도,동해시,송정동,송정동제2투,736,443,123,301,13,4,0,441,2,293
강원특별자치도,동해시,북삼동,관내사전투표,5464,5464,3216,1795,376,46,7,5440,24,0
강원특별자치도,동해시,북삼동,북삼동제1투,1362,820,270,502,36,9,1,818,2,542
강원특별자치도,동해시,북삼동,북삼동제2투,747,462,142,296,17,3,0,458,4,285
강원특별자치도,동해시,북삼동,북삼동제3투,2717,1803,710,921,151,13,2,1797,6,914
강원특별자치도,동해시,북삼동,북삼동제4투,2141,1258,485,654,100,12,2,1253,5,883
강원특별자치도,동해시,북삼동,북삼동제5투,1740,1098,389,616,79,10,1,1095,3,642
강원특별자치도,동해시,북삼동,북삼동제6투,1790,1117,389,595,111,13,0,1108,9,673
강원특별자치도,동해시,부곡동,관내사전투표,2338,2338,1294,833,170,20,2,2319,19,0
강원특별자치도,동해시,부곡동,부곡동제1투,1152,701,182,484,28,3,2,699,2,451
강원특별자치도,동해시,부곡동,부곡동제2투,738,425,135,271,12,4,0,422,3,313
강원특별자치도,동해시,부곡동,부곡동제3투,822,509,140,341,18,6,1,506,3,313
강원특별자치도,동해시,동호동,관내사전투표,1254,1254,654,521,53,14,2,1244,10,0
강원특별자치도,동해시,동호동,동호동제1투,1523,927,275,577,53,11,6,922,5,596
강원특별자치도,동해시,동호동,동호동제2투,1191,678,148,498,18,6,0,670,8,513
강원특별자치도,동해시,발한동,관내사전투표,1076,1076,483,519,53,11,1,1067,9,0
강원특별자치도,동해시,발한동,발한동제1투,899,526,103,400,20,1,1,525,1,373
강원특별자치도,동해시,발한동,발한동제2투,1125,677,151,504,16,2,0,673,4,448
강원특별자치도,동해시,묵호동,관내사전투표,657,657,344,275,34,2,0,655,2,0
강원특별자치도,동해시,묵호동,묵호동제1투,1140,641,185,435,15,2,0,637,4,499
강원특별자치도,동해시,묵호동,묵호동제2투,508,286,63,217,3,2,0,285,1,222
강원특별자치도,동해시,북평동,관내사전투표,3356,3356,1767,1330,203,28,9,3337,19,0
강원특별자치도,동해시,북평동,북평동제1투,2352,1481,482,871,104,13,1,1471,10,871
강원특별자치도,동해시,북평동,북평동제2투,1115,636,160,426,39,4,1,630,6,479
강원특별자치도,동해시,북평동,북평동제3투,3203,2075,787,1102,154,19,5,2067,8,1128
강원특별자치도,동해시,망상동,관내사전투표,697,697,369,294,27,4,0,694,3,0
강원특별자치도,동해시,망상동,망상동제1투,840,544,137,383,19,5,0,544,0,296
강원특별자치도,동해시,망상동,망상동제2투,1129,654,169,454,20,4,1,648,6,475
강원특별자치도,동해시,삼화동,관내사전투표,898,898,426,404,60,5,0,895,3,0
강원특별자치도,동해시,삼화동,삼화동제1투,810,497,108,371,15,0,0,494,3,313
강원특별자치도,동해시,삼화동,삼화동제2투,653,444,101,326,13,0,0,440,4,209
강원특별자치도,삼척시,거소·선상투표,,148,145,44,78,16,0,0,138,7,3
강원특별자치도,삼척시,관외사전투표,,4575,4575,2193,1611,666,48,7,4525,50,0
강원특별자치도,삼척시,재외투표,,133,100,65,21,11,2,0,99,1,33
강원특별자치도,삼척시,도계읍,관내사전투표,2863,2863,1114,1502,202,20,1,2839,24,0
강원특별자치도,삼척시,도계읍,도계읍제1투,240,146,22,111,11,0,0,144,2,94
강원특별자치도,삼척시,도계읍,도계읍제2투,1300,780,177,516,78,2,2,775,5,520
강원특별자치도,삼척시,도계읍,도계읍제3투,936,559,123,361,62,8,3,557,2,377
강원특별자치도,삼척시,도계읍,도계읍제4투,928,569,123,414,25,1,2,565,4,359
강원특별자치도,삼척시,도계읍,도계읍제5투,346,208,48,153,4,1,0,206,2,138
강원특별자치도,삼척시,도계읍,도계읍제6투,112,83,22,59,1,1,0,83,0,29
강원특별자치도,삼척시,도계읍,도계읍제7투,849,502,134,330,34,3,0,501,1,347
강원특별자치도,삼척시,원덕읍,관내사전투표,1442,1442,708,636,69,14,3,1430,12,0
강원특별자치도,삼척시,원덕읍,원덕읍제1투,1033,689,168,503,14,3,0,688,1,344
강원특별자치도,삼척시,원덕읍,원덕읍제2투,563,328,68,230,24,2,0,324,4,235
강원특별자치도,삼척시,원덕읍,원덕읍제3투,796,503,90,381,23,5,0,499,4,293
강원특별자치도,삼척시,원덕읍,원덕읍제4투,286,186,36,140,6,0,0,182,4,100
강원특별자치도,삼척시,근덕면,관내사전투표,1308,1308,564,655,67,15,2,1303,5,0
강원특별자치도,삼척시,근덕면,근덕면제1투,406,282,77,196,6,0,0,279,3,124
강원특별자치도,삼척시,근덕면,근덕면제2투,941,591,123,441,15,7,0,586,5,350
강원특별자치도,삼척시,근덕면,근덕면제3투,556,372,71,280,13,5,1,370,2,184
강원특별자치도,삼척시,근덕면,근덕면제4투,491,333,83,233,9,2,0,327,6,158
강원특별자치도,삼척시,근덕면,근덕면제5투,491,364,100,251,12,0,0,363,1,127
강원특별자치도,삼척시,하장면,관내사전투표,253,253,110,125,16,0,0,251,2,0
강원특별자치도,삼척시,하장면,하장면제1투,287,187,59,122,4,1,0,186,1,100
강원특별자치도,삼척시,하장면,하장면제2투,221,162,36,120,6,0,0,162,0,59
강원특별자치도,삼척시,하장면,하장면제3투,278,210,62,139,5,1,1,208,2,68
강원특별자치도,삼척시,노곡면,관내사전투표,123,123,66,53,2,0,0,121,2,0
강원특별자치도,삼척시,노곡면,노곡면제1투,239,171,38,125,8,0,0,171,0,68
강원특별자치도,삼척시,노곡면,노곡면제2투,160,121,30,85,5,1,0,121,0,39
강원특별자치도,삼척시,미로면,관내사전투표,646,646,263,349,23,5,0,640,6,0
강원특별자치도,삼척시,미로면,미로면제1투,482,313,72,232,6,1,0,311,2,169
강원특별자치도,삼척시,미로면,미로면제2투,243,149,22,124,2,0,0,148,1,94
강원특별자치도,삼척시,미로면,미로면제3투,180,116,29,81,4,0,1,115,1,64
강원특별자치도,삼척시,가곡면,관내사전투표,229,229,100,113,10,0,1,224,5,0
강원특별자치도,삼척시,가곡면,가곡면제1투,163,95,19,72,1,1,0,93,2,68
강원특별자치도,삼척시,가곡면,가곡면제2투,188,149,37,105,4,0,0,146,3,39
강원특별자치도,삼척시,신기면,관내사전투표,236,236,120,102,10,2,0,234,2,0
강원특별자치도,삼척시,신기면,신기면투표소,335,214,35,164,12,0,0,211,3,121
강원특별자치도,삼척시,남양동,관내사전투표,2758,2758,1190,1288,232,26,3,2739,19,0
강원특별자치도,삼척시,남양동,남양동제1투,638,421,78,329,10,3,1,421,0,217
강원특별자치도,삼척시,남양동,남양동제2투,683,433,88,326,16,1,0,431,2,250
강원특별자치도,삼척시,남양동,남양동제3투,1000,689,159,488,31,4,0,682,7,311
강원특별자치도,삼척시,남양동,남양동제4투,1152,771,207,512,40,3,2,764,7,381
강원특별자치도,삼척시,남양동,남양동제5투,398,292,61,218,9,1,1,290,2,106
강원특별자치도,삼척시,성내동,관내사전투표,3034,3034,1745,1071,162,30,4,3012,22,0
강원특별자치도,삼척시,성내동,성내동제1투,1055,680,181,455,34,5,0,675,5,375
강원특별자치도,삼척시,성내동,성내동제2투,711,467,141,298,24,4,0,467,0,244
강원특별자치도,삼척시,성내동,성내동제3투,1190,757,201,506,40,4,0,751,6,433
강원특별자치도,삼척시,성내동,성내동제4투,811,530,156,346,19,5,1,527,3,281
강원특별자치도,삼척시,교동,관내사전투표,4447,4447,2634,1399,322,55,3,4413,34,0
강원특별자치도,삼척시,교동,교동제1투,1719,1128,368,656,85,12,0,1121,7,591
강원특별자치도,삼척시,교동,교동제2투,1863,1202,446,649,88,7,0,1190,12,661
강원특별자치도,삼척시,교동,교동제3투,1839,1118,320,696,86,8,0,1110,8,721
강원특별자치도,삼척시,교동,교동제4투,1240,861,375,400,67,14,1,857,4,379
강원특별자치도,삼척시,정라동,관내사전투표,805,805,360,391,41,7,1,800,5,0
강원특별자치도,삼척시,정라동,정라동제1투,788,476,108,344,17,0,0,469,7,312
강원특별자치도,삼척시,정라동,정라동제2투,1487,911,256,599,44,7,0,906,5,576
강원특별자치도,삼척시,정라동,정라동제3투,1983,1251,488,647,89,19,1,1244,7,732
강원특별자치도,삼척시,정라동,정라동제4투,598,402,146,228,19,4,3,400,2,196
강원특별자치도,태백시,거소·선상투표,,123,114,37,65,5,2,0,109,5,9
강원특별자치도,태백시,관외사전투표,,2461,2461,1233,855,325,22,2,2437,24,0
강원특별자치도,태백시,재외투표,,112,85,63,15,5,2,0,85,0,27
강원특별자치도,태백시,황지동,관내사전투표,2473,2473,1445,834,156,23,3,2461,12,0
강원특별자치도,태백시,황지동,황지동제1투,1088,726,176,511,29,4,0,720,6,362
강원특별자치도,태백시,황지동,황지동제2투,1159,716,243,426,36,8,0,713,3,443
강원특별자치도,태백시,황지동,황지동제3투,1478,921,348,504,55,7,0,914,7,557
강원특별자치도,태백시,황연동,관내사전투표,1557,1557,765,695,70,12,1,1543,14,0
강원특별자치도,태백시,황연동,황연동제1투,815,512,135,357,16,3,0,511,1,303
강원특별자치도,태백시,황연동,황연동제2투,492,276,80,188,5,1,0,274,2,216
강원특별자치도,태백시,황연동,황연동제3투,938,591,136,433,13,4,0,586,5,347
강원특별자치도,태백시,삼수동,관내사전투표,992,991,516,423,41,3,1,984,7,1
강원특별자치도,태백시,삼수동,삼수동제1투,1325,729,222,481,23,2,0,728,1,596
강원특별자치도,태백시,삼수동,삼수동제2투,1024,630,199,407,18,2,0,626,4,394
강원특별자치도,태백시,삼수동,삼수동제3투,359,263,86,168,5,0,0,259,4,96
강원특별자치도,태백시,상장동,관내사전투표,2375,2375,1409,775,156,22,2,2364,11,0
강원특별자치도,태백시,상장동,상장동제1투,941,577,155,400,15,4,0,574,3,364
강원특별자치도,태백시,상장동,상장동제2투,1841,1165,472,611,61,13,0,1157,8,676
강원특별자치도,태백시,상장동,상장동제3투,907,625,266,316,28,7,2,619,6,282
강원특별자치도,태백시,상장동,상장동제4투,697,412,118,267,22,3,0,410,2,285
강원특별자치도,태백시,상장동,상장동제5투,1063,636,205,380,41,4,1,631,5,427
강원특별자치도,태백시,문곡소도동,관내사전투표,832,832,452,331,41,3,1,828,4,0
강원특별자치도,태백시,문곡소도동,문곡소도동제1투,414,251,56,174,14,2,2,248,3,163
강원특별자치도,태백시,문곡소도동,문곡소도동제2투,722,499,146,330,14,5,1,496,3,223
강원특별자치도,태백시,문곡소도동,문곡소도동제3투,828,542,168,348,19,1,3,539,3,286
강원특별자치도,태백시,장성동,관내사전투표,1544,1544,724,726,75,10,0,1535,9,0
강원특별자치도,태백시,장성동,장성동제1투,284,166,39,121,3,0,0,163,3,118
강원특별자치도,태백시,장성동,장성동제2투,732,438,110,292,25,6,1,434,4,294
강원특별자치도,태백시,장성동,장성동제3투,419,265,54,197,11,1,0,263,2,154
강원특별자치도,태백시,구문소동,관내사전투표,720,720,302,389,24,5,0,720,0,0
강원특별자치도,태백시,구문소동,구문소동제1투,654,393,102,269,16,3,0,390,3,261
강원특별자치도,태백시,구문소동,구문소동제2투,422,263,59,188,10,3,0,260,3,159
강원특별자치도,태백시,철암동,관내사전투표,629,629,254,337,32,3,0,626,3,0
강원특별자치도,태백시,철암동,철암동제1투,572,356,79,265,6,2,0,352,4,216
강원특별자치도,태백시,철암동,철암동제2투,430,255,40,198,15,0,0,253,2,175
강원특별자치도,정선군,거소·선상투표,,74,73,27,33,9,0,1,70,3,1
강원특별자치도,정선군,관외사전투표,,2485,2485,1298,868,270,20,6,2462,23,0
강원특별자치도,정선군,재외투표,,85,65,53,9,3,0,0,65,0,20
강원특별자치도,정선군,정선읍,관내사전투표,2751,2751,1669,856,163,35,2,2725,26,0
강원특별자치도,정선군,정선읍,정선읍제1투,1054,713,201,478,20,5,2,706,7,341
강원특별자치도,정선군,정선읍,정선읍제2투,1132,729,232,453,32,6,0,723,6,403
강원특별자치도,정선군,정선읍,정선읍제3투,1152,723,281,399,34,4,1,719,4,429
강원특별자치도,정선군,정선읍,정선읍제4투,817,464,153,291,14,2,0,460,4,353
강원특별자치도,정선군,정선읍,정선읍제5투,506,372,109,248,11,1,0,369,3,134
강원특별자치도,정선군,정선읍,정선읍제6투,219,153,42,106,4,0,1,153,0,66
강원특별자치도,정선군,정선읍,정선읍제7투,212,160,68,86,3,1,1,159,1,52
강원특별자치도,정선군,고한읍,관내사전투표,1363,1363,749,504,89,9,1,1352,11,0
강원특별자치도,정선군,고한읍,고한읍제1투,477,248,75,160,11,0,1,247,1,229
강원특별자치도,정선군,고한읍,고한읍제2투,999,518,167,326,22,0,0,515,3,481
강원특별자치도,정선군,고한읍,고한읍제3투,648,400,146,225,23,3,1,398,2,248
강원특별자치도,정선군,사북읍,관내사전투표,1351,1351,770,497,67,11,1,1346,5,0
강원특별자치도,정선군,사북읍,사북읍제1투,1489,893,227,613,38,5,1,884,9,596
강원특별자치도,정선군,사북읍,사북읍제2투,740,443,97,331,15,0,0,443,0,297
강원특별자치도,정선군,신동읍,관내사전투표,711,711,401,273,26,3,0,703,8,0
강원특별자치도,정선군,신동읍,신동읍제1투,780,590,215,344,25,3,0,587,3,190
강원특별자치도,정선군,신동읍,신동읍제2투,582,362,104,242,12,2,0,360,2,220
강원특별자치도,정선군,신동읍,신동읍제3투,253,182,52,119,9,0,0,180,2,71
강원특별자치도,정선군,신동읍,신동읍제4투,322,228,78,140,8,1,0,227,1,94
강원특별자치도,정선군,화암면,관내사전투표,435,435,225,188,20,1,1,435,0,0
강원특별자치도,정선군,화암면,화암면제1투,684,447,109,321,7,3,0,440,7,237
강원특별자치도,정선군,화암면,화암면제2투,172,120,43,71,6,0,0,120,0,52
강원특별자치도,정선군,남면,관내사전투표,748,748,427,288,23,4,0,742,6,0
강원특별자치도,정선군,남면,남면제1투,498,318,106,195,15,1,0,317,1,180
강원특별자치도,정선군,남면,남면제2투,1003,644,171,446,17,3,1,638,6,359
강원특별자치도,정선군,남면,남면제3투,294,224,77,137,5,1,2,222,2,70
강원특별자치도,정선군,여량면,관내사전투표,575,575,277,261,29,2,2,571,4,0
강원특별자치도,정선군,여량면,여량면제1투,850,565,109,431,15,2,1,558,7,285
강원특별자치도,정선군,여량면,여량면제2투,186,142,28,111,3,0,0,142,0,44
강원특별자치도,정선군,북평면,관내사전투표,752,752,408,285,47,7,1,748,4,0
강원특별자치도,정선군,북평면,북평면제1투,829,545,136,384,19,2,0,541,4,284
강원특별자치도,정선군,북평면,북평면제2투,460,280,94,175,8,2,0,279,1,180
강원특별자치도,정선군,임계면,관내사전투표,1035,1035,483,487,50,8,1,1029,6,0
강원특별자치도,정선군,임계면,임계면제1투,653,413,112,273,20,4,0,409,4,240
강원특별자치도,정선군,임계면,임계면제2투,263,193,53,128,12,0,0,193,0,70
강원특별자치도,정선군,임계면,임계면제3투,424,249,66,171,8,1,1,247,2,175
강원특별자치도,정선군,임계면,임계면제4투,240,163,51,107,2,2,0,162,1,77
강원특별자치도,정선군,임계면,임계면제5투,274,194,52,135,5,1,0,193,1,80
